1 0.74453125 0.39609375 0.134375 0.165625
1 0.66796875 0.41015625 0.09921875 0.109375
1 0.48984375 0.47109375 0.1375 0.16796875
1 0.4609375 0.36875 0.10078125 0.08984375
1 0.265625 0.25859375 0.0984375 0.109375
1 0.196875 0.28125 0.07890625 0.08046875
1 0.34765625 0.478125 0.11875 0.14375
1 0.3 0.521875 0.1046875 0.1140625
1 0.71171875 0.65 0.0796875 0.10390625
1 0.67109375 0.5921875 0.07265625 0.08359375
1 0.8921875 0.50234375 0.09453125 0.10625
1 0.8765625 0.58671875 0.109375 0.12109375
1 0.94921875 0.6046875 0.06953125 0.103125
1 0.86953125 0.765625 0.09609375 0.10546875
1 0.0359375 0.82421875 0.071875 0.128125