1 0.3625 0.38828125 0.0859375 0.13125
1 0.4234375 0.4484375 0.0734375 0.09609375
1 0.20234375 0.22109375 0.0984375 0.10703125
1 0.49609375 0.17109375 0.07578125 0.06484375
1 0.37421875 0.03984375 0.0734375 0.0796875
1 0.46171875 0.021875 0.1015625 0.04375
1 0.484375 0.58984375 0.07578125 0.0984375
1 0.60546875 0.60390625 0.05078125 0.07265625
1 0.28359375 0.71875 0.0421875 0.05859375
1 0.715625 0.63828125 0.03984375 0.04921875
1 0.32265625 0.94921875 0.04453125 0.07421875
1 0.41796875 0.9234375 0.0359375 0.0625
1 0.18125 0.98125 0.0296875 0.03671875
1 0.2359375 0.9578125 0.03203125 0.05078125
1 0.93046875 0.2140625 0.0203125 0.01875