1 0.79140625 0.7765625 0.11171875 0.1375
1 0.63046875 0.61953125 0.11328125 0.14453125
1 0.57265625 0.54453125 0.084375 0.10625
1 0.51796875 0.4046875 0.0859375 0.1203125
1 0.71875 0.28203125 0.06640625 0.071875
1 0.40546875 0.39296875 0.0640625 0.075
1 0.51171875 0.828125 0.07421875 0.0921875
1 0.61015625 0.946875 0.07421875 0.10546875
1 0.53125 0.9671875 0.096875 0.065625
1 0.678125 0.05078125 0.0546875 0.0734375
1 0.74609375 0.03828125 0.0625 0.07578125
1 0.29609375 0.3375 0.075 0.1078125
1 0.58046875 0.0875 0.0625 0.09921875