1 0.690625 0.06484375 0.10078125 0.10546875
1 0.60078125 0.10859375 0.0765625 0.09140625
1 0.78515625 0.33046875 0.07265625 0.0859375
1 0.57890625 0.4515625 0.0421875 0.053125
1 0.915625 0.6234375 0.125 0.10546875
1 0.7 0.89140625 0.04296875 0.0578125
1 0.65625 0.96640625 0.05390625 0.0671875
1 0.12421875 0.31015625 0.04140625 0.0296875
1 0.5109375 0.7203125 0.03046875 0.04765625
1 0.45546875 0.5984375 0.02734375 0.05
1 0.32265625 0.5109375 0.034375 0.03984375
1 0.19921875 0.53203125 0.02734375 0.03671875
1 0.11875 0.60234375 0.03046875 0.04609375
1 0.0796875 0.60390625 0.03359375 0.05
1 0.28046875 0.9 0.03828125 0.0265625
1 0.19609375 0.39140625 0.0265625 0.0390625