1 0.85 0.4640625 0.11484375 0.13828125
1 0.6859375 0.22109375 0.11953125 0.15625
1 0.115625 0.196875 0.08359375 0.0921875
1 0.30234375 0.42109375 0.10625 0.1140625
1 0.38203125 0.32890625 0.03984375 0.06953125
1 0.50078125 0.28515625 0.0609375 0.06640625
1 0.44140625 0.29453125 0.05078125 0.03515625
1 0.5015625 0.3625 0.04375 0.03828125
1 0.1828125 0.596875 0.06875 0.05078125
1 0.1875 0.66171875 0.065625 0.06171875
1 0.30625 0.68203125 0.05625 0.0453125
1 0.28828125 0.7375 0.046875 0.046875
1 0.01796875 0.9078125 0.0359375 0.13125
1 0.07734375 0.8609375 0.05625 0.10234375
1 0.77109375 0.3109375 0.034375 0.046875