1 0.68203125 0.21640625 0.10703125 0.15078125
1 0.8515625 0.465625 0.1125 0.13359375
1 0.771875 0.30703125 0.028125 0.03515625
1 0.5 0.2796875 0.0671875 0.07265625
1 0.44140625 0.2953125 0.04453125 0.0328125
1 0.36796875 0.3203125 0.05234375 0.0703125
1 0.11015625 0.19296875 0.0875 0.10078125
1 0.29765625 0.41640625 0.096875 0.12421875
1 0.18046875 0.65703125 0.07578125 0.0859375
1 0.17421875 0.59609375 0.05546875 0.05703125
1 0.08125 0.8625 0.06875 0.0875
1 0.01875 0.90859375 0.0375 0.1265625
1 0.309375 0.68515625 0.08125 0.040625
1 0.275 0.7421875 0.02578125 0.05546875