1 0.73125 0.265625 0.13359375 0.09765625
1 0.68203125 0.3078125 0.1265625 0.09140625
1 0.6890625 0.41484375 0.15234375 0.11328125
1 0.6109375 0.4875 0.11796875 0.07734375
1 0.65234375 0.56328125 0.1953125 0.08984375
1 0.5453125 0.59296875 0.140625 0.10625
1 0.475 0.6484375 0.15 0.12109375
1 0.41328125 0.71875 0.0859375 0.11328125
1 0.3890625 0.790625 0.084375 0.06484375
1 0.2328125 0.42890625 0.10234375 0.08203125
1 0.57421875 0.23828125 0.0609375 0.08046875
1 0.95390625 0.43359375 0.0734375 0.065625