1 0.93125 0.2328125 0.05625 0.0640625
1 0.6296875 0.34765625 0.046875 0.09609375
1 0.67890625 0.40078125 0.02421875 0.05078125
1 0.2734375 0.075 0.028125 0.05859375
1 0.38984375 0.1984375 0.04140625 0.04609375
1 0.5046875 0.24296875 0.01875 0.0546875
1 0.5328125 0.1046875 0.0328125 0.04140625
1 0.5609375 0.45546875 0.05078125 0.09453125
1 0.49140625 0.4203125 0.06796875 0.1203125
1 0.5125 0.5203125 0.04296875 0.053125
1 0.584375 0.58515625 0.05546875 0.11484375
1 0.528125 0.6078125 0.04296875 0.090625
1 0.703125 0.70859375 0.0390625 0.04453125
1 0.66875 0.79765625 0.0421875 0.1046875
1 0.17890625 0.86015625 0.0421875 0.07890625
1 0.240625 0.65625 0.046875 0.08828125
1 0.22421875 0.5875 0.02890625 0.034375
1 0.05390625 0.42734375 0.0515625 0.040625
1 0.0171875 0.38125 0.034375 0.0375
1 0.3734375 0.7828125 0.03125 0.0453125