1 0.78984375 0.340625 0.075 0.05
1 0.715625 0.296875 0.04453125 0.03671875
1 0.58828125 0.41875 0.1046875 0.0515625
1 0.61640625 0.45390625 0.07578125 0.0421875
1 0.5234375 0.48359375 0.06015625 0.05859375
1 0.4640625 0.44453125 0.096875 0.0546875
1 0.4234375 0.49921875 0.11640625 0.07890625
1 0.23046875 0.06015625 0.05 0.06953125
1 0.3515625 0.3671875 0.08984375 0.05546875
1 0.2 0.60625 0.0484375 0.03125
1 0.07578125 0.72578125 0.0609375 0.04140625
1 0.3859375 0.98046875 0.04609375 0.0390625
1 0.58671875 0.7765625 0.04765625 0.0421875
1 0.8640625 0.815625 0.06953125 0.05
1 0.64921875 0.76171875 0.065625 0.03828125