1 0.56015625 0.4609375 0.0453125 0.09375
1 0.63046875 0.34609375 0.04375 0.1046875
1 0.50078125 0.41953125 0.0546875 0.1125
1 0.6765625 0.3984375 0.02890625 0.05390625
1 0.271875 0.0796875 0.03203125 0.06015625
1 0.0171875 0.3828125 0.034375 0.05859375
1 0.58046875 0.5890625 0.05 0.07421875
1 0.52265625 0.51875 0.0359375 0.053125
1 0.21484375 0.58671875 0.034375 0.05078125
1 0.23203125 0.65625 0.0375 0.04453125
1 0.175 0.86484375 0.03984375 0.05234375
1 0.66484375 0.79765625 0.053125 0.0953125
1 0.70234375 0.71171875 0.03671875 0.053125
1 0.92734375 0.23203125 0.05859375 0.0796875
1 0.38671875 0.1984375 0.040625 0.06171875
1 0.5015625 0.23828125 0.03359375 0.0390625