1 0.6625 0.596875 0.1515625 0.14609375
1 0.71015625 0.6109375 0.09296875 0.1
1 0.51796875 0.61484375 0.0859375 0.0546875
1 0.440625 0.57421875 0.171875 0.11640625
1 0.46875 0.47578125 0.190625 0.128125
1 0.46875 0.6640625 0.09453125 0.0890625
1 0.21484375 0.72109375 0.0984375 0.1015625
1 0.2765625 0.684375 0.09375 0.1078125
1 0.2296875 0.79609375 0.16015625 0.1234375
1 0.1828125 0.90234375 0.14765625 0.11796875
1 0.06484375 0.8140625 0.1296875 0.1125
1 0.06328125 0.903125 0.1265625 0.125
1 0.33046875 0.16875 0.14921875 0.11171875
1 0.403125 0.1140625 0.096875 0.09375
1 0.1 0.19375 0.1421875 0.11328125