1 0.90703125 0.8109375 0.0953125 0.13515625
1 0.90546875 0.94453125 0.1078125 0.1109375
1 0.80234375 0.93203125 0.08828125 0.121875
1 0.79765625 0.75703125 0.0859375 0.121875
1 0.7140625 0.77578125 0.0671875 0.05625
1 0.70625 0.71875 0.0640625 0.04609375
1 0.728125 0.56796875 0.06953125 0.0609375
1 0.65234375 0.52578125 0.059375 0.09375
1 0.60546875 0.453125 0.040625 0.03671875
1 0.5703125 0.55625 0.10078125 0.13984375
1 0.47265625 0.54140625 0.08359375 0.1328125
1 0.18671875 0.91484375 0.08828125 0.10390625
1 0.16953125 0.68125 0.10390625 0.09296875
1 0.11015625 0.590625 0.0765625 0.0796875
1 0.6 0.3171875 0.1109375 0.165625