1 0.56015625 0.55 0.1078125 0.15234375
1 0.59140625 0.3453125 0.103125 0.115625
1 0.6109375 0.2828125 0.075 0.09296875
1 0.61015625 0.46875 0.0515625 0.0515625
1 0.64140625 0.50546875 0.06015625 0.0453125
1 0.65859375 0.55390625 0.0453125 0.05234375
1 0.471875 0.55078125 0.071875 0.1171875
1 0.11015625 0.59765625 0.07890625 0.0828125
1 0.1890625 0.66953125 0.071875 0.09296875
1 0.14921875 0.69609375 0.06328125 0.075
1 0.8 0.75703125 0.08828125 0.1109375
1 0.9015625 0.81640625 0.08515625 0.12421875
1 0.90546875 0.93984375 0.103125 0.1203125
1 0.815625 0.9375 0.08359375 0.1203125
1 0.71875 0.78046875 0.08125 0.0515625
1 0.69921875 0.73203125 0.071875 0.06484375
1 0.1859375 0.909375 0.08046875 0.11484375
1 0.71953125 0.56796875 0.06171875 0.06796875