1 0.809375 0.0953125 0.1203125 0.09765625
1 0.93828125 0.0875 0.11171875 0.109375
1 0.9359375 0.1890625 0.128125 0.07734375
1 0.75546875 0.19921875 0.11875 0.07734375
1 0.78984375 0.2734375 0.1125 0.065625
1 0.721875 0.28671875 0.05703125 0.04921875
1 0.553125 0.4234375 0.16171875 0.109375
1 0.55078125 0.5265625 0.1421875 0.1125
1 0.3484375 0.41328125 0.1265625 0.11015625
1 0.53125 0.340625 0.0859375 0.07734375
1 0.2875 0.36484375 0.1 0.0875
1 0.9171875 0.809375 0.1125 0.10234375
1 0.6765625 0.82109375 0.11640625 0.10390625
1 0.59765625 0.88359375 0.11328125 0.084375