1 0.84140625 0.08671875 0.13515625 0.08046875
1 0.88671875 0.025 0.1640625 0.05
1 0.74609375 0.01953125 0.175 0.03828125
1 0.6921875 0.0984375 0.16796875 0.09453125
1 0.7015625 0.17109375 0.1234375 0.08984375
1 0.63359375 0.21171875 0.07265625 0.0796875
1 0.4765625 0.1546875 0.10625 0.084375
1 0.434375 0.2015625 0.12265625 0.0921875
1 0.434375 0.28828125 0.18046875 0.12109375
1 0.425 0.38515625 0.17265625 0.1015625
1 0.35078125 0.2453125 0.11953125 0.0671875
1 0.23515625 0.25546875 0.1453125 0.125
1 0.96875 0.55078125 0.0625 0.0828125
1 0.76640625 0.7046875 0.1078125 0.1109375
1 0.5328125 0.71015625 0.11640625 0.1484375
1 0.446875 0.77109375 0.0984375 0.09453125
1 0.98515625 0.753125 0.0296875 0.06484375
1 0.67265625 0.9328125 0.096875 0.07734375