1 0.75234375 0.21484375 0.109375 0.15078125
1 0.89765625 0.6671875 0.084375 0.11484375
1 0.978125 0.72578125 0.04375 0.1203125
1 0.971875 0.8578125 0.05625 0.1265625
1 0.8984375 0.84609375 0.07578125 0.11796875
1 0.4578125 0.965625 0.0703125 0.06796875
1 0.24921875 0.9875 0.04296875 0.025
1 0.2875 0.7671875 0.0875 0.125
1 0.29296875 0.54296875 0.10078125 0.11484375
1 0.215625 0.4390625 0.0734375 0.084375
1 0.065625 0.66953125 0.07734375 0.0859375
1 0.84609375 0.46796875 0.06875 0.1015625
1 0.59765625 0.41875 0.0984375 0.13125
1 0.70625 0.4296875 0.10625 0.1609375
1 0.78671875 0.42578125 0.0375 0.11953125
1 0.79453125 0.628125 0.0734375 0.0625
1 0.815625 0.68671875 0.0734375 0.0359375