1 0.753125 0.23125 0.13046875 0.15078125
1 0.71796875 0.43203125 0.1875 0.17421875
1 0.596875 0.41953125 0.10078125 0.1328125
1 0.90390625 0.66953125 0.1015625 0.14296875
1 0.8125 0.68203125 0.09375 0.0875
1 0.7875 0.6359375 0.0859375 0.08515625
1 0.90625 0.85 0.1171875 0.1515625
1 0.9734375 0.865625 0.053125 0.134375
1 0.97734375 0.73671875 0.0453125 0.128125
1 0.2875 0.75859375 0.1 0.11875
1 0.25859375 0.55078125 0.09140625 0.1078125
1 0.3 0.51640625 0.0875 0.1125
1 0.2171875 0.44296875 0.09296875 0.10546875
1 0.4578125 0.96796875 0.075 0.0640625