1 0.98203125 0.734375 0.0359375 0.11640625
1 0.97421875 0.865625 0.0515625 0.134375
1 0.90546875 0.84609375 0.0734375 0.1171875
1 0.90234375 0.67890625 0.08828125 0.12109375
1 0.815625 0.709375 0.09375 0.10625
1 0.7859375 0.634375 0.07890625 0.0578125
1 0.740625 0.2265625 0.10390625 0.11015625
1 0.76640625 0.16953125 0.0703125 0.0796875
1 0.8421875 0.4671875 0.075 0.084375
1 0.7859375 0.43125 0.0609375 0.096875
1 0.74453125 0.36171875 0.04453125 0.04609375
1 0.70859375 0.43984375 0.11484375 0.13125
1 0.61015625 0.42265625 0.0828125 0.128125
1 0.30390625 0.51875 0.06640625 0.0890625
1 0.265625 0.5453125 0.0609375 0.07109375
1 0.22109375 0.453125 0.06484375 0.08203125
1 0.2859375 0.7625 0.06953125 0.1015625
1 0.065625 0.66796875 0.07734375 0.084375
1 0.4515625 0.97109375 0.05 0.05703125
1 0.25 0.984375 0.046875 0.03046875