1 0.6859375 0.815625 0.053125 0.05703125
1 0.72578125 0.7109375 0.02734375 0.04921875
1 0.59765625 0.73671875 0.04453125 0.040625
1 0.39609375 0.68515625 0.08046875 0.10078125
1 0.51484375 0.6015625 0.046875 0.09375
1 0.56953125 0.59296875 0.0421875 0.084375
1 0.62109375 0.47734375 0.06953125 0.1078125
1 0.53359375 0.48359375 0.0734375 0.08984375
1 0.5984375 0.19609375 0.0609375 0.07578125
1 0.63046875 0.13828125 0.05 0.04296875
1 0.14296875 0.44296875 0.03046875 0.06640625
1 0.215625 0.55625 0.08828125 0.10234375
1 0.1140625 0.60703125 0.10234375 0.09765625
1 0.23046875 0.78203125 0.0765625 0.09296875
1 0.1953125 0.946875 0.1015625 0.10234375
1 0.02734375 0.7046875 0.05078125 0.05
1 0.2125 0.296875 0.03046875 0.02578125