1 0.80234375 0.31171875 0.06953125 0.0671875
1 0.6 0.4296875 0.10625 0.05703125
1 0.6046875 0.4765625 0.0890625 0.071875
1 0.484375 0.4546875 0.07734375 0.075
1 0.475 0.35703125 0.09609375 0.0828125
1 0.2015625 0.40234375 0.07734375 0.05625
1 0.14765625 0.36328125 0.0609375 0.046875
1 0.6890625 0.6015625 0.07734375 0.0859375
1 0.77890625 0.76640625 0.09609375 0.1234375
1 0.93984375 0.7828125 0.1203125 0.09140625
1 0.971875 0.834375 0.05625 0.09375
1 0.609375 0.89140625 0.11015625 0.08984375
1 0.62265625 0.8390625 0.10859375 0.0765625
1 0.571875 0.78671875 0.1203125 0.1