1 0.803125 0.59296875 0.08125 0.08515625
1 0.859375 0.6234375 0.0546875 0.05546875
1 0.5296875 0.625 0.09921875 0.0796875
1 0.53046875 0.54921875 0.11171875 0.08359375
1 0.39765625 0.515625 0.1015625 0.0859375
1 0.4109375 0.5671875 0.09140625 0.065625
1 0.1796875 0.68828125 0.071875 0.0625
1 0.31875 0.4046875 0.11484375 0.09296875
1 0.228125 0.228125 0.12578125 0.08125
1 0.06015625 0.2171875 0.1203125 0.09609375
1 0.4109375 0.1171875 0.1390625 0.11484375
1 0.3859375 0.17109375 0.07890625 0.05234375
1 0.44296875 0.20625 0.15 0.08046875
1 0.553125 0.1390625 0.09296875 0.04140625