1 0.63046875 0.1515625 0.06875 0.075
1 0.596875 0.2015625 0.0734375 0.08671875
1 0.6265625 0.4765625 0.0703125 0.1078125
1 0.63203125 0.41015625 0.05078125 0.04140625
1 0.54453125 0.48125 0.06328125 0.08515625
1 0.50859375 0.49375 0.025 0.0828125
1 0.565625 0.59296875 0.0421875 0.0828125
1 0.5171875 0.60390625 0.0609375 0.09921875
1 0.39765625 0.69453125 0.06171875 0.0765625
1 0.22578125 0.7875 0.08359375 0.10703125
1 0.21015625 0.95234375 0.07265625 0.0953125
1 0.1546875 0.959375 0.04296875 0.0640625
1 0.1046875 0.609375 0.08125 0.10546875
1 0.159375 0.6109375 0.04296875 0.08671875
1 0.20703125 0.55625 0.08984375 0.09765625
1 0.14609375 0.4375 0.025 0.059375
1 0.6890625 0.815625 0.03984375 0.0703125
1 0.59765625 0.73203125 0.0453125 0.04921875
1 0.72265625 0.71328125 0.03203125 0.05234375
1 0.80078125 0.025 0.0546875 0.04765625
1 0.0296875 0.7015625 0.05859375 0.0421875