1 0.95703125 0.23671875 0.08515625 0.10859375
1 0.6703125 0.43359375 0.0875 0.08671875
1 0.67265625 0.39609375 0.08046875 0.0546875
1 0.38515625 0.6265625 0.0875 0.09375
1 0.43671875 0.60390625 0.05703125 0.0703125
1 0.646875 0.7078125 0.08359375 0.11171875
1 0.55625 0.70625 0.09375 0.07734375
1 0.5234375 0.7703125 0.06484375 0.071875
1 0.603125 0.78828125 0.0859375 0.08046875
1 0.95078125 0.9203125 0.0828125 0.0953125
1 0.29765625 0.340625 0.1203125 0.0921875
1 0.2578125 0.47890625 0.0671875 0.06484375
1 0.17265625 0.4984375 0.10625 0.07734375
1 0.078125 0.528125 0.0875 0.06171875
1 0.2515625 0.2328125 0.0984375 0.0578125
1 0.51015625 0.1453125 0.06640625 0.065625
1 0.58828125 0.26640625 0.05703125 0.05625