1 0.9234375 0.0546875 0.06015625 0.06328125
1 0.7765625 0.47109375 0.05546875 0.084375
1 0.709375 0.43984375 0.06328125 0.0828125
1 0.70703125 0.35078125 0.08046875 0.08046875
1 0.784375 0.40078125 0.053125 0.046875
1 0.62734375 0.6203125 0.0734375 0.06953125
1 0.61640625 0.56171875 0.07890625 0.03359375
1 0.4375 0.3265625 0.04453125 0.0734375
1 0.39375 0.3171875 0.03671875 0.07421875
1 0.23671875 0.0359375 0.06484375 0.0671875
1 0.18125 0.11796875 0.03125 0.0453125
1 0.26328125 0.409375 0.046875 0.06015625
1 0.1328125 0.428125 0.03359375 0.04765625
1 0.14296875 0.34765625 0.0421875 0.04375
1 0.14921875 0.49140625 0.02890625 0.05234375
1 0.19453125 0.48984375 0.0390625 0.04921875
1 0.4828125 0.75078125 0.04453125 0.0609375
1 0.48984375 0.8265625 0.0578125 0.059375
1 0.528125 0.91875 0.0578125 0.08125
1 0.3390625 0.71015625 0.07265625 0.078125
1 0.33046875 0.64140625 0.0546875 0.04453125
1 0.21875 0.7484375 0.07265625 0.075