1 0.7078125 0.27890625 0.07109375 0.11328125
1 0.6125 0.3 0.1 0.1078125
1 0.58125 0.346875 0.06484375 0.0484375
1 0.7625 0.16171875 0.03671875 0.06015625
1 0.79765625 0.1859375 0.03203125 0.0390625
1 0.40390625 0.3015625 0.08203125 0.0734375
1 0.34609375 0.33203125 0.10546875 0.1078125
1 0.428125 0.35390625 0.0671875 0.08203125
1 0.4015625 0.53046875 0.0859375 0.09375
1 0.33125 0.52578125 0.065625 0.12109375
1 0.2890625 0.5484375 0.065625 0.07578125
1 0.3546875 0.59453125 0.07421875 0.071875
1 0.2953125 0.62890625 0.1046875 0.11484375
1 0.3265625 0.70625 0.071875 0.07734375
1 0.26484375 0.70859375 0.08671875 0.09296875
1 0.18671875 0.31015625 0.05859375 0.07421875
1 0.8828125 0.5875 0.0859375 0.08515625
1 0.90703125 0.68046875 0.075 0.084375
1 0.5671875 0.70859375 0.07890625 0.103125
1 0.5765625 0.49140625 0.09140625 0.10078125
1 0.6640625 0.40703125 0.06328125 0.10859375