1 0.60234375 0.46015625 0.0734375 0.1125
1 0.6640625 0.4765625 0.06328125 0.08203125
1 0.7125 0.45 0.0546875 0.07109375
1 0.65 0.3921875 0.05234375 0.0734375
1 0.7046875 0.36328125 0.08671875 0.10078125
1 0.6765625 0.2859375 0.04140625 0.053125
1 0.71875 0.28125 0.05625 0.08046875
1 0.65390625 0.67109375 0.065625 0.103125
1 0.5921875 0.70390625 0.0640625 0.0828125
1 0.3765625 0.7015625 0.07109375 0.09375
1 0.28359375 0.71171875 0.08203125 0.09921875
1 0.103125 0.32578125 0.07265625 0.0734375
1 0.10859375 0.41328125 0.05078125 0.0625
1 0.43046875 0.5 0.071875 0.10703125
1 0.80859375 0.69140625 0.05390625 0.06328125