1 0.69765625 0.34765625 0.08828125 0.08046875
1 0.6515625 0.371875 0.06015625 0.0703125
1 0.5765625 0.4140625 0.11875 0.07421875
1 0.51171875 0.3765625 0.10546875 0.07421875
1 0.47890625 0.428125 0.1046875 0.06015625
1 0.446875 0.47734375 0.0984375 0.0671875
1 0.17890625 0.51796875 0.1078125 0.06796875
1 0.16640625 0.56796875 0.07734375 0.0671875
1 0.3140625 0.615625 0.0421875 0.05
1 0.53515625 0.60234375 0.109375 0.0875
1 0.5296875 0.67890625 0.13046875 0.0765625
1 0.64140625 0.67890625 0.0984375 0.08125
1 0.3453125 0.775 0.103125 0.096875
1 0.38515625 0.946875 0.0984375 0.10546875
1 0.490625 0.975 0.07890625 0.05
1 0.2140625 0.96328125 0.0609375 0.0515625
1 0.290625 0.296875 0.06484375 0.053125
1 0.2046875 0.2015625 0.0421875 0.05546875
1 0.17109375 0.14609375 0.0484375 0.03984375
1 0.1328125 0.16328125 0.0359375 0.03671875
1 0.15390625 0.1890625 0.04140625 0.03984375
1 0.26640625 0.25078125 0.1109375 0.0625
1 0.75234375 0.721875 0.04921875 0.04921875