1 0.984375 0.5125 0.03125 0.0765625
1 0.9546875 0.50390625 0.0375 0.05625
1 0.94609375 0.61796875 0.07421875 0.1046875
1 0.9875 0.625 0.025 0.075
1 0.77421875 0.6578125 0.06484375 0.08359375
1 0.61171875 0.67578125 0.090625 0.0515625
1 0.575 0.81796875 0.06171875 0.09140625
1 0.51484375 0.82421875 0.05703125 0.08671875
1 0.67265625 0.46875 0.08359375 0.10078125
1 0.6046875 0.48203125 0.0625 0.0953125
1 0.67421875 0.34765625 0.06015625 0.0625
1 0.7203125 0.2453125 0.05 0.05
1 0.3484375 0.30390625 0.05703125 0.0640625
1 0.36796875 0.35703125 0.05546875 0.0375
1 0.409375 0.415625 0.06328125 0.07890625
1 0.37578125 0.5 0.0578125 0.08203125
1 0.42734375 0.5265625 0.059375 0.0828125
1 0.48046875 0.5609375 0.05 0.07109375
1 0.18515625 0.44296875 0.028125 0.04453125
1 0.3015625 0.71171875 0.0296875 0.0671875
1 0.265625 0.71953125 0.0328125 0.08125
1 0.24609375 0.75625 0.05703125 0.04375
1 0.18671875 0.72890625 0.02265625 0.0296875
1 0.20234375 0.79375 0.0484375 0.04296875
1 0.19375 0.8375 0.028125 0.0375
1 0.146875 0.8328125 0.03671875 0.04140625
1 0.1625 0.8671875 0.028125 0.0265625
1 0.0625 0.6578125 0.0453125 0.05078125