1 0.61015625 0.48125 0.09921875 0.11328125
1 0.6796875 0.459375 0.09609375 0.10625
1 0.94609375 0.61171875 0.1078125 0.10390625
1 0.76875 0.65859375 0.0859375 0.09375
1 0.9734375 0.50390625 0.053125 0.0640625
1 0.6125 0.67265625 0.08359375 0.0796875
1 0.575 0.828125 0.07734375 0.096875
1 0.515625 0.82265625 0.0828125 0.103125
1 0.30625 0.72265625 0.07890625 0.078125
1 0.203125 0.79765625 0.059375 0.0625
1 0.1546875 0.84140625 0.0375 0.04921875
1 0.19609375 0.84375 0.03984375 0.04765625
1 0.42890625 0.53515625 0.08984375 0.0984375
1 0.484375 0.5609375 0.0734375 0.08046875
1 0.378125 0.49140625 0.07890625 0.06953125
1 0.40859375 0.41953125 0.08125 0.10078125
1 0.36640625 0.3546875 0.07734375 0.05703125
1 0.34921875 0.29765625 0.07421875 0.0609375
1 0.684375 0.34453125 0.0671875 0.0734375
1 0.728125 0.23828125 0.075 0.0640625