1 0.9484375 0.61640625 0.07890625 0.08984375
1 0.98515625 0.5125 0.0296875 0.075
1 0.98515625 0.61328125 0.0296875 0.0796875
1 0.76796875 0.659375 0.0609375 0.0765625
1 0.621875 0.678125 0.05234375 0.0484375
1 0.57265625 0.81875 0.0609375 0.1015625
1 0.51640625 0.82578125 0.0546875 0.0859375
1 0.68046875 0.46875 0.07109375 0.0921875
1 0.671875 0.34375 0.05078125 0.07265625
1 0.6046875 0.46953125 0.071875 0.08515625
1 0.478125 0.5609375 0.03671875 0.0625
1 0.434375 0.52421875 0.059375 0.0953125
1 0.37734375 0.4953125 0.06171875 0.05625
1 0.40859375 0.41015625 0.065625 0.05859375
1 0.3703125 0.35859375 0.05625 0.0578125
1 0.3453125 0.30234375 0.06015625 0.0609375
1 0.72578125 0.24453125 0.04765625 0.03828125
1 0.30234375 0.715625 0.03046875 0.05703125
1 0.27265625 0.72734375 0.03515625 0.0796875
1 0.25390625 0.77265625 0.05390625 0.03359375
1 0.2078125 0.8 0.0515625 0.05625
1 0.19765625 0.8421875 0.03515625 0.034375
1 0.15546875 0.8421875 0.0359375 0.034375
1 0.159375 0.865625 0.02578125 0.03203125
1 0.19140625 0.73515625 0.03125 0.02890625
1 0.18671875 0.44765625 0.0453125 0.0359375
1 0.05859375 0.6515625 0.03359375 0.0484375
1 0.96171875 0.78359375 0.04296875 0.0546875