1 0.971875 0.4828125 0.05625 0.09296875
1 0.9625 0.5859375 0.0625 0.07734375
1 0.9078125 0.46953125 0.04453125 0.04375
1 0.78671875 0.28046875 0.06796875 0.05703125
1 0.82265625 0.91875 0.0484375 0.05390625
1 0.721875 0.803125 0.0640625 0.08125
1 0.465625 0.98515625 0.04296875 0.02265625
1 0.3484375 0.984375 0.0625 0.03125
1 0.309375 0.91015625 0.04375 0.04765625
1 0.53671875 0.92109375 0.03359375 0.03984375
1 0.48046875 0.88203125 0.03125 0.0296875
1 0.5515625 0.71953125 0.075 0.07421875
1 0.36171875 0.7359375 0.03046875 0.0265625
1 0.31875 0.71171875 0.028125 0.03203125
1 0.15390625 0.86171875 0.05625 0.06484375
1 0.04453125 0.81015625 0.065625 0.06484375
1 0.63828125 0.55546875 0.07265625 0.1078125
1 0.6328125 0.6484375 0.06484375 0.0734375
1 0.5625 0.64375 0.06171875 0.05625
1 0.56875 0.559375 0.0625 0.096875
1 0.5015625 0.565625 0.06171875 0.1171875
1 0.44609375 0.5203125 0.04609375 0.09140625
1 0.3890625 0.5625 0.05859375 0.11484375
1 0.4578125 0.40859375 0.06171875 0.065625
1 0.46328125 0.3203125 0.06875 0.0953125
1 0.303125 0.39140625 0.084375 0.09296875
1 0.28671875 0.3125 0.05546875 0.053125
1 0.034375 0.53515625 0.0421875 0.06328125
1 0.09453125 0.53125 0.04453125 0.05546875
1 0.16796875 0.39609375 0.02265625 0.0328125
1 0.81015625 0.53359375 0.04296875 0.053125