1 0.7640625 0.19296875 0.0671875 0.0859375
1 0.79765625 0.16796875 0.07578125 0.06796875
1 0.7125 0.11796875 0.07578125 0.05859375
1 0.66953125 0.08359375 0.06484375 0.07421875
1 0.7203125 0.49375 0.053125 0.0625
1 0.6671875 0.52421875 0.0703125 0.04921875
1 0.4296875 0.50859375 0.075 0.0765625
1 0.375 0.57734375 0.05703125 0.05859375
1 0.35390625 0.615625 0.0515625 0.05625
1 0.15546875 0.74140625 0.08203125 0.071875
1 0.1265625 0.53203125 0.06171875 0.04375
1 0.403125 0.39609375 0.065625 0.07578125
1 0.3875 0.3140625 0.0765625 0.07265625
1 0.334375 0.359375 0.06015625 0.07109375
1 0.31015625 0.328125 0.0765625 0.0453125
1 0.271875 0.29375 0.04765625 0.04140625
1 0.72265625 0.45546875 0.05859375 0.05625
1 0.66640625 0.40078125 0.05234375 0.04296875
1 0.54375 0.41640625 0.0578125 0.0359375
1 0.2125 0.01953125 0.05703125 0.0375