1 0.73671875 0.85390625 0.0640625 0.0734375
1 0.53203125 0.8859375 0.046875 0.0609375
1 0.59921875 0.63203125 0.0671875 0.0703125
1 0.4921875 0.57578125 0.05390625 0.0609375
1 0.2984375 0.728125 0.0515625 0.04921875
1 0.32890625 0.68515625 0.0359375 0.04296875
1 0.3140625 0.61171875 0.053125 0.0609375
1 0.365625 0.6578125 0.03828125 0.0609375
1 0.39296875 0.5953125 0.046875 0.04609375
1 0.41796875 0.45 0.0515625 0.05625
1 0.02109375 0.7890625 0.03515625 0.04921875
1 0.825 0.721875 0.04296875 0.03671875
1 0.52421875 0.31796875 0.05 0.0453125
1 0.48671875 0.271875 0.0328125 0.04375
1 0.453125 0.2671875 0.03046875 0.04609375
1 0.40703125 0.33203125 0.04765625 0.0453125
1 0.2390625 0.20546875 0.04453125 0.04140625
1 0.17578125 0.2078125 0.0703125 0.0984375
1 0.121875 0.28125 0.06875 0.0546875
1 0.084375 0.33984375 0.06484375 0.03203125
1 0.4875 0.1140625 0.034375 0.04140625