1 0.7375 0.86171875 0.0828125 0.1046875
1 0.4921875 0.27734375 0.05546875 0.05078125
1 0.184375 0.2234375 0.08046875 0.0765625
1 0.121875 0.28828125 0.07265625 0.08984375
1 0.4484375 0.2671875 0.05390625 0.04140625
1 0.496875 0.57109375 0.04921875 0.07421875
1 0.4109375 0.440625 0.059375 0.06875
1 0.57421875 0.62734375 0.04453125 0.06796875
1 0.61484375 0.64453125 0.0515625 0.06640625
1 0.32109375 0.61484375 0.06640625 0.0859375
1 0.36171875 0.653125 0.0671875 0.08359375
1 0.32734375 0.6921875 0.046875 0.05
1 0.29140625 0.72890625 0.03359375 0.06328125