1 0.76796875 0.31640625 0.05 0.0828125
1 0.659375 0.31875 0.0578125 0.11953125
1 0.70546875 0.44921875 0.046875 0.08515625
1 0.659375 0.4578125 0.03515625 0.0578125
1 0.52890625 0.259375 0.0625 0.0921875
1 0.475 0.09453125 0.0546875 0.078125
1 0.3265625 0.37265625 0.04375 0.05859375
1 0.40078125 0.41328125 0.0203125 0.053125
1 0.48671875 0.33671875 0.025 0.059375
1 0.5671875 0.67109375 0.03359375 0.0921875
1 0.478125 0.76796875 0.0453125 0.08046875
1 0.42734375 0.746875 0.04296875 0.0875
1 0.34140625 0.6078125 0.04453125 0.03515625
1 0.28046875 0.5765625 0.05 0.05234375
1 0.84140625 0.98359375 0.0421875 0.0328125