1 0.98515625 0.346875 0.0296875 0.04375
1 0.90859375 0.3671875 0.06171875 0.05703125
1 0.7953125 0.290625 0.04375 0.059375
1 0.8375 0.55 0.06171875 0.084375
1 0.59765625 0.42421875 0.075 0.0734375
1 0.5734375 0.4859375 0.06640625 0.05859375
1 0.54296875 0.4375 0.05 0.05078125
1 0.53515625 0.38203125 0.053125 0.0734375
1 0.4828125 0.346875 0.0625 0.065625
1 0.49453125 0.42265625 0.05234375 0.06171875
1 0.27890625 0.45078125 0.06875 0.07421875
1 0.5140625 0.68203125 0.059375 0.0734375
1 0.465625 0.67734375 0.04296875 0.06484375
1 0.6546875 0.72578125 0.05625 0.0625
1 0.384375 0.871875 0.0484375 0.08359375
1 0.33125 0.9078125 0.0234375 0.05
1 0.1421875 0.79140625 0.0625 0.07890625
1 0.18984375 0.84453125 0.05546875 0.05546875
1 0.08984375 0.69140625 0.04609375 0.0515625
1 0.128125 0.740625 0.02890625 0.03046875
1 0.11328125 0.93359375 0.04921875 0.06171875
1 0.04375 0.94140625 0.078125 0.06328125
1 0.0296875 0.88359375 0.059375 0.0546875
1 0.7859375 0.7890625 0.0296875 0.04375
1 0.8203125 0.77109375 0.0359375 0.02890625
1 0.821875 0.721875 0.04921875 0.03828125
1 0.828125 0.80546875 0.06875 0.05
1 0.2828125 0.57109375 0.0375 0.03828125
1 0.603125 0.58671875 0.0375 0.04765625
1 0.615625 0.5390625 0.03515625 0.028125
1 0.56015625 0.53984375 0.03203125 0.0421875