1 0.640625 0.48125 0.10234375 0.07578125
1 0.61328125 0.53203125 0.08515625 0.09140625
1 0.56484375 0.4921875 0.10078125 0.08125
1 0.55234375 0.53515625 0.0703125 0.0546875
1 0.5734375 0.59296875 0.10078125 0.11640625
1 0.51796875 0.5765625 0.07109375 0.090625
1 0.32109375 0.51328125 0.09765625 0.06015625
1 0.32109375 0.47109375 0.0828125 0.06015625
1 0.54609375 0.278125 0.08984375 0.09609375
1 0.14609375 0.384375 0.06328125 0.0578125
1 0.2765625 0.665625 0.0734375 0.08046875
1 0.4453125 0.83046875 0.07421875 0.0640625
1 0.19765625 0.140625 0.096875 0.07578125
1 0.05703125 0.03046875 0.0890625 0.0609375
1 0.15 0.17578125 0.08046875 0.0875