1 0.40234375 0.71875 0.06796875 0.103125
1 0.4859375 0.73203125 0.0703125 0.08046875
1 0.57109375 0.82890625 0.0703125 0.1046875
1 0.7125 0.78125 0.0484375 0.08359375
1 0.9046875 0.5625 0.065625 0.05703125
1 0.953125 0.53984375 0.08828125 0.075
1 0.91640625 0.4625 0.07734375 0.06953125
1 0.58984375 0.44375 0.06015625 0.06328125
1 0.45859375 0.48828125 0.0640625 0.06875
1 0.459375 0.159375 0.065625 0.065625
1 0.52734375 0.19765625 0.05703125 0.0671875
1 0.36875 0.27421875 0.059375 0.07734375
1 0.3390625 0.5046875 0.04375 0.0578125
1 0.31796875 0.57421875 0.0484375 0.0640625
1 0.34765625 0.603125 0.04375 0.06796875
1 0.153125 0.7140625 0.05 0.05546875