1 0.57890625 0.44765625 0.04609375 0.053125
1 0.45703125 0.48046875 0.0515625 0.06640625
1 0.4578125 0.15078125 0.04375 0.06015625
1 0.36484375 0.27421875 0.0453125 0.071875
1 0.93046875 0.46484375 0.05703125 0.06953125
1 0.94296875 0.5375 0.04609375 0.05546875
1 0.89921875 0.559375 0.0515625 0.059375
1 0.71015625 0.78125 0.06015625 0.0765625
1 0.58359375 0.83828125 0.06484375 0.084375
1 0.56171875 0.7859375 0.03515625 0.04140625
1 0.4859375 0.72734375 0.04375 0.07578125
1 0.40546875 0.71640625 0.06015625 0.103125
1 0.35546875 0.5828125 0.040625 0.06171875
1 0.33203125 0.49609375 0.0421875 0.04921875
1 0.31875 0.57421875 0.03203125 0.06328125
1 0.1390625 0.65390625 0.0328125 0.03046875
1 0.140625 0.703125 0.04609375 0.05859375
1 0.56171875 0.940625 0.03515625 0.04453125
1 0.3859375 0.98828125 0.02890625 0.0234375
1 0.825 0.67890625 0.04921875 0.0359375
1 0.5046875 0.43046875 0.02734375 0.08125