1 0.85625 0.4671875 0.09140625 0.084375
1 0.78671875 0.51484375 0.0640625 0.06328125
1 0.5125 0.465625 0.07578125 0.0765625
1 0.5578125 0.484375 0.0703125 0.0703125
1 0.54921875 0.578125 0.090625 0.0609375
1 0.72890625 0.36640625 0.05546875 0.08515625
1 0.5109375 0.33125 0.07265625 0.06875
1 0.44140625 0.3171875 0.07734375 0.04609375
1 0.4140625 0.35703125 0.075 0.0828125
1 0.29140625 0.41015625 0.10234375 0.09296875
1 0.3234375 0.45234375 0.07578125 0.065625
1 0.26953125 0.4828125 0.08671875 0.07734375
1 0.178125 0.57578125 0.1 0.078125
1 0.21484375 0.55546875 0.05 0.0375
1 0.19375 0.671875 0.06171875 0.04609375
1 0.22734375 0.71328125 0.103125 0.08046875
1 0.44296875 0.90703125 0.08125 0.07890625
1 0.44765625 0.95078125 0.09609375 0.07578125
1 0.54921875 0.93125 0.0953125 0.07421875
1 0.2953125 0.1484375 0.05703125 0.04921875