1 0.93046875 0.4640625 0.06328125 0.07734375
1 0.9609375 0.54375 0.0703125 0.06640625
1 0.8984375 0.56484375 0.0453125 0.06171875
1 0.57890625 0.44609375 0.03828125 0.0453125
1 0.51875 0.19375 0.04609375 0.065625
1 0.4546875 0.1421875 0.0484375 0.0515625
1 0.3671875 0.27734375 0.04140625 0.0625
1 0.5046875 0.42578125 0.02578125 0.08046875
1 0.4609375 0.48125 0.05234375 0.06953125
1 0.5796875 0.821875 0.06171875 0.1078125
1 0.6734375 0.8 0.03203125 0.04453125
1 0.71171875 0.77890625 0.0375 0.071875
1 0.8390625 0.70234375 0.06328125 0.08515625
1 0.8265625 0.6328125 0.04921875 0.04609375
1 0.48203125 0.73203125 0.04296875 0.06875
1 0.40078125 0.715625 0.05546875 0.07890625
1 0.1984375 0.7734375 0.03828125 0.040625
1 0.1359375 0.70625 0.065625 0.040625
1 0.134375 0.653125 0.04375 0.03359375
1 0.3546875 0.59140625 0.03203125 0.05390625
1 0.31640625 0.56953125 0.0234375 0.0671875
1 0.33515625 0.496875 0.034375 0.04453125
1 0.55859375 0.946875 0.0390625 0.05625
1 0.38203125 0.9875 0.03046875 0.025