1 0.8828125 0.29921875 0.0796875 0.10625
1 0.646875 0.2625 0.0875 0.11796875
1 0.5875 0.22734375 0.07578125 0.0796875
1 0.49453125 0.309375 0.07734375 0.09375
1 0.44375 0.24140625 0.06640625 0.09609375
1 0.48828125 0.24765625 0.059375 0.06171875
1 0.415625 0.27265625 0.08515625 0.07421875
1 0.3984375 0.32734375 0.08203125 0.09765625
1 0.3640625 0.2859375 0.06171875 0.06796875
1 0.33046875 0.32734375 0.07421875 0.0875
1 0.36796875 0.3859375 0.06875 0.0765625
1 0.28828125 0.36328125 0.0703125 0.09453125
1 0.5703125 0.4625 0.06875 0.090625
1 0.62734375 0.48203125 0.0609375 0.08828125
1 0.59140625 0.575 0.0515625 0.0703125
1 0.7125 0.49921875 0.03828125 0.06796875
1 0.8078125 0.5546875 0.0796875 0.0890625
1 0.9703125 0.3 0.05859375 0.08046875
1 0.878125 0.66015625 0.08203125 0.08671875
1 0.84921875 0.73515625 0.0609375 0.09140625
1 0.66171875 0.77265625 0.05390625 0.0875
1 0.5875 0.67734375 0.05546875 0.0734375
1 0.203125 0.846875 0.04921875 0.07578125
1 0.24453125 0.8359375 0.0625 0.05390625
1 0.19609375 0.51953125 0.06640625 0.071875