1 0.815625 0.15390625 0.0546875 0.05625
1 0.81796875 0.2078125 0.02890625 0.03046875
1 0.85703125 0.2171875 0.03359375 0.025
1 0.98203125 0.28125 0.02109375 0.0359375
1 0.78984375 0.35234375 0.01796875 0.04921875
1 0.8 0.4796875 0.04609375 0.0546875
1 0.69609375 0.61171875 0.03203125 0.0375
1 0.6359375 0.6 0.0609375 0.0671875
1 0.5875 0.671875 0.0734375 0.078125
1 0.671875 0.67578125 0.053125 0.05546875
1 0.6390625 0.72578125 0.03671875 0.02578125
1 0.50703125 0.684375 0.065625 0.084375
1 0.58125 0.75390625 0.0578125 0.0703125
1 0.4234375 0.75078125 0.05078125 0.0828125
1 0.35859375 0.74140625 0.0546875 0.0765625
1 0.125 0.69453125 0.06796875 0.0703125
1 0.0296875 0.69609375 0.04375 0.08515625
1 0.07265625 0.721875 0.03515625 0.0484375
1 0.4265625 0.53359375 0.059375 0.08046875
1 0.3734375 0.5109375 0.04140625 0.05625
1 0.40234375 0.41953125 0.05 0.06484375
1 0.2875 0.49921875 0.03359375 0.0453125
1 0.1828125 0.43828125 0.05703125 0.07578125
1 0.12734375 0.32734375 0.0484375 0.0515625
1 0.1453125 0.26015625 0.05859375 0.0734375
1 0.09296875 0.2703125 0.034375 0.05234375
1 0.3421875 0.2109375 0.03984375 0.0671875
1 0.3375 0.29375 0.02734375 0.04921875
1 0.3921875 0.31328125 0.0640625 0.04296875
1 0.75703125 0.15625 0.04453125 0.03359375
1 0.9703125 0.63515625 0.0359375 0.0609375
1 0.984375 0.68125 0.03046875 0.02890625
1 0.44765625 0.03359375 0.05703125 0.04375