1 0.34375 0.21953125 0.04375 0.06015625
1 0.15234375 0.2734375 0.07421875 0.0828125
1 0.12578125 0.3265625 0.06484375 0.06484375
1 0.09765625 0.2734375 0.04453125 0.06015625
1 0.41484375 0.31171875 0.04375 0.03984375
1 0.40546875 0.42109375 0.05078125 0.071875
1 0.18046875 0.44375 0.07734375 0.0546875
1 0.37890625 0.51171875 0.05078125 0.06171875
1 0.4234375 0.53515625 0.0640625 0.07734375
1 0.290625 0.50390625 0.034375 0.05625
1 0.1203125 0.696875 0.0625 0.071875
1 0.02890625 0.68984375 0.05703125 0.0625
1 0.07890625 0.72890625 0.028125 0.03359375
1 0.3578125 0.74609375 0.053125 0.0640625
1 0.41640625 0.7375 0.0515625 0.046875
1 0.5171875 0.6828125 0.078125 0.075
1 0.52109375 0.74609375 0.0421875 0.05
1 0.5609375 0.75703125 0.05546875 0.0734375
1 0.5859375 0.7203125 0.04765625 0.053125
1 0.6015625 0.6640625 0.05703125 0.07734375
1 0.634375 0.7046875 0.05625 0.06171875
1 0.67109375 0.6640625 0.06640625 0.06875
1 0.63125 0.60234375 0.05390625 0.0609375
1 0.7 0.621875 0.03984375 0.05625
1 0.8015625 0.47734375 0.046875 0.059375
1 0.80625 0.15546875 0.0484375 0.0828125
1 0.76015625 0.153125 0.0578125 0.03359375
1 0.81328125 0.19765625 0.03984375 0.0515625
1 0.85078125 0.21328125 0.05625 0.02421875
1 0.98125 0.27890625 0.0375 0.0421875
1 0.7953125 0.34765625 0.034375 0.04375
1 0.9625 0.6453125 0.025 0.04296875
1 0.975 0.67734375 0.02734375 0.0375
1 0.34296875 0.3 0.03046875 0.0578125
1 0.4421875 0.028125 0.03828125 0.04375