1 0.74609375 0.203125 0.0703125 0.0890625
1 0.66484375 0.31015625 0.0625 0.09453125
1 0.715625 0.31328125 0.03515625 0.06875
1 0.48671875 0.24140625 0.0796875 0.07734375
1 0.45078125 0.29453125 0.06953125 0.04921875
1 0.40859375 0.26328125 0.065625 0.0453125
1 0.7171875 0.4421875 0.0515625 0.078125
1 0.72265625 0.575 0.071875 0.0859375
1 0.65234375 0.5515625 0.05078125 0.07890625
1 0.49921875 0.525 0.04296875 0.0625
1 0.4609375 0.465625 0.07734375 0.07109375
1 0.28515625 0.5640625 0.0765625 0.0953125
1 0.33828125 0.75625 0.071875 0.08046875
1 0.2859375 0.78515625 0.034375 0.05390625
1 0.234375 0.746875 0.07265625 0.1
1 0.18125 0.6953125 0.0734375 0.07421875
1 0.575 0.80859375 0.06171875 0.08671875
1 0.63125 0.81484375 0.06328125 0.10859375
1 0.778125 0.74375 0.08515625 0.06875
1 0.76640625 0.80703125 0.0390625 0.06171875
1 0.82265625 0.83125 0.0453125 0.08359375
1 0.84609375 0.78515625 0.03828125 0.0484375
1 0.871875 0.7265625 0.06640625 0.0953125
1 0.90078125 0.775 0.0421875 0.06015625
1 0.94140625 0.7296875 0.0609375 0.0890625
1 0.98515625 0.68828125 0.0296875 0.0703125
1 0.9 0.65546875 0.0578125 0.0640625