1 0.75078125 0.20234375 0.0875 0.0984375
1 0.68671875 0.309375 0.1203125 0.09921875
1 0.4890625 0.24375 0.0984375 0.090625
1 0.73828125 0.44296875 0.11171875 0.09453125
1 0.72421875 0.57734375 0.09296875 0.0859375
1 0.67265625 0.5421875 0.1078125 0.1015625
1 0.28203125 0.5609375 0.1 0.1015625
1 0.171875 0.70703125 0.07109375 0.11015625
1 0.2515625 0.75625 0.11328125 0.1296875
1 0.57734375 0.81328125 0.0828125 0.09921875
1 0.7765625 0.7421875 0.08671875 0.090625
1 0.77421875 0.8109375 0.05 0.0625
1 0.82421875 0.8296875 0.08046875 0.1
1 0.84140625 0.78046875 0.07265625 0.07578125
1 0.8734375 0.72890625 0.08828125 0.10078125
1 0.909375 0.78046875 0.04296875 0.0609375
1 0.90625 0.65 0.06953125 0.0875
1 0.98125 0.68125 0.0375 0.0796875
1 0.3484375 0.759375 0.07890625 0.0765625
1 0.4625 0.4796875 0.09765625 0.09921875