1 0.74921875 0.221875 0.096875 0.0796875
1 0.840625 0.1640625 0.0859375 0.059375
1 0.81171875 0.2234375 0.05078125 0.06015625
1 0.78828125 0.159375 0.05703125 0.05546875
1 0.71796875 0.1203125 0.09765625 0.078125
1 0.76640625 0.09453125 0.05546875 0.05859375
1 0.73984375 0.0515625 0.08203125 0.05234375
1 0.65625 0.0875 0.08125 0.06171875
1 0.69453125 0.01484375 0.071875 0.0296875
1 0.57734375 0.28359375 0.1140625 0.08984375
1 0.5421875 0.33984375 0.0875 0.090625
1 0.44375 0.27265625 0.10390625 0.084375
1 0.78046875 0.35546875 0.0890625 0.0796875
1 0.80703125 0.409375 0.09453125 0.1015625
1 0.8390625 0.34453125 0.078125 0.084375
1 0.315625 0.3296875 0.1078125 0.103125
1 0.32578125 0.278125 0.059375 0.06328125
1 0.21328125 0.259375 0.10078125 0.10078125
1 0.459375 0.53125 0.103125 0.12265625
1 0.53515625 0.48125 0.109375 0.08046875
1 0.26015625 0.52734375 0.109375 0.1203125
1 0.31640625 0.546875 0.0890625 0.078125
1 0.27890625 0.60234375 0.06796875 0.0828125
1 0.58125 0.7203125 0.12265625 0.1375
1 0.77109375 0.65390625 0.12890625 0.10625
1 0.78515625 0.7078125 0.0828125 0.09140625
1 0.7375 0.7421875 0.13671875 0.10078125
1 0.709375 0.8203125 0.1015625 0.125