1 0.7515625 0.21328125 0.07109375 0.10078125
1 0.675 0.3109375 0.06171875 0.090625
1 0.71171875 0.31328125 0.04140625 0.0703125
1 0.48515625 0.24375 0.071875 0.08515625
1 0.45390625 0.29765625 0.08046875 0.06015625
1 0.72578125 0.44765625 0.04765625 0.07578125
1 0.7171875 0.571875 0.06953125 0.0796875
1 0.6625 0.54765625 0.06328125 0.09375
1 0.46484375 0.46328125 0.08984375 0.05859375
1 0.49609375 0.51171875 0.04453125 0.0703125
1 0.28046875 0.57421875 0.0765625 0.09296875
1 0.18359375 0.70234375 0.07421875 0.078125
1 0.23828125 0.75390625 0.05859375 0.10625
1 0.340625 0.7609375 0.07265625 0.08046875
1 0.57890625 0.80703125 0.0640625 0.084375
1 0.6390625 0.8 0.04765625 0.06953125
1 0.77734375 0.7453125 0.0703125 0.09375
1 0.77578125 0.81328125 0.05859375 0.0515625
1 0.8203125 0.834375 0.053125 0.0671875
1 0.8421875 0.78203125 0.04375 0.06015625
1 0.875 0.73046875 0.07421875 0.08671875
1 0.9015625 0.77421875 0.0609375 0.05703125
1 0.94921875 0.7328125 0.05390625 0.0859375
1 0.98203125 0.69140625 0.0359375 0.065625
1 0.90546875 0.6515625 0.0640625 0.065625
1 0.78984375 0.853125 0.025 0.0328125
1 0.40859375 0.26640625 0.05390625 0.0453125