1 0.61640625 0.4109375 0.11328125 0.1109375
1 0.575 0.5796875 0.08828125 0.1015625
1 0.5140625 0.55234375 0.06875 0.0890625
1 0.4359375 0.3703125 0.071875 0.11015625
1 0.440625 0.28984375 0.08671875 0.09765625
1 0.515625 0.27109375 0.0828125 0.09765625
1 0.38046875 0.359375 0.0671875 0.0875
1 0.31328125 0.27265625 0.109375 0.121875
1 0.26953125 0.31328125 0.1015625 0.12890625
1 0.1828125 0.3203125 0.09921875 0.121875
1 0.1171875 0.41484375 0.08046875 0.10703125
1 0.9375 0.19296875 0.07265625 0.09609375
1 0.7734375 0.25625 0.0796875 0.09375
1 0.59375 0.84921875 0.09453125 0.08515625
1 0.4390625 0.928125 0.0890625 0.1
1 0.9234375 0.34765625 0.0703125 0.11171875