1 0.771875 0.42734375 0.05859375 0.084375
1 0.71484375 0.44453125 0.05234375 0.0734375
1 0.63359375 0.453125 0.07109375 0.0921875
1 0.57890625 0.52734375 0.0640625 0.06640625
1 0.5921875 0.6015625 0.059375 0.06875
1 0.65859375 0.61328125 0.07265625 0.10859375
1 0.7140625 0.61171875 0.0234375 0.05234375
1 0.70234375 0.79375 0.03203125 0.04296875
1 0.65859375 0.7703125 0.0375 0.05
1 0.565625 0.72734375 0.08203125 0.09296875
1 0.41796875 0.871875 0.084375 0.0890625
1 0.2328125 0.7453125 0.08359375 0.1109375
1 0.165625 0.77734375 0.078125 0.11328125
1 0.21875 0.61875 0.08984375 0.1078125
1 0.09453125 0.521875 0.05625 0.07421875
1 0.23828125 0.240625 0.05390625 0.096875
1 0.0234375 0.21484375 0.046875 0.06484375
1 0.0453125 0.52890625 0.04140625 0.046875
1 0.425 0.50390625 0.07265625 0.08203125
1 0.459375 0.4375 0.065625 0.08671875