1 0.95703125 0.3078125 0.046875 0.06640625
1 0.94765625 0.4 0.04765625 0.06796875
1 0.99296875 0.3671875 0.01328125 0.04453125
1 0.9890625 0.421875 0.021875 0.04375
1 0.98515625 0.71015625 0.0296875 0.0734375
1 0.88828125 0.66171875 0.05390625 0.084375
1 0.83515625 0.64375 0.040625 0.07578125
1 0.7515625 0.79453125 0.02890625 0.06796875
1 0.6921875 0.815625 0.025 0.03828125
1 0.740625 0.47734375 0.04140625 0.03984375
1 0.74453125 0.38046875 0.0609375 0.0703125
1 0.69765625 0.49765625 0.03203125 0.0421875
1 0.5625 0.7125 0.03515625 0.03359375
1 0.51875 0.7140625 0.03125 0.05546875
1 0.52890625 0.6453125 0.04765625 0.05546875
1 0.5125 0.59453125 0.03046875 0.03203125
1 0.478125 0.54140625 0.05 0.05625
1 0.33046875 0.265625 0.040625 0.05859375
1 0.271875 0.2625 0.0453125 0.07109375
1 0.35859375 0.31015625 0.03984375 0.0296875
1 0.17109375 0.37421875 0.0609375 0.0578125
1 0.19921875 0.4984375 0.06328125 0.0625
1 0.23046875 0.43046875 0.0578125 0.0609375
1 0.3140625 0.46171875 0.05625 0.065625
1 0.29375 0.64453125 0.0578125 0.08125
1 0.08125 0.77109375 0.03359375 0.0515625
1 0.12109375 0.6765625 0.0328125 0.03828125
1 0.22890625 0.859375 0.03828125 0.05390625
1 0.41484375 0.69296875 0.05234375 0.0484375
1 0.43203125 0.74140625 0.03359375 0.034375
1 0.36640625 0.740625 0.03125 0.0328125
1 0.4828125 0.76953125 0.04453125 0.0484375
1 0.98515625 0.60234375 0.0296875 0.0546875
1 0.0609375 0.24375 0.04140625 0.05625
1 0.37109375 0.1375 0.05234375 0.05625