1 0.8890625 0.65625 0.09375 0.0890625
1 0.8390625 0.6453125 0.06171875 0.07890625
1 0.95234375 0.40234375 0.090625 0.07109375
1 0.96171875 0.31171875 0.0578125 0.05703125
1 0.74375 0.37109375 0.084375 0.06796875
1 0.19453125 0.49609375 0.06328125 0.084375
1 0.234375 0.43203125 0.07890625 0.09375
1 0.2828125 0.27265625 0.0640625 0.04296875
1 0.3046875 0.4640625 0.0546875 0.0671875
1 0.53046875 0.64765625 0.06328125 0.08203125
1 0.56171875 0.7125 0.04140625 0.0515625
1 0.29140625 0.65078125 0.06015625 0.0890625
1 0.2265625 0.8515625 0.046875 0.06953125
1 0.746875 0.8046875 0.0640625 0.07734375
1 0.6890625 0.81484375 0.03984375 0.0484375
1 0.07890625 0.77109375 0.03515625 0.0734375
1 0.475 0.53984375 0.06484375 0.06484375
1 0.40859375 0.6984375 0.0484375 0.0515625
1 0.7015625 0.4953125 0.04921875 0.06171875