1 0.56328125 0.2390625 0.0765625 0.0703125
1 0.5015625 0.19296875 0.08046875 0.06328125
1 0.35078125 0.28515625 0.0671875 0.05625
1 0.72265625 0.2765625 0.06484375 0.04921875
1 0.72421875 0.33046875 0.0453125 0.0609375
1 0.453125 0.4828125 0.0640625 0.0671875
1 0.35390625 0.5234375 0.06796875 0.04296875
1 0.2921875 0.4109375 0.06171875 0.06328125
1 0.259375 0.36953125 0.05546875 0.02734375
1 0.2734375 0.5234375 0.06171875 0.0640625
1 0.2875 0.559375 0.03671875 0.05
1 0.20859375 0.75234375 0.07578125 0.0671875
1 0.34609375 0.83671875 0.06328125 0.05078125
1 0.34609375 0.8890625 0.0734375 0.06953125
1 0.60234375 0.9546875 0.0734375 0.078125
1 0.6828125 0.96171875 0.07578125 0.07578125
1 0.6296875 0.7453125 0.0703125 0.0640625
1 0.640625 0.98046875 0.0484375 0.03359375
1 0.28125 0.98046875 0.06640625 0.0390625
1 0.23203125 0.07578125 0.07421875 0.0375