1 0.65859375 0.115625 0.07421875 0.08515625
1 0.6421875 0.1703125 0.0953125 0.0875
1 0.809375 0.2578125 0.11015625 0.08671875
1 0.828125 0.30546875 0.06171875 0.065625
1 0.70234375 0.434375 0.0609375 0.04453125
1 0.63515625 0.4734375 0.140625 0.10234375
1 0.71953125 0.49140625 0.0890625 0.053125
1 0.6046875 0.49140625 0.0578125 0.053125
1 0.5609375 0.5296875 0.08125 0.0859375
1 0.75703125 0.5578125 0.0890625 0.0734375
1 0.7234375 0.59375 0.0703125 0.0703125
1 0.759375 0.61875 0.05234375 0.05703125
1 0.63515625 0.7140625 0.065625 0.065625
1 0.68125 0.70546875 0.06171875 0.0546875
1 0.8671875 0.77890625 0.04296875 0.06171875
1 0.7640625 0.9171875 0.0671875 0.06796875
1 0.5125 0.803125 0.0859375 0.078125
1 0.44609375 0.77734375 0.0921875 0.07109375
1 0.378125 0.83671875 0.0890625 0.08203125
1 0.2671875 0.66640625 0.07109375 0.08203125
1 0.25625 0.71640625 0.0796875 0.0875
1 0.14453125 0.63671875 0.06015625 0.0828125
1 0.3796875 0.2625 0.05078125 0.090625
1 0.49296875 0.275 0.06328125 0.07265625
1 0.49609375 0.30234375 0.09140625 0.05859375
1 0.403125 0.04296875 0.08046875 0.0859375
1 0.30546875 0.05 0.07265625 0.08203125
1 0.375 0.0171875 0.05703125 0.034375
1 0.4234375 0.0125 0.05703125 0.025
1 0.71484375 0.01875 0.08515625 0.0375