1 0.621875 0.415625 0.0921875 0.08828125
1 0.59453125 0.4828125 0.08984375 0.09375
1 0.6484375 0.496875 0.05390625 0.0859375
1 0.5296875 0.47578125 0.0828125 0.096875
1 0.29453125 0.371875 0.07734375 0.08046875
1 0.309375 0.3015625 0.06875 0.078125
1 0.49375 0.28125 0.07578125 0.096875
1 0.5625 0.26875 0.0640625 0.10859375
1 0.45703125 0.16796875 0.0875 0.10546875
1 0.9609375 0.03046875 0.078125 0.0609375
1 0.03515625 0.41875 0.06015625 0.09921875
1 0.34296875 0.6203125 0.07734375 0.0984375
1 0.6234375 0.8046875 0.07265625 0.07734375