1 0.7109375 0.6265625 0.0703125 0.0875
1 0.6953125 0.70625 0.0703125 0.08671875
1 0.79921875 0.58203125 0.07421875 0.0734375
1 0.89453125 0.7125 0.0328125 0.10859375
1 0.9734375 0.575 0.053125 0.09609375
1 0.6734375 0.35390625 0.09375 0.1015625
1 0.45703125 0.24375 0.04765625 0.0765625
1 0.425 0.27265625 0.0546875 0.05546875
1 0.37734375 0.1890625 0.0796875 0.08828125
1 0.47109375 0.52421875 0.0765625 0.11796875
1 0.4015625 0.5109375 0.0828125 0.11875
1 0.34296875 0.48515625 0.06328125 0.07109375
1 0.36875 0.590625 0.07578125 0.11328125
1 0.50859375 0.71171875 0.06640625 0.115625
1 0.43515625 0.73984375 0.06953125 0.0828125
1 0.42265625 0.67265625 0.06328125 0.040625
1 0.55234375 0.83671875 0.06875 0.1078125
1 0.07265625 0.9234375 0.07421875 0.06796875
1 0.03046875 0.96875 0.0484375 0.0625