1 0.56328125 0.4828125 0.0703125 0.08984375
1 0.40234375 0.69453125 0.07421875 0.10078125
1 0.33046875 0.69453125 0.07421875 0.10078125
1 0.28125 0.653125 0.0609375 0.07734375
1 0.25390625 0.5859375 0.06796875 0.08515625
1 0.1890625 0.79921875 0.10078125 0.103125
1 0.2234375 0.83359375 0.08984375 0.10234375
1 0.03984375 0.7390625 0.075 0.08359375
1 0.65546875 0.5734375 0.08359375 0.1
1 0.50390625 0.4390625 0.05859375 0.065625
1 0.65390625 0.17734375 0.07578125 0.11796875
1 0.76328125 0.59140625 0.059375 0.07109375
1 0.21640625 0.471875 0.0640625 0.06171875