1 0.95859375 0.25625 0.08125 0.08828125
1 0.9734375 0.14375 0.053125 0.1
1 0.81875 0.2109375 0.08203125 0.07890625
1 0.759375 0.15546875 0.0609375 0.0828125
1 0.81171875 0.13984375 0.0453125 0.06015625
1 0.8 0.26484375 0.04453125 0.034375
1 0.82109375 0.3140625 0.03359375 0.053125
1 0.7375 0.41328125 0.0703125 0.08203125
1 0.71171875 0.33203125 0.07265625 0.084375
1 0.6671875 0.2984375 0.071875 0.10234375
1 0.6015625 0.30078125 0.05703125 0.084375
1 0.4109375 0.11796875 0.05234375 0.05234375
1 0.35234375 0.42734375 0.078125 0.09296875
1 0.24140625 0.40078125 0.05234375 0.053125
1 0.6234375 0.43203125 0.04765625 0.103125
1 0.6875 0.43828125 0.05078125 0.07421875
1 0.565625 0.43984375 0.0421875 0.06015625
1 0.509375 0.5171875 0.04921875 0.05546875
1 0.4796875 0.571875 0.07109375 0.0796875
1 0.4359375 0.5234375 0.08515625 0.0890625
1 0.42421875 0.6390625 0.04296875 0.0625
1 0.46796875 0.72734375 0.06875 0.0484375
1 0.34765625 0.809375 0.06796875 0.10234375
1 0.33671875 0.5234375 0.07265625 0.071875
1 0.3171875 0.5828125 0.02578125 0.04921875
1 0.7734375 0.525 0.04453125 0.0484375
1 0.92421875 0.015625 0.07578125 0.03125