1 0.553125 0.39453125 0.05234375 0.08984375
1 0.12890625 0.53046875 0.0359375 0.06015625
1 0.24921875 0.740625 0.0453125 0.11015625
1 0.59921875 0.703125 0.0375 0.0796875
1 0.56484375 0.11953125 0.0234375 0.02890625
1 0.6625 0.08125 0.0234375 0.03203125
1 0.0328125 0.0953125 0.034375 0.0515625
1 0.08671875 0.0734375 0.03125 0.03359375
1 0.6265625 0.40234375 0.0359375 0.05703125
1 0.55078125 0.29296875 0.02578125 0.04296875
1 0.6375 0.4703125 0.034375 0.05
1 0.52421875 0.34296875 0.021875 0.03125
1 0.325 0.61171875 0.04140625 0.04375