1 0.91328125 0.88671875 0.14140625 0.1453125
1 0.87109375 0.8203125 0.07265625 0.08125
1 0.6765625 0.68671875 0.11640625 0.15625
1 0.75078125 0.6671875 0.0875 0.1546875
1 0.90859375 0.6140625 0.1 0.09453125
1 0.7078125 0.3921875 0.11484375 0.1375
1 0.6890625 0.49765625 0.0875 0.0875
1 0.5046875 0.1390625 0.0875 0.07890625
1 0.44765625 0.35546875 0.07890625 0.10625
1 0.23203125 0.284375 0.07421875 0.10859375
1 0.2578125 0.3359375 0.05625 0.08359375
1 0.18046875 0.32578125 0.08359375 0.1109375
1 0.2046875 0.42421875 0.0734375 0.0890625
1 0.12734375 0.415625 0.11171875 0.0984375
1 0.096875 0.34296875 0.09765625 0.08046875
1 0.034375 0.38359375 0.06796875 0.13203125
1 0.2375 0.034375 0.059375 0.06875
1 0.1734375 0.03515625 0.0640625 0.04140625