1 0.878125 0.57890625 0.0765625 0.1078125
1 0.90234375 0.6421875 0.07578125 0.07890625
1 0.95859375 0.58984375 0.06015625 0.06328125
1 0.9765625 0.62734375 0.046875 0.04375
1 0.8296875 0.675 0.06484375 0.0953125
1 0.77890625 0.70078125 0.0734375 0.103125
1 0.7453125 0.659375 0.0546875 0.05546875
1 0.80625 0.57265625 0.04921875 0.08125
1 0.49609375 0.8546875 0.06328125 0.0859375
1 0.55625 0.74453125 0.040625 0.07890625
1 0.60546875 0.74609375 0.0296875 0.0640625
1 0.7703125 0.9734375 0.0421875 0.0421875
1 0.82734375 0.95859375 0.0453125 0.03984375
1 0.55703125 0.6546875 0.0734375 0.07265625
1 0.2953125 0.603125 0.09296875 0.13359375
1 0.3125 0.48515625 0.0734375 0.075
1 0.31875 0.2953125 0.08203125 0.14453125
1 0.2453125 0.2875 0.05546875 0.03984375
1 0.26640625 0.36171875 0.05703125 0.06484375
1 0.08828125 0.1015625 0.109375 0.13046875
1 0.12578125 0.1671875 0.0875 0.07890625
1 0.0734375 0.39375 0.09296875 0.07890625
1 0.9140625 0.45546875 0.04140625 0.06015625
1 0.92421875 0.41171875 0.04765625 0.0484375