1 0.82890625 0.959375 0.053125 0.05
1 0.76484375 0.9609375 0.0609375 0.078125
1 0.50546875 0.85703125 0.07734375 0.08984375
1 0.57734375 0.73515625 0.06640625 0.09140625
1 0.52890625 0.7078125 0.053125 0.053125
1 0.55 0.6453125 0.090625 0.084375
1 0.61015625 0.6578125 0.0515625 0.0609375
1 0.2859375 0.603125 0.12265625 0.13359375
1 0.30546875 0.49453125 0.09140625 0.09453125
1 0.33671875 0.303125 0.13515625 0.1734375
1 0.2484375 0.3328125 0.07890625 0.13984375
1 0.07734375 0.38515625 0.1015625 0.0828125
1 0.075 0.1 0.11484375 0.15
1 0.128125 0.16484375 0.0828125 0.0921875
1 0.78125 0.70546875 0.06484375 0.09765625
1 0.7375 0.6640625 0.053125 0.0828125
1 0.821875 0.6703125 0.07890625 0.103125
1 0.79921875 0.56328125 0.0609375 0.0890625
1 0.8765625 0.57109375 0.09453125 0.109375
1 0.90703125 0.6375 0.06328125 0.07734375
1 0.9640625 0.59375 0.0609375 0.053125
1 0.9828125 0.63046875 0.034375 0.0453125
1 0.9203125 0.4515625 0.03203125 0.04453125