1 0.8671875 0.5109375 0.11328125 0.10234375
1 0.746875 0.41484375 0.1015625 0.0921875
1 0.634375 0.44609375 0.10546875 0.10625
1 0.71484375 0.21328125 0.10234375 0.10390625
1 0.675 0.26796875 0.10625 0.096875
1 0.675 0.17109375 0.1125 0.1
1 0.5859375 0.11953125 0.1203125 0.10390625
1 0.6421875 0.0875 0.0953125 0.0828125
1 0.6328125 0.03671875 0.13125 0.0734375
1 0.571875 0.1859375 0.1203125 0.0765625
1 0.95703125 0.1765625 0.0640625 0.06796875
1 0.9625 0.2359375 0.075 0.0921875
1 0.609375 0.7125 0.13515625 0.13671875
1 0.5125 0.6859375 0.13984375 0.08984375
1 0.3015625 0.659375 0.15546875 0.1328125
1 0.32734375 0.7421875 0.16328125 0.1171875
1 0.3640625 0.9203125 0.12578125 0.0953125
1 0.1765625 0.871875 0.13359375 0.11015625
1 0.1 0.9078125 0.1359375 0.14453125