1 0.92109375 0.21953125 0.0984375 0.1015625
1 0.96484375 0.5234375 0.0703125 0.0875
1 0.70078125 0.50234375 0.084375 0.075
1 0.54765625 0.2703125 0.11875 0.1015625
1 0.48125 0.3109375 0.07265625 0.059375
1 0.54140625 0.3578125 0.08984375 0.09453125
1 0.23828125 0.26640625 0.125 0.10390625
1 0.303125 0.28125 0.05078125 0.04296875
1 0.1 0.06484375 0.0671875 0.03203125
1 0.0921875 0.0265625 0.0828125 0.053125
1 0.2484375 0.63203125 0.08125 0.09921875
1 0.25625 0.678125 0.06953125 0.04765625
1 0.31953125 0.6453125 0.06875 0.04140625
1 0.3671875 0.5546875 0.0625 0.05234375
1 0.39765625 0.521875 0.04296875 0.05
1 0.56640625 0.596875 0.09765625 0.0671875
1 0.59375 0.51015625 0.03984375 0.053125
1 0.4421875 0.7296875 0.06875 0.0546875
1 0.68203125 0.58515625 0.11171875 0.11796875