1 0.221875 0.08515625 0.08828125 0.09765625
1 0.5203125 0.03203125 0.0671875 0.0640625
1 0.36328125 0.46171875 0.046875 0.07265625
1 0.64453125 0.765625 0.06953125 0.08046875
1 0.68046875 0.75078125 0.04453125 0.06015625
1 0.65234375 0.6796875 0.05078125 0.03984375
1 0.5703125 0.63359375 0.046875 0.0546875
1 0.53203125 0.6046875 0.03515625 0.02734375
1 0.50625 0.4 0.040625 0.046875
1 0.5046875 0.31171875 0.0375 0.0546875
1 0.559375 0.3078125 0.04609375 0.09140625
1 0.59140625 0.4296875 0.0453125 0.090625
1 0.64765625 0.44375 0.03203125 0.065625
1 0.74296875 0.54921875 0.04140625 0.05703125
1 0.6234375 0.4984375 0.03671875 0.028125
1 0.271875 0.46015625 0.07109375 0.09453125
1 0.31015625 0.515625 0.05859375 0.05859375
1 0.3578125 0.52109375 0.03203125 0.040625
1 0.27890625 0.69453125 0.06484375 0.065625
1 0.25859375 0.7546875 0.06796875 0.10234375
1 0.21875 0.69140625 0.0375 0.0484375
1 0.0875 0.71015625 0.04375 0.053125
1 0.0625 0.90625 0.046875 0.0546875
1 0.01953125 0.915625 0.0390625 0.05859375
1 0.85625 0.95234375 0.03359375 0.04375
1 0.8578125 0.45390625 0.046875 0.04765625