1 0.67109375 0.434375 0.11171875 0.1421875
1 0.4390625 0.24453125 0.08359375 0.11796875
1 0.57734375 0.40703125 0.04375 0.04296875
1 0.59765625 0.47265625 0.04375 0.05390625
1 0.421875 0.478125 0.04765625 0.1109375
1 0.596875 0.690625 0.08671875 0.1265625
1 0.6296875 0.58828125 0.05859375 0.07265625
1 0.8296875 0.74453125 0.08203125 0.08359375
1 0.825 0.8359375 0.040625 0.0890625
1 0.76640625 0.94140625 0.0703125 0.0859375
1 0.215625 0.6546875 0.0671875 0.08515625
1 0.159375 0.7078125 0.0515625 0.07578125
1 0.17734375 0.075 0.0578125 0.05859375
1 0.21953125 0.028125 0.0828125 0.05546875
1 0.1546875 0.03203125 0.03359375 0.04453125
1 0.95390625 0.1203125 0.05 0.06640625
1 0.85703125 0.5703125 0.0390625 0.0546875
1 0.9828125 0.77109375 0.034375 0.0765625
1 0.83515625 0.61796875 0.034375 0.0421875