1 0.66953125 0.4203125 0.10703125 0.14140625
1 0.58125 0.4375 0.06484375 0.11796875
1 0.4171875 0.46328125 0.07890625 0.08046875
1 0.58984375 0.70234375 0.1125 0.14921875
1 0.62734375 0.58203125 0.103125 0.1
1 0.22265625 0.65234375 0.08515625 0.115625
1 0.15625 0.7046875 0.07265625 0.09609375
1 0.82578125 0.7234375 0.0875 0.115625
1 0.8296875 0.83828125 0.0859375 0.10703125
1 0.77421875 0.9375 0.09453125 0.07734375
1 0.9828125 0.778125 0.034375 0.096875
1 0.86015625 0.57734375 0.04453125 0.08125
1 0.95390625 0.11328125 0.0671875 0.08203125
1 0.4421875 0.25234375 0.10625 0.13359375
1 0.17421875 0.08125 0.07265625 0.0765625
1 0.2203125 0.03125 0.103125 0.0625
1 0.50859375 0.5328125 0.03515625 0.10390625