1 0.73125 0.25 0.07109375 0.08203125
1 0.72578125 0.0921875 0.0859375 0.08671875
1 0.665625 0.1546875 0.11484375 0.078125
1 0.671875 0.21875 0.0953125 0.0625
1 0.62734375 0.2890625 0.1234375 0.10625
1 0.928125 0.31640625 0.11796875 0.07578125
1 0.96875 0.35 0.0625 0.08125
1 0.93125 0.41484375 0.09765625 0.08046875
1 0.77109375 0.528125 0.0703125 0.115625
1 0.68203125 0.46015625 0.11171875 0.0703125
1 0.678125 0.56171875 0.15078125 0.08671875
1 0.50859375 0.653125 0.1421875 0.09375
1 0.46171875 0.60703125 0.12265625 0.0765625
1 0.43359375 0.578125 0.1375 0.0875
1 0.38515625 0.5234375 0.1359375 0.08046875
1 0.39453125 0.23671875 0.1171875 0.1296875
1 0.42109375 0.35390625 0.1328125 0.0609375
1 0.19765625 0.66015625 0.11796875 0.09765625
1 0.40078125 0.740625 0.13515625 0.09765625
1 0.3390625 0.8125 0.1015625 0.08671875
1 0.0171875 0.09921875 0.034375 0.1109375