1 0.96328125 0.575 0.0734375 0.08828125
1 0.896875 0.71796875 0.0484375 0.08984375
1 0.83828125 0.6671875 0.053125 0.0875
1 0.7734375 0.65546875 0.0609375 0.08359375
1 0.74921875 0.7421875 0.0734375 0.06640625
1 0.703125 0.653125 0.06953125 0.090625
1 0.68203125 0.92421875 0.0578125 0.0765625
1 0.62734375 0.96796875 0.0390625 0.05703125
1 0.58671875 0.92109375 0.03828125 0.0703125
1 0.5375 0.66640625 0.065625 0.1046875
1 0.4640625 0.7734375 0.09375 0.07578125
1 0.45078125 0.64375 0.05625 0.0828125
1 0.4828125 0.37109375 0.0546875 0.109375
1 0.403125 0.4078125 0.0890625 0.11328125
1 0.34765625 0.5203125 0.0625 0.08359375
1 0.27421875 0.39609375 0.071875 0.06875
1 0.18515625 0.35078125 0.0765625 0.08359375
1 0.31640625 0.265625 0.03046875 0.03984375
1 0.3359375 0.19375 0.0703125 0.08984375
1 0.1859375 0.20625 0.040625 0.0578125
1 0.7828125 0.34921875 0.0484375 0.05703125
1 0.6453125 0.39765625 0.05234375 0.075
1 0.5671875 0.4453125 0.02578125 0.04375
1 0.73515625 0.3859375 0.03984375 0.0859375
1 0.9015625 0.015625 0.0734375 0.03125