1 0.79296875 0.3375 0.10859375 0.09765625
1 0.6625 0.19140625 0.109375 0.0828125
1 0.4984375 0.34765625 0.121875 0.1078125
1 0.54609375 0.371875 0.08984375 0.08046875
1 0.59375 0.43125 0.1421875 0.09765625
1 0.621875 0.48046875 0.14453125 0.0890625
1 0.328125 0.54921875 0.10234375 0.05078125
1 0.34921875 0.43984375 0.11171875 0.07734375
1 0.2265625 0.47421875 0.090625 0.11484375
1 0.3390625 0.7015625 0.09765625 0.08984375
1 0.27578125 0.7453125 0.11484375 0.08046875
1 0.3453125 0.78515625 0.103125 0.07578125
1 0.31875 0.83046875 0.0984375 0.09140625
1 0.2703125 0.89453125 0.103125 0.090625
1 0.08515625 0.5859375 0.121875 0.071875
1 0.0375 0.625 0.075 0.09296875
1 0.0671875 0.67890625 0.07109375 0.08125
1 0.6109375 0.74765625 0.090625 0.06953125
1 0.60703125 0.63203125 0.084375 0.0515625
1 0.60390625 0.27109375 0.07734375 0.08671875