1 0.334375 0.19140625 0.07734375 0.09609375
1 0.315625 0.253125 0.04921875 0.0515625
1 0.27890625 0.3953125 0.06015625 0.0828125
1 0.1890625 0.35078125 0.08515625 0.08671875
1 0.24453125 0.34921875 0.03515625 0.025
1 0.18515625 0.20703125 0.0421875 0.04375
1 0.48828125 0.37109375 0.065625 0.08671875
1 0.4453125 0.40703125 0.07734375 0.08828125
1 0.39609375 0.428125 0.0765625 0.13984375
1 0.34296875 0.51015625 0.07734375 0.08125
1 0.4390625 0.6515625 0.05234375 0.08828125
1 0.54140625 0.65546875 0.06953125 0.10546875
1 0.46796875 0.77421875 0.0828125 0.10234375
1 0.42890625 0.765625 0.04453125 0.0625
1 0.5703125 0.92265625 0.0828125 0.10078125
1 0.63515625 0.96328125 0.0703125 0.05
1 0.68203125 0.934375 0.06171875 0.06328125
1 0.74609375 0.73515625 0.0875 0.08125
1 0.69765625 0.6515625 0.1015625 0.0921875
1 0.775 0.653125 0.046875 0.10859375
1 0.8359375 0.671875 0.06328125 0.07578125
1 0.8890625 0.72578125 0.071875 0.08125
1 0.90234375 0.65390625 0.0453125 0.04921875
1 0.9484375 0.57890625 0.0578125 0.08046875
1 0.9828125 0.571875 0.034375 0.071875
1 0.7359375 0.37734375 0.05390625 0.09609375
1 0.7828125 0.35625 0.05078125 0.05703125
1 0.6484375 0.40078125 0.04765625 0.075
1 0.56875 0.43671875 0.040625 0.04921875
1 0.90078125 0.0234375 0.0734375 0.03125