1 0.953125 0.4671875 0.09296875 0.20078125
1 0.84921875 0.58359375 0.18359375 0.21015625
1 0.7140625 0.696875 0.20625 0.25
1 0.86484375 0.75078125 0.15625 0.19921875
1 0.62109375 0.6484375 0.128125 0.1546875
1 0.4890625 0.33984375 0.10859375 0.13359375
1 0.4859375 0.71328125 0.10234375 0.12421875
1 0.2765625 0.73125 0.08984375 0.11171875
1 0.15625 0.81796875 0.071875 0.109375
1 0.02421875 0.62578125 0.04765625 0.1
1 0.1953125 0.59140625 0.06484375 0.0921875
1 0.16328125 0.64296875 0.05 0.0734375