1 0.11328125 0.0625 0.06171875 0.11796875
1 0.40390625 0.64296875 0.0796875 0.11953125
1 0.45078125 0.64765625 0.03984375 0.1109375
1 0.58984375 0.5953125 0.090625 0.109375
1 0.6609375 0.55625 0.05546875 0.09375
1 0.46015625 0.4734375 0.02734375 0.096875
1 0.5515625 0.490625 0.0359375 0.09140625
1 0.69453125 0.35 0.08203125 0.08515625
1 0.7765625 0.36328125 0.08125 0.0796875
1 0.77890625 0.490625 0.08671875 0.06875
1 0.60390625 0.7140625 0.06484375 0.08828125
1 0.90625 0.66640625 0.05234375 0.06484375
1 0.671875 0.70078125 0.0453125 0.04453125
1 0.49765625 0.76953125 0.04921875 0.07109375
1 0.34453125 0.8765625 0.03671875 0.07109375
1 0.34765625 0.965625 0.0421875 0.06796875
1 0.38671875 0.96796875 0.040625 0.05859375
1 0.528125 0.97578125 0.0390625 0.0484375
1 0.196875 0.5890625 0.090625 0.02890625
1 0.7015625 0.20390625 0.04765625 0.05078125
1 0.98125 0.26171875 0.0375 0.0375
1 0.984375 0.06484375 0.03125 0.06171875
1 0.5296875 0.5671875 0.05546875 0.0609375