1 0.36171875 0.39375 0.125 0.125
1 0.34375 0.45078125 0.11640625 0.07265625
1 0.40546875 0.58203125 0.12265625 0.09609375
1 0.45078125 0.66328125 0.0859375 0.0984375
1 0.3015625 0.5984375 0.09140625 0.1078125
1 0.0484375 0.39921875 0.09609375 0.06640625
1 0.0390625 0.340625 0.078125 0.06875
1 0.80078125 0.69921875 0.065625 0.07421875
1 0.65625 0.69296875 0.10234375 0.09921875
1 0.6359375 0.7734375 0.0921875 0.07265625
1 0.49921875 0.7828125 0.075 0.1015625
1 0.528125 0.46171875 0.10546875 0.0890625
1 0.9234375 0.11171875 0.1515625 0.08203125