1 0.93359375 0.14375 0.09609375 0.13125
1 0.83125 0.16484375 0.0703125 0.1234375
1 0.83125 0.28359375 0.09375 0.11328125
1 0.72265625 0.275 0.1078125 0.13046875
1 0.690625 0.1625 0.0859375 0.0796875
1 0.71171875 0.6171875 0.12890625 0.13984375
1 0.68984375 0.784375 0.1609375 0.17734375
1 0.6859375 0.9421875 0.115625 0.115625
1 0.50625 0.88671875 0.075 0.10859375
1 0.4109375 0.65703125 0.1125 0.12421875
1 0.17890625 0.521875 0.10703125 0.1625
1 0.03359375 0.36015625 0.0671875 0.1890625
1 0.2296875 0.34296875 0.12734375 0.1171875
1 0.190625 0.15390625 0.0765625 0.19296875
1 0.30859375 0.0953125 0.140625 0.17890625
1 0.3546875 0.259375 0.115625 0.14140625
1 0.5390625 0.22734375 0.08046875 0.134375