1 0.78359375 0.30546875 0.1921875 0.15078125
1 0.9453125 0.2828125 0.109375 0.1109375
1 0.61484375 0.271875 0.14765625 0.14140625
1 0.89921875 0.49375 0.11796875 0.11640625
1 0.6578125 0.56875 0.14765625 0.11640625
1 0.28984375 0.27890625 0.1421875 0.13359375
1 0.29296875 0.18046875 0.14921875 0.13515625
1 0.1671875 0.178125 0.15859375 0.12578125
1 0.19453125 0.29453125 0.196875 0.11875
1 0.24453125 0.45390625 0.21171875 0.12734375
1 0.2375 0.63984375 0.1921875 0.17890625
1 0.10703125 0.68671875 0.2140625 0.17734375
1 0.16796875 0.79921875 0.20234375 0.15078125
1 0.52265625 0.78125 0.18125 0.16875
1 0.35703125 0.95625 0.18125 0.08671875
1 0.1296875 0.07421875 0.18984375 0.12578125