1 0.06328125 0.69609375 0.1265625 0.1234375
1 0.21171875 0.69140625 0.178125 0.18125
1 0.36796875 0.70859375 0.14921875 0.178125
1 0.71328125 0.7171875 0.15234375 0.1265625
1 0.7171875 0.82109375 0.12734375 0.1140625
1 0.86953125 0.93515625 0.225 0.1296875
1 0.8390625 0.6734375 0.146875 0.1078125
1 0.89609375 0.2984375 0.2078125 0.1625
1 0.7625 0.34140625 0.196875 0.14765625
1 0.77109375 0.54375 0.1828125 0.09453125
1 0.47890625 0.184375 0.1796875 0.1109375
1 0.6421875 0.03046875 0.203125 0.0609375
1 0.3375 0.41875 0.1359375 0.146875
1 0.11640625 0.528125 0.1265625 0.14296875