1 0.79296875 0.6234375 0.0765625 0.09921875
1 0.70703125 0.640625 0.05703125 0.06484375
1 0.76953125 0.76796875 0.0875 0.090625
1 0.52890625 0.94609375 0.078125 0.10078125
1 0.53671875 0.8390625 0.0640625 0.0890625
1 0.62734375 0.87734375 0.0734375 0.13671875
1 0.234375 0.81875 0.10625 0.10859375
1 0.21875 0.73125 0.05703125 0.0671875
1 0.35859375 0.63125 0.0890625 0.1296875
1 0.56015625 0.67578125 0.0609375 0.11953125
1 0.55859375 0.51328125 0.10390625 0.115625
1 0.18359375 0.43203125 0.10390625 0.13125
1 0.07890625 0.4171875 0.09296875 0.125
1 0.0984375 0.0375 0.128125 0.075
1 0.89609375 0.07265625 0.040625 0.06875