1 0.56796875 0.51640625 0.0875 0.11484375
1 0.16953125 0.43359375 0.1078125 0.11796875
1 0.0875 0.421875 0.08203125 0.11796875
1 0.1046875 0.03359375 0.08984375 0.0671875
1 0.5578125 0.68125 0.0578125 0.103125
1 0.3859375 0.6015625 0.05625 0.071875
1 0.3515625 0.6515625 0.08046875 0.0796875
1 0.215625 0.73359375 0.04453125 0.05703125
1 0.21640625 0.82578125 0.0546875 0.07578125
1 0.2546875 0.80390625 0.0375 0.07734375
1 0.515625 0.9484375 0.0796875 0.09140625
1 0.52890625 0.84453125 0.04453125 0.1234375
1 0.7515625 0.75 0.059375 0.09375
1 0.78828125 0.6265625 0.0484375 0.0734375
1 0.71796875 0.64765625 0.05859375 0.0359375