1 0.8484375 0.44609375 0.209375 0.1640625
1 0.84921875 0.26796875 0.26328125 0.17578125
1 0.49921875 0.03984375 0.21484375 0.07890625
1 0.378125 0.5609375 0.1640625 0.1015625
1 0.3015625 0.50625 0.1453125 0.11484375
1 0.24921875 0.5796875 0.17890625 0.15546875
1 0.2875 0.6421875 0.10546875 0.09921875
1 0.39296875 0.64609375 0.209375 0.11640625
1 0.13046875 0.6515625 0.14921875 0.10078125
1 0.21640625 0.7125 0.09765625 0.0890625
1 0.14609375 0.57109375 0.13671875 0.10078125
1 0.0609375 0.5234375 0.09453125 0.08046875
1 0.65546875 0.2375 0.08984375 0.12109375