1 0.2765625 0.1625 0.1671875 0.2078125
1 0.45625 0.13671875 0.10703125 0.1515625
1 0.03984375 0.5015625 0.0796875 0.1796875
1 0.56015625 0.62109375 0.09765625 0.134375
1 0.58828125 0.76328125 0.11484375 0.134375
1 0.571875 0.86875 0.0546875 0.0953125
1 0.5140625 0.94921875 0.0453125 0.065625
1 0.6453125 0.86484375 0.05546875 0.13203125
1 0.70703125 0.784375 0.0546875 0.06953125
1 0.64296875 0.7171875 0.0546875 0.0765625
1 0.646875 0.65390625 0.0671875 0.12890625
1 0.50625 0.71640625 0.05234375 0.10703125
1 0.6640625 0.4203125 0.03828125 0.06171875
1 0.621875 0.46015625 0.04296875 0.0921875
1 0.94765625 0.17890625 0.0421875 0.0546875
1 0.26015625 0.35625 0.08515625 0.0703125