1 0.65546875 0.615625 0.13203125 0.1359375
1 0.7265625 0.696875 0.10859375 0.11640625
1 0.61171875 0.7140625 0.15703125 0.14609375
1 0.4390625 0.81171875 0.07890625 0.08515625
1 0.375 0.86171875 0.1046875 0.09453125
1 0.36484375 0.96953125 0.07421875 0.06015625
1 0.28046875 0.8875 0.07578125 0.1140625
1 0.3953125 0.275 0.10859375 0.13125
1 0.17109375 0.3671875 0.0921875 0.103125
1 0.1 0.36328125 0.08828125 0.10078125
1 0.5640625 0.0546875 0.13125 0.109375
1 0.56953125 0.1640625 0.109375 0.103125
1 0.51640625 0.28828125 0.084375 0.1046875
1 0.578125 0.41640625 0.10546875 0.0734375
1 0.8875 0.665625 0.084375 0.096875