1 0.83671875 0.37265625 0.14765625 0.15078125
1 0.884375 0.11796875 0.15234375 0.1546875
1 0.96875 0.1203125 0.0625 0.15
1 0.58125 0.48203125 0.1015625 0.08828125
1 0.5984375 0.55625 0.1625 0.1078125
1 0.48671875 0.61640625 0.1515625 0.11640625
1 0.45703125 0.71328125 0.15625 0.128125
1 0.64453125 0.6890625 0.13203125 0.08046875
1 0.8890625 0.75 0.14609375 0.1015625
1 0.79375 0.815625 0.14140625 0.10390625
1 0.91171875 0.846875 0.13359375 0.14453125
1 0.1046875 0.8640625 0.11953125 0.10546875
1 0.12578125 0.9375 0.1078125 0.10234375