1 0.74765625 0.11484375 0.1078125 0.15390625
1 0.85234375 0.090625 0.09921875 0.14140625
1 0.82578125 0.19921875 0.09453125 0.10859375
1 0.696875 0.35234375 0.065625 0.09921875
1 0.61484375 0.5140625 0.11015625 0.16796875
1 0.71875 0.56640625 0.0828125 0.128125
1 0.56484375 0.41015625 0.0796875 0.13046875
1 0.48046875 0.403125 0.07109375 0.11640625
1 0.36328125 0.1609375 0.1078125 0.1171875
1 0.121875 0.096875 0.1328125 0.17578125
1 0.1078125 0.02109375 0.128125 0.0421875
1 0.85859375 0.915625 0.059375 0.10625
1 0.94296875 0.8703125 0.06796875 0.090625