1 0.1625 0.196875 0.12734375 0.13046875
1 0.23125 0.24453125 0.0953125 0.11328125
1 0.13828125 0.28125 0.0734375 0.15546875
1 0.0578125 0.296875 0.11484375 0.1546875
1 0.07421875 0.4671875 0.1484375 0.134375
1 0.1609375 0.50078125 0.08203125 0.140625
1 0.19921875 0.58046875 0.115625 0.1453125
1 0.28203125 0.5984375 0.0625 0.0953125
1 0.49140625 0.75234375 0.08125 0.1046875
1 0.328125 0.56640625 0.0484375 0.04921875
1 0.30625 0.409375 0.11171875 0.1390625
1 0.39609375 0.36015625 0.07265625 0.09375
1 0.48203125 0.31953125 0.14765625 0.184375
1 0.6359375 0.28828125 0.08828125 0.08359375
1 0.67265625 0.25234375 0.07578125 0.0703125
1 0.65625 0.39375 0.09609375 0.09765625
1 0.784375 0.11796875 0.0859375 0.1171875
1 0.8765625 0.04140625 0.078125 0.06484375