1 0.51796875 0.2484375 0.06875 0.09921875
1 0.80546875 0.3984375 0.11796875 0.15234375
1 0.93046875 0.51953125 0.115625 0.1734375
1 0.915625 0.6984375 0.14296875 0.14375
1 0.84921875 0.81875 0.0828125 0.08984375
1 0.7703125 0.74296875 0.0671875 0.11015625
1 0.69765625 0.7359375 0.0625 0.11875
1 0.69375 0.59375 0.1078125 0.13125
1 0.7109375 0.39375 0.0578125 0.09765625
1 0.6625 0.4421875 0.0296875 0.04140625
1 0.65390625 0.36015625 0.046875 0.0609375
1 0.59609375 0.6265625 0.05625 0.075
1 0.509375 0.68125 0.0890625 0.15390625
1 0.55390625 0.54609375 0.0609375 0.0859375
1 0.34921875 0.5921875 0.0859375 0.0859375
1 0.32890625 0.74453125 0.06015625 0.0640625
1 0.21953125 0.86328125 0.0921875 0.10703125
1 0.1390625 0.95546875 0.08515625 0.08125
1 0.221875 0.4703125 0.0546875 0.0640625