1 0.796875 0.15703125 0.121875 0.1140625
1 0.7671875 0.23359375 0.14296875 0.13515625
1 0.69765625 0.1296875 0.15234375 0.09296875
1 0.6984375 0.06171875 0.1546875 0.1234375
1 0.5171875 0.07109375 0.18203125 0.1421875
1 0.50390625 0.1328125 0.17109375 0.13125
1 0.39296875 0.1828125 0.18828125 0.1609375
1 0.39921875 0.278125 0.12109375 0.10703125
1 0.43359375 0.3140625 0.07265625 0.07265625
1 0.59140625 0.30859375 0.18046875 0.1515625
1 0.63828125 0.37890625 0.09765625 0.1
1 0.68515625 0.47265625 0.18671875 0.159375
1 0.609375 0.65703125 0.1203125 0.13828125
1 0.86640625 0.775 0.1015625 0.140625
1 0.95078125 0.8578125 0.0984375 0.1296875
1 0.2375 0.48359375 0.11328125 0.1125
1 0.93828125 0.07890625 0.11171875 0.103125