1 0.93203125 0.7921875 0.1359375 0.19140625
1 0.409375 0.48671875 0.0984375 0.11328125
1 0.47421875 0.5265625 0.05703125 0.075
1 0.44140625 0.403125 0.05703125 0.0578125
1 0.27109375 0.2515625 0.11484375 0.1390625
1 0.28515625 0.14765625 0.0734375 0.08515625
1 0.3203125 0.04453125 0.103125 0.0890625
1 0.41328125 0.03046875 0.0609375 0.0609375
1 0.1140625 0.125 0.046875 0.040625
1 0.01640625 0.06015625 0.0328125 0.08203125
1 0.0703125 0.33515625 0.071875 0.0921875
1 0.03828125 0.41875 0.0609375 0.0953125
1 0.6359375 0.2625 0.0671875 0.128125