1 0.98203125 0.94296875 0.0359375 0.05703125
1 0.89140625 0.8671875 0.04140625 0.06015625
1 0.6875 0.94921875 0.071875 0.08125
1 0.59765625 0.96953125 0.0734375 0.06015625
1 0.73984375 0.753125 0.0890625 0.12265625
1 0.984375 0.6484375 0.03046875 0.05
1 0.965625 0.575 0.05390625 0.07421875
1 0.93671875 0.65 0.05703125 0.0765625
1 0.89296875 0.66171875 0.02578125 0.07734375
1 0.5953125 0.51796875 0.0703125 0.09765625
1 0.56171875 0.5953125 0.0421875 0.03984375
1 0.52734375 0.48359375 0.04921875 0.06796875
1 0.35625 0.72890625 0.07265625 0.11640625
1 0.06171875 0.1953125 0.115625 0.1875
1 0.64296875 0.22890625 0.06640625 0.08671875
1 0.0109375 0.8171875 0.021875 0.0796875
1 0.72578125 0.8578125 0.04609375 0.05078125