1 0.8578125 0.44140625 0.0890625 0.10234375
1 0.73671875 0.1671875 0.09140625 0.1015625
1 0.69453125 0.0953125 0.0515625 0.05546875
1 0.68203125 0.275 0.0390625 0.06796875
1 0.7921875 0.64375 0.06875 0.08125
1 0.71875 0.66171875 0.0859375 0.10859375
1 0.7140625 0.74609375 0.06875 0.08125
1 0.6453125 0.77265625 0.05 0.0734375
1 0.67890625 0.825 0.06484375 0.065625
1 0.56953125 0.81171875 0.04140625 0.06640625
1 0.51875 0.6921875 0.090625 0.115625
1 0.41328125 0.6875 0.09296875 0.1109375
1 0.396875 0.87265625 0.06875 0.08984375
1 0.028125 0.7265625 0.05546875 0.20625
1 0.0328125 0.9359375 0.0609375 0.08828125
1 0.00859375 0.56484375 0.0171875 0.08828125
1 0.46328125 0.809375 0.0328125 0.065625
1 0.98515625 0.39921875 0.0296875 0.0984375
1 0.8328125 0.56875 0.053125 0.04296875