1 0.85390625 0.43359375 0.08515625 0.10078125
1 0.73984375 0.1609375 0.08828125 0.1109375
1 0.6953125 0.09140625 0.040625 0.05703125
1 0.68984375 0.1625 0.0328125 0.065625
1 0.6890625 0.27265625 0.05390625 0.05
1 0.98203125 0.3640625 0.0359375 0.0515625
1 0.7890625 0.6390625 0.084375 0.090625
1 0.71015625 0.653125 0.06875 0.07734375
1 0.71328125 0.7484375 0.06171875 0.09453125
1 0.68046875 0.8234375 0.059375 0.06640625
1 0.65390625 0.765625 0.05 0.0765625
1 0.52890625 0.696875 0.0578125 0.12890625
1 0.409375 0.69375 0.07578125 0.0921875
1 0.403125 0.878125 0.08515625 0.1015625
1 0.0296875 0.72421875 0.059375 0.1796875
1 0.03046875 0.94765625 0.0609375 0.0953125
1 0.565625 0.8171875 0.05546875 0.07265625
1 0.746875 0.459375 0.05390625 0.06875
1 0.7609375 0.51640625 0.04140625 0.04921875
1 0.81171875 0.56171875 0.04140625 0.0375