1 0.95546875 0.06015625 0.0890625 0.1078125
1 0.96875 0.29140625 0.0625 0.2265625
1 0.6140625 0.1125 0.09765625 0.12109375
1 0.58125 0.296875 0.1390625 0.1484375
1 0.478125 0.296875 0.11328125 0.13828125
1 0.44453125 0.1796875 0.11015625 0.0859375
1 0.321875 0.18125 0.07421875 0.06171875
1 0.3625 0.2359375 0.08515625 0.0859375
1 0.296875 0.24375 0.1078125 0.090625
1 0.2734375 0.33671875 0.09296875 0.09609375
1 0.20859375 0.35 0.0859375 0.09609375
1 0.15 0.5640625 0.12421875 0.10234375
1 0.265625 0.83828125 0.109375 0.1125
1 0.31328125 0.9015625 0.0671875 0.0890625
1 0.31953125 0.734375 0.05859375 0.06875
1 0.01640625 0.59921875 0.0328125 0.13046875