1 0.7875 0.1078125 0.246875 0.20234375
1 0.7890625 0.2296875 0.16484375 0.10546875
1 0.4484375 0.20390625 0.27890625 0.20390625
1 0.48046875 0.071875 0.21484375 0.1203125
1 0.1875 0.0453125 0.1 0.090625
1 0.0859375 0.540625 0.171875 0.15859375
1 0.1171875 0.44609375 0.1703125 0.0953125
1 0.18984375 0.484375 0.1609375 0.1453125
1 0.24765625 0.61796875 0.18125 0.16796875
1 0.153125 0.74140625 0.23125 0.20078125
1 0.57734375 0.853125 0.16796875 0.18984375
1 0.3828125 0.9734375 0.1578125 0.05234375
1 0.47421875 0.571875 0.128125 0.1546875