1 0.11015625 0.1953125 0.2203125 0.271875
1 0.23359375 0.18984375 0.14765625 0.19609375
1 0.2015625 0.52890625 0.24765625 0.28203125
1 0.0796875 0.52578125 0.153125 0.19140625
1 0.05 0.8140625 0.0890625 0.121875
1 0.47890625 0.79765625 0.1046875 0.18515625
1 0.56171875 0.9015625 0.1578125 0.19609375
1 0.6046875 0.7578125 0.15390625 0.19140625
1 0.73828125 0.8390625 0.234375 0.23515625
1 0.43515625 0.89453125 0.0765625 0.165625
1 0.875 0.43671875 0.19765625 0.21640625
1 0.971875 0.6140625 0.05625 0.14921875
1 0.59921875 0.5109375 0.12734375 0.1234375