1 0.0984375 0.20859375 0.1671875 0.21875
1 0.240625 0.2046875 0.1 0.15703125
1 0.1640625 0.515625 0.2828125 0.28046875
1 0.88203125 0.45 0.21328125 0.20234375
1 0.975 0.6390625 0.04921875 0.16171875
1 0.746875 0.8546875 0.175 0.234375
1 0.60078125 0.75234375 0.09765625 0.17421875
1 0.553125 0.91796875 0.15390625 0.15546875
1 0.48046875 0.784375 0.13125 0.10078125
1 0.4265625 0.9 0.08359375 0.11953125
1 0.053125 0.81015625 0.09375 0.10390625
1 0.7375 0.56328125 0.06875 0.128125
1 0.60234375 0.51015625 0.115625 0.08203125
1 0.50859375 0.49765625 0.05 0.1
1 0.50625 0.6234375 0.03359375 0.1078125