1 0.8796875 0.48828125 0.12421875 0.17890625
1 0.9765625 0.51328125 0.046875 0.19765625
1 0.9609375 0.20390625 0.078125 0.19765625
1 0.78828125 0.28828125 0.04296875 0.06796875
1 0.49765625 0.7140625 0.09296875 0.18203125
1 0.46796875 0.8515625 0.096875 0.1234375
1 0.46875 0.9234375 0.1015625 0.08125
1 0.40625 0.73125 0.07890625 0.19375
1 0.36328125 0.8234375 0.078125 0.103125
1 0.44609375 0.6015625 0.0921875 0.1125
1 0.06875 0.61015625 0.1109375 0.06796875
1 0.47421875 0.225 0.03671875 0.096875