1 0.61640625 0.67421875 0.0859375 0.14765625
1 0.45546875 0.81328125 0.103125 0.090625
1 0.83359375 0.63125 0.0625 0.06171875
1 0.809375 0.56953125 0.05625 0.0640625
1 0.7515625 0.6234375 0.02890625 0.05
1 0.390625 0.3953125 0.12890625 0.134375
1 0.278125 0.48984375 0.08828125 0.12890625
1 0.1796875 0.41875 0.1078125 0.09609375
1 0.11015625 0.30859375 0.06484375 0.11015625
1 0.35546875 0.68671875 0.11328125 0.14921875
1 0.26484375 0.725 0.065625 0.12421875
1 0.25078125 0.60546875 0.0890625 0.1015625
1 0.0765625 0.6625 0.0765625 0.0859375
1 0.39296875 0.2625 0.0625 0.1046875
1 0.1796875 0.978125 0.08984375 0.04375