1 0.83203125 0.57265625 0.08125 0.1125
1 0.7796875 0.65703125 0.10234375 0.1
1 0.73203125 0.5546875 0.09921875 0.13046875
1 0.85625 0.81484375 0.06328125 0.09140625
1 0.75 0.759375 0.0875 0.08125
1 0.2734375 0.43828125 0.11953125 0.13671875
1 0.26640625 0.5828125 0.08828125 0.1328125
1 0.38671875 0.88828125 0.04921875 0.08984375
1 0.2078125 0.91953125 0.0828125 0.08203125
1 0.1078125 0.85703125 0.07265625 0.08671875
1 0.0359375 0.865625 0.059375 0.10703125
1 0.92734375 0.3453125 0.0546875 0.10625