1 0.9296875 0.70234375 0.04140625 0.07421875
1 0.715625 0.321875 0.0265625 0.0421875
1 0.78984375 0.4015625 0.0234375 0.02421875
1 0.571875 0.278125 0.01953125 0.04765625
1 0.43984375 0.39765625 0.05703125 0.11328125
1 0.465625 0.49375 0.0109375 0.05703125
1 0.484375 0.5953125 0.05859375 0.1046875
1 0.54609375 0.63515625 0.03828125 0.09921875
1 0.49140625 0.709375 0.05 0.10625
1 0.47734375 0.88125 0.06171875 0.1609375
1 0.25703125 0.69296875 0.05625 0.090625
1 0.35234375 0.315625 0.015625 0.05234375
1 0.24921875 0.80078125 0.040625 0.13359375
1 0.16015625 0.56328125 0.01875 0.071875
1 0.89296875 0.12421875 0.03046875 0.04765625
1 0.11171875 0.49609375 0.05 0.04921875