1 0.9875 0.4296875 0.025 0.05390625
1 0.92734375 0.403125 0.05703125 0.0703125
1 0.8515625 0.40625 0.03828125 0.06484375
1 0.7828125 0.37109375 0.0609375 0.05546875
1 0.74921875 0.43125 0.05078125 0.05078125
1 0.72890625 0.646875 0.0484375 0.05859375
1 0.67890625 0.69375 0.04765625 0.06484375
1 0.6203125 0.496875 0.059375 0.075
1 0.559375 0.4859375 0.05234375 0.07578125
1 0.61015625 0.33984375 0.0703125 0.05703125
1 0.60390625 0.26796875 0.0578125 0.06328125
1 0.5078125 0.20234375 0.046875 0.065625
1 0.47734375 0.6890625 0.0640625 0.10859375
1 0.5609375 0.7203125 0.0859375 0.08828125
1 0.32265625 0.575 0.09296875 0.13203125
1 0.2015625 0.503125 0.09453125 0.12578125
1 0.10078125 0.47890625 0.08359375 0.1296875
1 0.26796875 0.78125 0.08671875 0.0984375
1 0.19140625 0.7640625 0.0546875 0.09140625
1 0.26953125 0.68828125 0.0546875 0.06484375
1 0.34296875 0.70546875 0.03828125 0.065625
1 0.84921875 0.25546875 0.05625 0.0640625