1 0.98671875 0.43671875 0.0265625 0.0453125
1 0.91015625 0.415625 0.0296875 0.0703125
1 0.940625 0.41171875 0.03203125 0.04765625
1 0.8515625 0.4203125 0.0328125 0.0390625
1 0.78125 0.375 0.05625 0.046875
1 0.7484375 0.4171875 0.04296875 0.05078125
1 0.60625 0.3375 0.0609375 0.04609375
1 0.6078125 0.26953125 0.04765625 0.05703125
1 0.715625 0.65 0.0578125 0.05390625
1 0.6796875 0.690625 0.0578125 0.0640625
1 0.6234375 0.4984375 0.0515625 0.0703125
1 0.55390625 0.48515625 0.059375 0.0796875
1 0.503125 0.19609375 0.0328125 0.0578125
1 0.59296875 0.71171875 0.03828125 0.0671875
1 0.5546875 0.71796875 0.05703125 0.08671875
1 0.47890625 0.690625 0.08203125 0.10390625
1 0.321875 0.58046875 0.1015625 0.1234375
1 0.20078125 0.51484375 0.090625 0.12109375
1 0.1 0.484375 0.096875 0.10078125
1 0.2671875 0.6796875 0.0671875 0.0828125
1 0.2671875 0.7859375 0.09453125 0.10390625
1 0.1921875 0.77265625 0.0546875 0.0765625