1 0.7796875 0.33671875 0.16484375 0.196875
1 0.60546875 0.33515625 0.14921875 0.2015625
1 0.7734375 0.53359375 0.1828125 0.20234375
1 0.9640625 0.67578125 0.07109375 0.221875
1 0.8984375 0.52890625 0.0640625 0.0609375
1 0.65859375 0.65234375 0.07734375 0.09453125
1 0.16640625 0.61640625 0.09765625 0.13828125
1 0.15859375 0.73203125 0.07265625 0.0890625
1 0.0484375 0.78203125 0.096875 0.0953125
1 0.26640625 0.9171875 0.07421875 0.0859375
1 0.3453125 0.78359375 0.06015625 0.13984375
1 0.3 0.6484375 0.04921875 0.12265625