1 0.9078125 0.38515625 0.0453125 0.0375
1 0.90234375 0.334375 0.04453125 0.059375
1 0.78984375 0.44921875 0.05 0.06953125
1 0.71875 0.471875 0.0453125 0.08203125
1 0.6828125 0.39921875 0.053125 0.08671875
1 0.6890625 0.2546875 0.03984375 0.0546875
1 0.61640625 0.1734375 0.065625 0.0734375
1 0.57734375 0.1390625 0.05546875 0.07421875
1 0.603125 0.07734375 0.0484375 0.0515625
1 0.50625 0.2953125 0.0578125 0.08671875
1 0.56484375 0.39453125 0.05703125 0.06640625
1 0.5671875 0.44609375 0.07265625 0.0578125
1 0.6 0.4890625 0.06875 0.075
1 0.475 0.46796875 0.10703125 0.10234375
1 0.365625 0.321875 0.06484375 0.0875
1 0.20703125 0.3515625 0.13046875 0.1140625
1 0.13984375 0.47265625 0.125 0.12734375
1 0.03984375 0.72578125 0.05859375 0.0890625
1 0.4609375 0.7421875 0.06875 0.090625
1 0.45234375 0.5734375 0.0671875 0.08984375
1 0.57734375 0.57421875 0.0453125 0.06875
1 0.43671875 0.821875 0.0296875 0.04140625