1 0.81875 0.23203125 0.0984375 0.128125
1 0.81875 0.11796875 0.03359375 0.04921875
1 0.70234375 0.44140625 0.075 0.09765625
1 0.69609375 0.54375 0.078125 0.078125
1 0.621875 0.4796875 0.0625 0.115625
1 0.47578125 0.5046875 0.12890625 0.13203125
1 0.41484375 0.62421875 0.08984375 0.0890625
1 0.571875 0.725 0.06171875 0.09375
1 0.64609375 0.7484375 0.028125 0.078125
1 0.53125 0.62265625 0.0609375 0.0859375
1 0.390625 0.9359375 0.08359375 0.11484375
1 0.3296875 0.61796875 0.04296875 0.0765625
1 0.03828125 0.078125 0.0765625 0.15625