1 0.8984375 0.584375 0.046875 0.0828125
1 0.94140625 0.59453125 0.034375 0.0453125
1 0.95234375 0.39375 0.0421875 0.0484375
1 0.81953125 0.3859375 0.0515625 0.0421875
1 0.696875 0.54296875 0.0515625 0.071875
1 0.6765625 0.690625 0.046875 0.05546875
1 0.6 0.62734375 0.053125 0.05703125
1 0.453125 0.4859375 0.06171875 0.05859375
1 0.44765625 0.66953125 0.05546875 0.0703125
1 0.39140625 0.6234375 0.0625 0.05390625
1 0.13203125 0.746875 0.08671875 0.0515625
1 0.2484375 0.86328125 0.05625 0.1078125
1 0.29296875 0.91875 0.0609375 0.071875
1 0.34296875 0.90234375 0.0375 0.04765625
1 0.0984375 0.846875 0.0421875 0.04296875
1 0.18671875 0.52421875 0.0359375 0.03828125
1 0.225 0.2234375 0.05078125 0.09921875