1 0.8578125 0.571875 0.06796875 0.0859375
1 0.96640625 0.45625 0.06640625 0.0625
1 0.97421875 0.71875 0.04375 0.059375
1 0.76015625 0.54453125 0.10625 0.0734375
1 0.471875 0.58515625 0.11640625 0.07421875
1 0.4953125 0.6453125 0.07265625 0.07890625
1 0.3609375 0.40625 0.08203125 0.09609375
1 0.37734375 0.34296875 0.06171875 0.0703125
1 0.48203125 0.17421875 0.15390625 0.1234375
1 0.31796875 0.14296875 0.103125 0.09765625
1 0.25234375 0.15859375 0.07734375 0.0703125
1 0.19609375 0.1921875 0.07734375 0.09453125
1 0.32734375 0.28515625 0.05703125 0.0625
1 0.22109375 0.2828125 0.11171875 0.084375
1 0.28046875 0.365625 0.11328125 0.11640625
1 0.11953125 0.47421875 0.1171875 0.07734375
1 0.09765625 0.525 0.11640625 0.08828125
1 0.54765625 0.6953125 0.07109375 0.0609375
1 0.5 0.7265625 0.07265625 0.0328125
1 0.3546875 0.89453125 0.059375 0.059375