1 0.78046875 0.5125 0.08671875 0.13203125
1 0.75 0.3578125 0.05625 0.128125
1 0.771875 0.23828125 0.04296875 0.04921875
1 0.67890625 0.1921875 0.08203125 0.11328125
1 0.3828125 0.07109375 0.06484375 0.0953125
1 0.23203125 0.20625 0.03359375 0.08828125
1 0.321875 0.296875 0.0796875 0.12421875
1 0.23828125 0.3671875 0.02734375 0.0359375
1 0.29140625 0.40859375 0.03046875 0.04375
1 0.65234375 0.4609375 0.046875 0.0859375
1 0.58671875 0.4703125 0.034375 0.05234375
1 0.63046875 0.55703125 0.05 0.0734375
1 0.60078125 0.62421875 0.03671875 0.05859375
1 0.2359375 0.6796875 0.071875 0.1359375