1 0.19140625 0.92578125 0.08984375 0.1203125
1 0.25 0.759375 0.08125 0.13984375
1 0.571875 0.5671875 0.06875 0.1234375
1 0.61640625 0.6359375 0.05078125 0.0921875
1 0.6578125 0.725 0.053125 0.0921875
1 0.646875 0.3703125 0.06171875 0.08515625
1 0.59375 0.30703125 0.04140625 0.078125
1 0.56875 0.38984375 0.0703125 0.07109375
1 0.52421875 0.43671875 0.0578125 0.06640625
1 0.5078125 0.36953125 0.06875 0.05234375
1 0.3546875 0.30859375 0.03359375 0.06015625
1 0.31484375 0.41015625 0.06171875 0.10234375
1 0.0109375 0.4046875 0.021875 0.08359375
1 0.28203125 0.040625 0.04453125 0.07578125