1 0.68984375 0.30625 0.0828125 0.0875
1 0.40234375 0.47734375 0.115625 0.1578125
1 0.3609375 0.634375 0.05859375 0.0765625
1 0.32734375 0.715625 0.08046875 0.13125
1 0.34140625 0.559375 0.034375 0.06328125
1 0.28828125 0.4046875 0.07890625 0.11015625
1 0.259375 0.50390625 0.07421875 0.090625
1 0.25625 0.19921875 0.06328125 0.08046875
1 0.246875 0.1078125 0.07109375 0.084375
1 0.95546875 0.4015625 0.0578125 0.0953125
1 0.70703125 0.07578125 0.0453125 0.06015625
1 0.5328125 0.6515625 0.06484375 0.13671875