1 0.88515625 0.3765625 0.06328125 0.08046875
1 0.80703125 0.44140625 0.0453125 0.0625
1 0.76015625 0.43203125 0.08828125 0.09296875
1 0.6890625 0.29609375 0.0671875 0.09375
1 0.79453125 0.25234375 0.05 0.0765625
1 0.865625 0.184375 0.0421875 0.06484375
1 0.9265625 0.15703125 0.0796875 0.10390625
1 0.8546875 0.084375 0.0296875 0.04765625
1 0.93984375 0.25078125 0.04921875 0.05078125
1 0.753125 0.5890625 0.04453125 0.0703125
1 0.8234375 0.65234375 0.03828125 0.05859375
1 0.83359375 0.7140625 0.040625 0.0484375
1 0.3765625 0.5828125 0.13125 0.1203125
1 0.28984375 0.60390625 0.08671875 0.13515625
1 0.5671875 0.778125 0.07265625 0.0828125
1 0.51171875 0.8515625 0.05859375 0.07890625
1 0.55390625 0.90234375 0.06796875 0.08203125
1 0.11484375 0.68984375 0.078125 0.11171875
1 0.05078125 0.74140625 0.1015625 0.11640625
1 0.0578125 0.55390625 0.115625 0.10703125