1 0.928125 0.1484375 0.065625 0.1015625
1 0.871875 0.184375 0.0375 0.075
1 0.8578125 0.10234375 0.0234375 0.04765625
1 0.93828125 0.25390625 0.04140625 0.04609375
1 0.7875 0.25078125 0.04453125 0.0546875
1 0.88046875 0.37734375 0.0578125 0.07578125
1 0.69375 0.303125 0.0640625 0.10234375
1 0.7390625 0.4296875 0.053125 0.1
1 0.7546875 0.58828125 0.034375 0.08203125
1 0.82421875 0.6828125 0.053125 0.11484375
1 0.578125 0.7828125 0.0671875 0.0828125
1 0.53046875 0.8828125 0.09296875 0.1078125
1 0.365625 0.58515625 0.0875 0.1296875
1 0.2859375 0.6046875 0.05078125 0.096875
1 0.071875 0.71171875 0.14375 0.1578125
1 0.06015625 0.5796875 0.10078125 0.0578125