1 0.1984375 0.1171875 0.0765625 0.1046875
1 0.5453125 0.06796875 0.07734375 0.13125
1 0.428125 0.296875 0.071875 0.06015625
1 0.42578125 0.3875 0.08203125 0.10390625
1 0.3578125 0.3984375 0.03828125 0.0609375
1 0.23828125 0.478125 0.06796875 0.10625
1 0.4859375 0.575 0.05 0.0984375
1 0.52578125 0.7171875 0.05703125 0.12734375
1 0.43203125 0.740625 0.07265625 0.08671875
1 0.25546875 0.65859375 0.0578125 0.08671875
1 0.32421875 0.69140625 0.0578125 0.07890625
1 0.303125 0.78671875 0.1265625 0.10546875
1 0.3359375 0.88046875 0.08203125 0.0640625
1 0.221875 0.96875 0.078125 0.0625
1 0.49140625 0.95234375 0.06796875 0.09375
1 0.6953125 0.79609375 0.0734375 0.1015625
1 0.6703125 0.69375 0.04140625 0.08046875
1 0.7484375 0.71953125 0.053125 0.05078125
1 0.87265625 0.66015625 0.084375 0.11171875
1 0.815625 0.53046875 0.08046875 0.11484375
1 0.93671875 0.5078125 0.0328125 0.08125
1 0.85859375 0.24296875 0.05546875 0.10078125
1 0.9625 0.2015625 0.07421875 0.1015625
1 0.025 0.859375 0.0390625 0.0484375