1 0.86953125 0.240625 0.06328125 0.09375
1 0.9671875 0.21328125 0.065625 0.0890625
1 0.9453125 0.50390625 0.04140625 0.0859375
1 0.8109375 0.528125 0.10625 0.10390625
1 0.8734375 0.646875 0.09375 0.109375
1 0.75703125 0.73515625 0.065625 0.0953125
1 0.690625 0.7859375 0.1015625 0.10390625
1 0.67578125 0.68046875 0.05390625 0.07578125
1 0.528125 0.721875 0.0875 0.14453125
1 0.44296875 0.74609375 0.08515625 0.11796875
1 0.4890625 0.94765625 0.1 0.10390625
1 0.30703125 0.78203125 0.0546875 0.08671875
1 0.34375 0.8046875 0.0609375 0.07578125
1 0.32578125 0.86640625 0.1 0.09140625
1 0.26484375 0.7734375 0.0890625 0.10546875
1 0.21875 0.9609375 0.09375 0.078125
1 0.028125 0.86015625 0.034375 0.05234375
1 0.25703125 0.66015625 0.078125 0.07421875
1 0.2421875 0.453125 0.034375 0.05546875
1 0.35078125 0.3953125 0.0578125 0.07421875
1 0.42265625 0.3796875 0.08046875 0.0828125
1 0.47890625 0.55703125 0.0734375 0.08125
1 0.42734375 0.29375 0.05078125 0.053125
1 0.53203125 0.0875 0.04609375 0.0796875
1 0.5609375 0.05703125 0.0546875 0.11171875
1 0.19921875 0.10703125 0.08671875 0.10546875