1 0.4375 0.3546875 0.1171875 0.09453125
1 0.5109375 0.49140625 0.0828125 0.10078125
1 0.27109375 0.8671875 0.0734375 0.09609375
1 0.3234375 0.97265625 0.0609375 0.0546875
1 0.36328125 0.93125 0.05390625 0.084375
1 0.58828125 0.903125 0.0671875 0.09296875
1 0.446875 0.9359375 0.0671875 0.08828125
1 0.7375 0.83046875 0.0828125 0.09140625
1 0.36171875 0.6734375 0.05625 0.04375
1 0.40546875 0.0578125 0.075 0.08125
1 0.4203125 0.10078125 0.02421875 0.0390625
1 0.5546875 0.2078125 0.07421875 0.0671875
1 0.6234375 0.725 0.0625 0.04609375
1 0.38515625 0.74375 0.05 0.0671875
1 0.76171875 0.90703125 0.0453125 0.0515625