1 0.55859375 0.6390625 0.05 0.07109375
1 0.4984375 0.5109375 0.04140625 0.06484375
1 0.6 0.459375 0.03203125 0.04609375
1 0.60390625 0.41875 0.03046875 0.03984375
1 0.6359375 0.321875 0.0453125 0.059375
1 0.6125 0.25078125 0.04765625 0.05625
1 0.37265625 0.2703125 0.04296875 0.0375
1 0.2671875 0.17265625 0.04609375 0.05390625
1 0.2359375 0.0765625 0.0359375 0.0359375
1 0.409375 0.10078125 0.04453125 0.06328125
1 0.63125 0.07265625 0.0359375 0.04609375
1 0.73515625 0.1390625 0.0265625 0.05
1 0.68125 0.0203125 0.0515625 0.03984375
1 0.66484375 0.065625 0.04140625 0.0453125
1 0.61015625 0.03828125 0.0328125 0.0265625
1 0.6171875 0.01328125 0.03828125 0.02578125
1 0.54765625 0.06171875 0.04296875 0.059375
1 0.82421875 0.07265625 0.0390625 0.0375
1 0.52890625 0.17265625 0.03203125 0.05390625
1 0.52890625 0.46953125 0.053125 0.05703125
1 0.50625 0.72890625 0.03515625 0.06953125
1 0.446875 0.790625 0.03984375 0.06875
1 0.5859375 0.88515625 0.046875 0.05703125
1 0.60859375 0.9359375 0.05234375 0.065625
1 0.5109375 0.8984375 0.04375 0.0703125
1 0.4109375 0.3015625 0.03515625 0.04609375
1 0.82890625 0.30546875 0.040625 0.0546875