1 0.81796875 0.334375 0.04921875 0.0625
1 0.89609375 0.18125 0.01796875 0.04140625
1 0.95859375 0.03828125 0.06015625 0.04375
1 0.8328125 0.15546875 0.04765625 0.04765625
1 0.65859375 0.71171875 0.0546875 0.07578125
1 0.634375 0.8390625 0.0515625 0.03671875
1 0.615625 0.78984375 0.06171875 0.05
1 0.39609375 0.60234375 0.08984375 0.08203125
1 0.2640625 0.74921875 0.0875 0.08828125
1 0.1484375 0.70859375 0.12421875 0.0875
1 0.09453125 0.82109375 0.090625 0.0796875
1 0.1953125 0.4875 0.053125 0.08046875
1 0.603125 0.57734375 0.02890625 0.04140625
1 0.89765625 0.13125 0.03515625 0.02578125