1 0.66171875 0.709375 0.065625 0.08828125
1 0.62734375 0.8078125 0.0734375 0.0953125
1 0.8125 0.33515625 0.05546875 0.06796875
1 0.2609375 0.7328125 0.0796875 0.12421875
1 0.1484375 0.70546875 0.09140625 0.09296875
1 0.096875 0.82265625 0.09453125 0.10234375
1 0.95390625 0.0453125 0.06015625 0.0703125
1 0.90078125 0.15859375 0.05625 0.08359375
1 0.83046875 0.15234375 0.05 0.071875
1 0.1765625 0.47265625 0.08046875 0.09921875
1 0.4265625 0.61796875 0.1109375 0.10703125
1 0.6109375 0.5953125 0.04140625 0.06640625
1 0.75703125 0.61015625 0.03203125 0.05