1 0.57109375 0.15234375 0.1140625 0.12890625
1 0.38203125 0.07265625 0.08203125 0.1296875
1 0.4203125 0.31875 0.12421875 0.1140625
1 0.2234375 0.41796875 0.1765625 0.20625
1 0.44375 0.51796875 0.06484375 0.090625
1 0.35703125 0.58984375 0.0703125 0.21875
1 0.11484375 0.625 0.1078125 0.1515625
1 0.86640625 0.73671875 0.0609375 0.0640625
1 0.9328125 0.81875 0.08984375 0.0890625
1 0.840625 0.8546875 0.0734375 0.078125
1 0.80625 0.953125 0.07421875 0.0890625
1 0.65390625 0.24765625 0.03515625 0.09453125