1 0.50390625 0.18671875 0.1546875 0.109375
1 0.51953125 0.32109375 0.15390625 0.13828125
1 0.43125 0.5671875 0.16953125 0.1296875
1 0.77890625 0.4234375 0.0859375 0.09296875
1 0.85625 0.4890625 0.12890625 0.1125
1 0.40703125 0.72421875 0.09921875 0.1234375
1 0.8359375 0.609375 0.0875 0.103125
1 0.9640625 0.5625 0.071875 0.12578125
1 0.96796875 0.4109375 0.0640625 0.0734375
1 0.87109375 0.3984375 0.09921875 0.06875
1 0.83828125 0.30625 0.09296875 0.0609375
1 0.5859375 0.01953125 0.0625 0.03828125
1 0.48984375 0.0890625 0.05234375 0.03828125
1 0.43671875 0.02109375 0.046875 0.034375