1 0.79140625 0.31015625 0.121875 0.0953125
1 0.9328125 0.32421875 0.0890625 0.065625
1 0.915625 0.24375 0.0984375 0.0703125
1 0.9734375 0.18984375 0.053125 0.05859375
1 0.69609375 0.2421875 0.11796875 0.05
1 0.584375 0.5515625 0.09609375 0.103125
1 0.4921875 0.58046875 0.16328125 0.13046875
1 0.47734375 0.675 0.1765625 0.121875
1 0.35625 0.54609375 0.12109375 0.10390625
1 0.40234375 0.47109375 0.07421875 0.06015625
1 0.04375 0.3953125 0.0671875 0.046875
1 0.7828125 0.76875 0.05703125 0.05390625
1 0.5578125 0.790625 0.05390625 0.0546875
1 0.53125 0.95 0.08203125 0.07421875