1 0.68046875 0.51328125 0.1078125 0.14921875
1 0.56171875 0.5265625 0.10390625 0.13359375
1 0.53203125 0.6453125 0.0984375 0.1
1 0.55625 0.40703125 0.07734375 0.0921875
1 0.3109375 0.2015625 0.11015625 0.11796875
1 0.24140625 0.08046875 0.071875 0.09609375
1 0.315625 0.06875 0.0703125 0.08203125
1 0.19296875 0.01171875 0.0546875 0.02265625
1 0.78046875 0.221875 0.0625 0.0421875
1 0.9546875 0.4796875 0.0375 0.07265625
1 0.80703125 0.415625 0.0671875 0.0671875
1 0.78984375 0.46953125 0.05 0.05234375
1 0.465625 0.59375 0.0734375 0.06015625
1 0.24140625 0.29765625 0.06171875 0.1234375