1 0.75234375 0.69296875 0.0515625 0.13125
1 0.69609375 0.79140625 0.09921875 0.12734375
1 0.765625 0.9171875 0.07734375 0.1171875
1 0.69921875 0.92734375 0.06484375 0.09765625
1 0.64296875 0.9265625 0.03203125 0.059375
1 0.28671875 0.77265625 0.02734375 0.03203125
1 0.22734375 0.77421875 0.0546875 0.03984375
1 0.44609375 0.5875 0.0703125 0.0890625
1 0.43046875 0.478125 0.0875 0.1140625
1 0.3234375 0.4875 0.1 0.1328125
1 0.45546875 0.35546875 0.075 0.10546875
1 0.53046875 0.3953125 0.046875 0.0640625
1 0.60703125 0.046875 0.040625 0.05703125
1 0.55 0.33515625 0.0609375 0.0296875
1 0.5625 0.09765625 0.03984375 0.046875
1 0.20859375 0.57734375 0.053125 0.06875
1 0.2109375 0.51640625 0.053125 0.03984375
1 0.04765625 0.5265625 0.0421875 0.0828125
1 0.81640625 0.97109375 0.0828125 0.05703125