1 0.7546875 0.1421875 0.10390625 0.06484375
1 0.7890625 0.4140625 0.08984375 0.06796875
1 0.734375 0.36171875 0.0765625 0.05546875
1 0.465625 0.49609375 0.1796875 0.153125
1 0.371875 0.475 0.0875 0.0890625
1 0.48359375 0.396875 0.103125 0.0671875
1 0.41484375 0.41875 0.07734375 0.07265625
1 0.33984375 0.39921875 0.06640625 0.05
1 0.303125 0.56171875 0.16328125 0.1078125
1 0.3 0.6203125 0.22109375 0.1234375
1 0.27265625 0.6796875 0.16640625 0.109375
1 0.55625 0.74296875 0.15234375 0.1609375
1 0.5421875 0.875 0.14609375 0.10546875
1 0.22109375 0.41953125 0.06875 0.06328125
1 0.29765625 0.340625 0.0515625 0.0609375
1 0.25859375 0.19453125 0.05390625 0.0625
1 0.29609375 0.24296875 0.0640625 0.04765625
1 0.33515625 0.1859375 0.03046875 0.0390625
1 0.45390625 0.1609375 0.0703125 0.0484375