1 0.88515625 0.46015625 0.08671875 0.13046875
1 0.7484375 0.4578125 0.1140625 0.134375
1 0.63046875 0.69765625 0.20078125 0.1671875
1 0.4765625 0.57734375 0.08671875 0.190625
1 0.403125 0.65859375 0.0515625 0.07421875
1 0.39375 0.53046875 0.0484375 0.08125
1 0.41640625 0.221875 0.05234375 0.0921875
1 0.36328125 0.2703125 0.05234375 0.0640625
1 0.15078125 0.24609375 0.07265625 0.0828125
1 0.1546875 0.56015625 0.03046875 0.0421875
1 0.1984375 0.65625 0.03828125 0.04296875
1 0.24453125 0.7125 0.0515625 0.05625
1 0.19765625 0.73828125 0.03671875 0.06171875
1 0.34140625 0.7015625 0.046875 0.04609375
1 0.425 0.7828125 0.05 0.06015625
1 0.33671875 0.778125 0.0328125 0.03984375
1 0.3375 0.91171875 0.06484375 0.0625
1 0.88828125 0.784375 0.08125 0.13984375
1 0.06171875 0.46171875 0.0734375 0.08125
1 0.45234375 0.95546875 0.04453125 0.04453125