1 0.69765625 0.37578125 0.18984375 0.1203125
1 0.696875 0.43671875 0.15078125 0.0765625
1 0.71328125 0.31015625 0.13125 0.084375
1 0.4484375 0.246875 0.1453125 0.1453125
1 0.45078125 0.1078125 0.1234375 0.1171875
1 0.54140625 0.50859375 0.12734375 0.1453125
1 0.63671875 0.51953125 0.08359375 0.103125
1 0.52421875 0.6125 0.10390625 0.06015625
1 0.2078125 0.58671875 0.090625 0.0671875
1 0.2546875 0.62265625 0.06171875 0.059375
1 0.25078125 0.85078125 0.07421875 0.08828125
1 0.70703125 0.753125 0.059375 0.06484375
1 0.740625 0.8140625 0.05703125 0.0734375
1 0.56328125 0.8453125 0.04296875 0.03515625
1 0.64140625 0.80234375 0.0609375 0.06640625
1 0.903125 0.67265625 0.0671875 0.06875
1 0.7859375 0.578125 0.0515625 0.06640625