1 0.6609375 0.30625 0.05859375 0.05546875
1 0.5234375 0.2890625 0.07734375 0.075
1 0.58515625 0.396875 0.0609375 0.0671875
1 0.46015625 0.5109375 0.078125 0.06484375
1 0.43203125 0.5765625 0.06953125 0.0734375
1 0.97578125 0.6375 0.04765625 0.084375
1 0.45234375 0.33359375 0.0625 0.0515625
1 0.4140625 0.31171875 0.0546875 0.03984375
1 0.39453125 0.3328125 0.0484375 0.05
1 0.4515625 0.215625 0.06484375 0.05078125
1 0.565625 0.18671875 0.0484375 0.040625
1 0.5375 0.178125 0.025 0.02421875
1 0.5203125 0.121875 0.021875 0.028125
1 0.4578125 0.05703125 0.03515625 0.03125
1 0.44296875 0.059375 0.02734375 0.03203125