1 0.23359375 0.95625 0.125 0.08671875
1 0.1359375 0.809375 0.14921875 0.11328125
1 0.209375 0.725 0.09375 0.07734375
1 0.26015625 0.68671875 0.0828125 0.07109375
1 0.3734375 0.6578125 0.12265625 0.11328125
1 0.39375 0.72109375 0.08828125 0.10625
1 0.5609375 0.61953125 0.10859375 0.0796875
1 0.61328125 0.57734375 0.06875 0.07578125
1 0.28359375 0.2125 0.04453125 0.04453125
1 0.3078125 0.24453125 0.05546875 0.04453125
1 0.33203125 0.1890625 0.04453125 0.03984375
1 0.44375 0.14765625 0.0453125 0.05859375
1 0.51484375 0.17265625 0.04375 0.0390625
1 0.58671875 0.171875 0.090625 0.0703125
1 0.521875 0.1296875 0.0671875 0.0703125
1 0.58203125 0.103125 0.05546875 0.065625
1 0.7734375 0.04453125 0.059375 0.05546875