1 0.37890625 0.55 0.090625 0.11640625
1 0.41796875 0.603125 0.0671875 0.06796875
1 0.3390625 0.371875 0.09765625 0.14921875
1 0.253125 0.38515625 0.05234375 0.08046875
1 0.30546875 0.54609375 0.07265625 0.0875
1 0.31171875 0.2578125 0.084375 0.0765625
1 0.26875 0.20390625 0.06171875 0.09609375
1 0.190625 0.121875 0.08828125 0.11328125
1 0.81015625 0.33515625 0.046875 0.065625
1 0.7796875 0.28125 0.03984375 0.0703125
1 0.74609375 0.303125 0.03125 0.03984375
1 0.8578125 0.4453125 0.046875 0.05625
1 0.8703125 0.5296875 0.05 0.04453125
1 0.8375 0.51796875 0.04296875 0.0578125
1 0.84140625 0.575 0.05 0.065625
1 0.8984375 0.58984375 0.03125 0.06328125
1 0.9578125 0.78125 0.0546875 0.04609375