1 0.7421875 0.5921875 0.08046875 0.0765625
1 0.65390625 0.61640625 0.0671875 0.09375
1 0.68515625 0.72578125 0.05859375 0.0625
1 0.72421875 0.78515625 0.05390625 0.08515625
1 0.8046875 0.87265625 0.09296875 0.10390625
1 0.98125 0.77578125 0.0375 0.07890625
1 0.93203125 0.75625 0.028125 0.0390625
1 0.61796875 0.45 0.07578125 0.08984375
1 0.58671875 0.39140625 0.084375 0.06171875
1 0.6828125 0.4453125 0.04609375 0.0625
1 0.24296875 0.684375 0.0328125 0.0515625
1 0.22421875 0.71640625 0.04453125 0.04453125
1 0.1984375 0.6671875 0.0453125 0.0484375
1 0.14453125 0.5578125 0.0359375 0.0515625
1 0.171875 0.48359375 0.0375 0.0375
1 0.11015625 0.48046875 0.0296875 0.0296875
1 0.16875 0.42734375 0.04921875 0.04453125
1 0.09453125 0.40625 0.03359375 0.05078125
1 0.13515625 0.22421875 0.03125 0.046875
1 0.053125 0.2265625 0.0484375 0.06484375
1 0.009375 0.25390625 0.01875 0.0390625
1 0.00859375 0.3609375 0.0171875 0.03203125
1 0.309375 0.45 0.02734375 0.03984375
1 0.38203125 0.40859375 0.03046875 0.0375
1 0.65390625 0.32109375 0.0359375 0.053125