1 0.51796875 0.6265625 0.1609375 0.0890625
1 0.44765625 0.71171875 0.1 0.07265625
1 0.46875 0.78046875 0.11171875 0.065625
1 0.684375 0.565625 0.13125 0.084375
1 0.62265625 0.51015625 0.11484375 0.084375
1 0.71484375 0.509375 0.128125 0.071875
1 0.75078125 0.57734375 0.125 0.06953125
1 0.59296875 0.78046875 0.0921875 0.0546875
1 0.878125 0.628125 0.0921875 0.08046875
1 0.91328125 0.51171875 0.11015625 0.0609375
1 0.8984375 0.45703125 0.12265625 0.06953125
1 0.83828125 0.2453125 0.0828125 0.0671875
1 0.8671875 0.19453125 0.12421875 0.07265625
1 0.81484375 0.1375 0.08828125 0.075
1 0.7328125 0.06796875 0.08515625 0.059375