1 0.5453125 0.2796875 0.140625 0.07265625
1 0.54453125 0.23203125 0.11328125 0.0625
1 0.48359375 0.35390625 0.16171875 0.10859375
1 0.421875 0.2234375 0.11328125 0.05625
1 0.81875 0.0578125 0.09140625 0.06015625
1 0.32734375 0.44921875 0.115625 0.0796875
1 0.2890625 0.48515625 0.11953125 0.07265625
1 0.37734375 0.49453125 0.09921875 0.059375
1 0.26640625 0.4265625 0.13359375 0.07734375
1 0.115625 0.4875 0.09765625 0.05078125
1 0.1203125 0.54453125 0.12265625 0.05859375
1 0.1296875 0.36953125 0.0671875 0.06015625
1 0.30546875 0.046875 0.08359375 0.06484375
1 0.18671875 0.76015625 0.1171875 0.06171875
1 0.15078125 0.809375 0.1578125 0.06484375
1 0.190625 0.85703125 0.07734375 0.08984375
1 0.65234375 0.58515625 0.11015625 0.04921875