1 0.44140625 0.67421875 0.05703125 0.07265625
1 0.48984375 0.7234375 0.1109375 0.1484375
1 0.49921875 0.61953125 0.06015625 0.09609375
1 0.35859375 0.5125 0.125 0.1640625
1 0.2828125 0.4359375 0.09140625 0.09140625
1 0.240625 0.4484375 0.08046875 0.09453125
1 0.23125 0.5859375 0.115625 0.11953125
1 0.5125 0.88359375 0.06953125 0.11796875
1 0.54140625 0.8765625 0.053125 0.11875
1 0.75546875 0.815625 0.0875 0.06640625
1 0.81640625 0.85 0.06953125 0.12421875
1 0.86953125 0.79609375 0.06484375 0.1125
1 0.053125 0.69453125 0.06875 0.0640625
1 0.58046875 0.3359375 0.0625 0.15234375