1 0.96171875 0.29921875 0.0765625 0.0609375
1 0.775 0.4109375 0.06640625 0.109375
1 0.76484375 0.53203125 0.04453125 0.09375
1 0.7140625 0.553125 0.05078125 0.0953125
1 0.63515625 0.49453125 0.084375 0.13828125
1 0.41015625 0.65234375 0.04765625 0.13828125
1 0.56015625 0.325 0.053125 0.084375
1 0.49453125 0.38515625 0.046875 0.09296875
1 0.51015625 0.2734375 0.05078125 0.11875
1 0.56875 0.24375 0.04921875 0.09375
1 0.5078125 0.10703125 0.0515625 0.096875
1 0.45859375 0.1140625 0.05078125 0.11640625
1 0.628125 0.13515625 0.0421875 0.07421875
1 0.95 0.8046875 0.04140625 0.08828125
1 0.24453125 0.1671875 0.06328125 0.07890625
1 0.18515625 0.1375 0.059375 0.1265625
1 0.13828125 0.1953125 0.05390625 0.07734375
1 0.06640625 0.2828125 0.0578125 0.06640625
1 0.01953125 0.75078125 0.03515625 0.07265625
1 0.3671875 0.7375 0.040625 0.0609375