1 0.64296875 0.4921875 0.11796875 0.18203125
1 0.55625 0.32578125 0.07734375 0.1046875
1 0.525 0.2765625 0.084375 0.13046875
1 0.57578125 0.24609375 0.06875 0.08515625
1 0.50390625 0.0984375 0.06875 0.0984375
1 0.45390625 0.10546875 0.05390625 0.1015625
1 0.2390625 0.178125 0.0625 0.103125
1 0.19921875 0.1359375 0.0671875 0.12109375
1 0.12890625 0.1890625 0.0609375 0.08359375
1 0.6359375 0.12890625 0.07734375 0.0953125
1 0.95703125 0.2953125 0.08515625 0.09765625
1 0.95390625 0.80234375 0.078125 0.10390625
1 0.4140625 0.6515625 0.06484375 0.165625