1 0.81484375 0.2375 0.08828125 0.07890625
1 0.8734375 0.34375 0.10859375 0.109375
1 0.77265625 0.2734375 0.153125 0.0921875
1 0.7375 0.39921875 0.2 0.15625
1 0.55234375 0.49765625 0.20390625 0.17265625
1 0.55390625 0.3671875 0.16953125 0.13046875
1 0.43125 0.3625 0.190625 0.1203125
1 0.409375 0.46484375 0.16875 0.1328125
1 0.2796875 0.40625 0.13203125 0.10078125
1 0.5578125 0.24921875 0.1078125 0.10703125
1 0.60234375 0.21171875 0.084375 0.0859375
1 0.79296875 0.58984375 0.15078125 0.13828125
1 0.7140625 0.64921875 0.10546875 0.09140625
1 0.56171875 0.8046875 0.18515625 0.1671875
1 0.6328125 0.8734375 0.16640625 0.16640625
1 0.38984375 0.76796875 0.2046875 0.175
1 0.0921875 0.6125 0.1375 0.12421875
1 0.0609375 0.21484375 0.09453125 0.09140625
1 0.31328125 0.059375 0.14609375 0.07421875
1 0.303125 0.19453125 0.115625 0.07734375
1 0.16484375 0.51484375 0.14296875 0.1421875