1 0.6140625 0.24453125 0.19375 0.16171875
1 0.4078125 0.18515625 0.20703125 0.18125
1 0.43984375 0.509375 0.196875 0.153125
1 0.58359375 0.53359375 0.12734375 0.121875
1 0.47890625 0.640625 0.1359375 0.0953125
1 0.5828125 0.653125 0.1046875 0.09375
1 0.2703125 0.6015625 0.18359375 0.1609375
1 0.228125 0.39765625 0.13125 0.11640625
1 0.92578125 0.40625 0.13359375 0.1234375
1 0.92890625 0.78671875 0.103125 0.09375
1 0.6875 0.79453125 0.10078125 0.05703125
1 0.42734375 0.75625 0.0921875 0.07578125
1 0.23125 0.74921875 0.121875 0.0625
1 0.1375 0.64921875 0.09453125 0.09609375
1 0.6875 0.93984375 0.090625 0.0703125
1 0.40625 0.06796875 0.1890625 0.11171875