1 0.9609375 0.5703125 0.078125 0.0859375
1 0.73203125 0.675 0.046875 0.05546875
1 0.98984375 0.7421875 0.0203125 0.12265625
1 0.50703125 0.56796875 0.03125 0.0453125
1 0.41328125 0.54296875 0.01796875 0.04375
1 0.3828125 0.4953125 0.034375 0.05078125
1 0.41875 0.8234375 0.05078125 0.0578125
1 0.40078125 0.8625 0.02890625 0.0390625
1 0.35859375 0.81171875 0.0375 0.05234375
1 0.296875 0.69921875 0.046875 0.05859375
1 0.321875 0.60859375 0.03984375 0.0515625
1 0.32109375 0.5609375 0.06015625 0.03125
1 0.271875 0.61328125 0.059375 0.06875
1 0.23671875 0.55 0.025 0.053125
1 0.13671875 0.5203125 0.04296875 0.0484375
1 0.10703125 0.49765625 0.03125 0.034375
1 0.1328125 0.421875 0.034375 0.05078125
1 0.16953125 0.36953125 0.05078125 0.06171875
1 0.26015625 0.35078125 0.0234375 0.0328125
1 0.12421875 0.2421875 0.034375 0.02890625