1 0.43984375 0.95 0.090625 0.1
1 0.3265625 0.73359375 0.05546875 0.0671875
1 0.46640625 0.4234375 0.05859375 0.05546875
1 0.51015625 0.3953125 0.04375 0.046875
1 0.44375 0.32109375 0.0828125 0.090625
1 0.3890625 0.315625 0.053125 0.07421875
1 0.31328125 0.2921875 0.071875 0.059375
1 0.1859375 0.35546875 0.05703125 0.0375
1 0.17265625 0.40625 0.08359375 0.06328125
1 0.44609375 0.25234375 0.07109375 0.06640625
1 0.48203125 0.14140625 0.0625 0.04609375
1 0.634375 0.1671875 0.03671875 0.05546875
1 0.56796875 0.13046875 0.053125 0.05078125