1 0.9625 0.5671875 0.07421875 0.0859375
1 0.7375 0.67265625 0.06875 0.053125
1 0.5140625 0.559375 0.0375 0.07109375
1 0.4265625 0.53984375 0.04453125 0.046875
1 0.39140625 0.49375 0.03203125 0.0453125
1 0.27109375 0.34375 0.0390625 0.04296875
1 0.17109375 0.36171875 0.04921875 0.04375
1 0.11796875 0.409375 0.04609375 0.06015625
1 0.1 0.49375 0.0296875 0.0296875
1 0.1359375 0.51875 0.03125 0.04296875
1 0.1640625 0.56171875 0.02421875 0.021875
1 0.23984375 0.54609375 0.0375 0.0671875
1 0.3109375 0.54921875 0.05 0.06875
1 0.29765625 0.61640625 0.10390625 0.05546875
1 0.3 0.69296875 0.04453125 0.0671875
1 0.2375 0.64765625 0.02578125 0.0328125
1 0.36171875 0.7984375 0.04609375 0.06875
1 0.41640625 0.815625 0.05546875 0.05703125
1 0.39765625 0.86328125 0.04140625 0.03046875
1 0.66015625 0.378125 0.0828125 0.05390625