1 0.51953125 0.4421875 0.06171875 0.09140625
1 0.48828125 0.3875 0.0515625 0.05859375
1 0.5515625 0.60859375 0.0671875 0.1
1 0.61796875 0.5671875 0.0625 0.0578125
1 0.58046875 0.7359375 0.03671875 0.06171875
1 0.628125 0.8 0.06484375 0.05234375
1 0.6765625 0.86953125 0.090625 0.12421875
1 0.85625 0.78125 0.04609375 0.09921875
1 0.9828125 0.75390625 0.034375 0.1109375
1 0.1625 0.70546875 0.03125 0.03515625
1 0.1359375 0.6578125 0.0359375 0.05234375
1 0.0984375 0.5375 0.05078125 0.046875
1 0.1234375 0.46640625 0.04296875 0.046875
1 0.07421875 0.4421875 0.0421875 0.046875
1 0.06015625 0.39375 0.03125 0.04375
1 0.11640625 0.4171875 0.04609375 0.05078125
1 0.021875 0.20546875 0.04296875 0.03984375
1 0.590625 0.43984375 0.0515625 0.05625
1 0.1796875 0.36171875 0.03046875 0.03359375