1 0.55546875 0.609375 0.0859375 0.10703125
1 0.52421875 0.45078125 0.0890625 0.1
1 0.4921875 0.38125 0.06796875 0.0828125
1 0.6359375 0.78203125 0.0671875 0.11640625
1 0.68515625 0.8703125 0.08984375 0.14453125
1 0.8515625 0.7765625 0.1140625 0.1484375
1 0.14296875 0.66875 0.05078125 0.05625
1 0.16171875 0.7046875 0.040625 0.046875
1 0.10078125 0.53984375 0.0421875 0.06484375
1 0.128125 0.46640625 0.0484375 0.06171875
1 0.0765625 0.44765625 0.05234375 0.06171875
1 0.02421875 0.20390625 0.04765625 0.071875
1 0.58359375 0.73125 0.046875 0.08515625
1 0.97578125 0.740625 0.04765625 0.09765625