1 0.9828125 0.74765625 0.034375 0.1125
1 0.840625 0.78515625 0.0734375 0.0921875
1 0.6796875 0.8765625 0.08671875 0.10234375
1 0.6265625 0.78828125 0.08359375 0.0625
1 0.5828125 0.72734375 0.03046875 0.04375
1 0.628125 0.56796875 0.075 0.07578125
1 0.553125 0.61171875 0.06953125 0.11015625
1 0.5890625 0.45703125 0.04296875 0.07890625
1 0.52109375 0.4484375 0.06640625 0.0890625
1 0.48828125 0.37734375 0.0703125 0.0453125
1 0.46171875 0.54140625 0.05078125 0.05625
1 0.165625 0.6984375 0.0453125 0.04375
1 0.14140625 0.65859375 0.0390625 0.0375
1 0.09609375 0.534375 0.046875 0.04296875
1 0.1265625 0.46875 0.05078125 0.0453125
1 0.12265625 0.4015625 0.0546875 0.05546875
1 0.065625 0.4484375 0.04375 0.046875
1 0.053125 0.38828125 0.03828125 0.04453125
1 0.1765625 0.365625 0.0296875 0.0375
1 0.2109375 0.425 0.03359375 0.0484375
1 0.10546875 0.21015625 0.03984375 0.03828125
1 0.021875 0.203125 0.04375 0.0515625
1 0.0171875 0.26171875 0.034375 0.04609375