1 0.9796875 0.7515625 0.03984375 0.10546875
1 0.84296875 0.7828125 0.078125 0.096875
1 0.684375 0.8734375 0.08828125 0.10546875
1 0.62578125 0.78515625 0.07421875 0.0625
1 0.57890625 0.73359375 0.0328125 0.04375
1 0.625 0.56484375 0.07109375 0.05703125
1 0.55234375 0.61953125 0.0875 0.08671875
1 0.52109375 0.45390625 0.06875 0.08828125
1 0.596875 0.45390625 0.05078125 0.0484375
1 0.49296875 0.38359375 0.053125 0.05859375
1 0.15859375 0.70859375 0.02421875 0.0375
1 0.18046875 0.67109375 0.03203125 0.03828125
1 0.1421875 0.65703125 0.04375 0.0375
1 0.1 0.5421875 0.04453125 0.04296875
1 0.12109375 0.47109375 0.0375 0.04296875
1 0.11796875 0.40234375 0.04921875 0.078125
1 0.06875 0.44453125 0.04453125 0.05234375
1 0.05703125 0.3890625 0.02890625 0.03359375
1 0.178125 0.359375 0.028125 0.04140625
1 0.4625 0.55 0.0578125 0.05859375
1 0.02578125 0.20078125 0.0515625 0.059375
1 0.09921875 0.21015625 0.03359375 0.0359375