1 0.8640625 0.31015625 0.13359375 0.11171875
1 0.79609375 0.36015625 0.09921875 0.07890625
1 0.74296875 0.41328125 0.09296875 0.0515625
1 0.621875 0.45859375 0.1234375 0.1046875
1 0.56484375 0.3796875 0.08984375 0.08515625
1 0.4546875 0.48125 0.11953125 0.07578125
1 0.384375 0.5125 0.059375 0.0625
1 0.77890625 0.15859375 0.10703125 0.10703125
1 0.75390625 0.0265625 0.1109375 0.053125
1 0.69453125 0.834375 0.05625 0.03984375
1 0.665625 0.86875 0.0625 0.071875
1 0.53203125 0.909375 0.0609375 0.05703125
1 0.42421875 0.8765625 0.04765625 0.05
1 0.459375 0.8765625 0.028125 0.03359375
1 0.44765625 0.9359375 0.06875 0.0515625
1 0.3859375 0.93828125 0.05234375 0.04609375
1 0.19765625 0.98125 0.0640625 0.0375