1 0.13828125 0.78125 0.10546875 0.13359375
1 0.321875 0.74296875 0.14453125 0.2015625
1 0.24453125 0.5328125 0.14609375 0.1953125
1 0.30234375 0.36875 0.09765625 0.11171875
1 0.44296875 0.3875 0.1359375 0.1078125
1 0.39765625 0.52109375 0.12890625 0.14609375
1 0.6078125 0.56328125 0.065625 0.0859375
1 0.665625 0.6109375 0.0359375 0.059375
1 0.5921875 0.703125 0.084375 0.071875
1 0.55546875 0.80234375 0.0703125 0.121875
1 0.61953125 0.83125 0.04296875 0.08515625
1 0.46875 0.78671875 0.04921875 0.08671875
1 0.4671875 0.871875 0.08125 0.0625
1 0.8453125 0.33359375 0.0875 0.09453125
1 0.92421875 0.29609375 0.04296875 0.03515625
1 0.7546875 0.41171875 0.04296875 0.053125
1 0.94375 0.4328125 0.028125 0.04140625
1 0.68828125 0.05234375 0.0578125 0.07734375