1 0.88359375 0.20625 0.13515625 0.165625
1 0.68125 0.25859375 0.17265625 0.19453125
1 0.75 0.4453125 0.1609375 0.2109375
1 0.59296875 0.45859375 0.1609375 0.1796875
1 0.69921875 0.6171875 0.1453125 0.14921875
1 0.5484375 0.61015625 0.13046875 0.16328125
1 0.4015625 0.4328125 0.115625 0.090625
1 0.415625 0.2890625 0.10546875 0.10625
1 0.44765625 0.2 0.1375 0.1578125
1 0.384375 0.14609375 0.0859375 0.07109375
1 0.53203125 0.209375 0.09375 0.12890625
1 0.54609375 0.10859375 0.13203125 0.07109375
1 0.15234375 0.6640625 0.10234375 0.07890625