1 0.784375 0.44609375 0.1125 0.11640625
1 0.8421875 0.375 0.11640625 0.09765625
1 0.7890625 0.54453125 0.10625 0.10625
1 0.89609375 0.54765625 0.0859375 0.13828125
1 0.70234375 0.40625 0.11328125 0.09609375
1 0.603125 0.328125 0.0484375 0.09921875
1 0.56015625 0.38046875 0.1234375 0.1078125
1 0.3265625 0.128125 0.12578125 0.14765625
1 0.515625 0.58828125 0.19296875 0.16171875
1 0.7359375 0.66171875 0.20859375 0.159375
1 0.5296875 0.7609375 0.20546875 0.17578125
1 0.403125 0.55390625 0.203125 0.13984375
1 0.3640625 0.70546875 0.1203125 0.14453125
1 0.0875 0.8296875 0.175 0.15625
1 0.79765625 0.87734375 0.14453125 0.15234375