1 0.75625 0.43125 0.08125 0.096875
1 0.75859375 0.546875 0.059375 0.07890625
1 0.7015625 0.70859375 0.065625 0.0875
1 0.74453125 0.653125 0.04453125 0.0734375
1 0.65078125 0.621875 0.03515625 0.0734375
1 0.0375 0.8109375 0.075 0.140625
1 0.0203125 0.95546875 0.03984375 0.0828125
1 0.9 0.31640625 0.08046875 0.0796875
1 0.909375 0.2453125 0.06796875 0.0484375
1 0.465625 0.52421875 0.059375 0.05625
1 0.9625 0.60546875 0.0359375 0.03984375
1 0.8734375 0.66328125 0.03671875 0.03125
1 0.98515625 0.3375 0.0296875 0.06875
1 0.73046875 0.26484375 0.04375 0.065625