1 0.9375 0.4609375 0.12421875 0.13359375
1 0.7921875 0.5078125 0.08671875 0.125
1 0.7234375 0.3765625 0.1359375 0.165625
1 0.578125 0.465625 0.09375 0.10234375
1 0.45 0.5390625 0.1171875 0.09765625
1 0.46484375 0.6390625 0.09453125 0.10234375
1 0.36171875 0.6609375 0.09296875 0.115625
1 0.35625 0.7859375 0.09609375 0.09296875
1 0.47109375 0.9046875 0.05703125 0.10546875
1 0.5453125 0.9078125 0.0421875 0.0796875
1 0.61171875 0.9234375 0.06328125 0.08515625
1 0.56875 0.978125 0.06171875 0.04375
1 0.24921875 0.55078125 0.09375 0.1
1 0.10234375 0.31484375 0.09375 0.0953125
1 0.06953125 0.196875 0.1 0.1125
1 0.3328125 0.13359375 0.078125 0.11484375
1 0.58359375 0.05625 0.0875 0.1015625
1 0.01875 0.32578125 0.0375 0.0765625
1 0.02890625 0.53515625 0.05703125 0.09609375
1 0.06953125 0.59140625 0.0234375 0.05234375
1 0.1984375 0.68828125 0.028125 0.05
1 0.096875 0.9671875 0.04765625 0.03984375
1 0.6234375 0.14375 0.05078125 0.10390625
1 0.91171875 0.32578125 0.06328125 0.09921875