1 0.921875 0.38984375 0.08984375 0.0890625
1 0.89453125 0.4453125 0.09765625 0.07734375
1 0.978125 0.42734375 0.04375 0.0703125
1 0.91015625 0.534375 0.12421875 0.0796875
1 0.659375 0.6359375 0.1296875 0.12265625
1 0.7625 0.63828125 0.11171875 0.0859375
1 0.62734375 0.525 0.0921875 0.10859375
1 0.54453125 0.54140625 0.12421875 0.09921875
1 0.46953125 0.41484375 0.096875 0.11328125
1 0.38828125 0.290625 0.20546875 0.16796875
1 0.49765625 0.196875 0.16328125 0.103125
1 0.4515625 0.07578125 0.125 0.10234375
1 0.0765625 0.4109375 0.1484375 0.09453125
1 0.553125 0.74453125 0.09765625 0.08984375
1 0.121875 0.6765625 0.115625 0.103125
1 0.20703125 0.92734375 0.10546875 0.103125
1 0.33671875 0.88828125 0.03828125 0.0953125
1 0.53671875 0.96953125 0.14609375 0.06015625
1 0.5984375 0.92265625 0.0609375 0.06171875