1 0.61171875 0.67578125 0.06328125 0.10546875
1 0.53203125 0.6875 0.0859375 0.08984375
1 0.6578125 0.86171875 0.03984375 0.07265625
1 0.5046875 0.796875 0.03203125 0.0453125
1 0.3921875 0.63671875 0.05078125 0.05859375
1 0.384375 0.5640625 0.065625 0.08203125
1 0.35078125 0.4765625 0.04765625 0.0765625
1 0.35703125 0.3140625 0.0515625 0.06171875
1 0.46015625 0.584375 0.02734375 0.0640625
1 0.246875 0.66484375 0.05859375 0.084375
1 0.1921875 0.62578125 0.0546875 0.06328125
1 0.090625 0.528125 0.03515625 0.0453125
1 0.19609375 0.828125 0.02734375 0.0421875
1 0.21875 0.8421875 0.02890625 0.034375
1 0.20546875 0.78125 0.02421875 0.04140625