1 0.8140625 0.61796875 0.1515625 0.12421875
1 0.93046875 0.571875 0.12734375 0.11328125
1 0.9359375 0.6671875 0.128125 0.13203125
1 0.38125 0.61796875 0.10625 0.1140625
1 0.5671875 0.4625 0.11015625 0.128125
1 0.48359375 0.40390625 0.0609375 0.05390625
1 0.4296875 0.5140625 0.0703125 0.08203125
1 0.28046875 0.6140625 0.07578125 0.06328125
1 0.80234375 0.134375 0.10625 0.1078125
1 0.9453125 0.1015625 0.109375 0.0890625
1 0.66328125 0.0484375 0.046875 0.07890625
1 0.721875 0.31640625 0.07734375 0.0859375