1 0.45625 0.59296875 0.14453125 0.15390625
1 0.42734375 0.72578125 0.1609375 0.1640625
1 0.5234375 0.690625 0.0921875 0.12109375
1 0.12265625 0.7625 0.14453125 0.15859375
1 0.0296875 0.73359375 0.05859375 0.14375
1 0.5515625 0.4015625 0.08984375 0.096875
1 0.44609375 0.37421875 0.065625 0.1171875
1 0.44921875 0.23515625 0.071875 0.1109375
1 0.384375 0.25234375 0.059375 0.0703125
1 0.50625 0.290625 0.07890625 0.0890625
1 0.58828125 0.34375 0.078125 0.08203125
1 0.54296875 0.20390625 0.0625 0.08125
1 0.3859375 0.184375 0.05625 0.06875
1 0.4234375 0.1375 0.0421875 0.06015625
1 0.884375 0.5671875 0.08359375 0.10859375
1 0.92734375 0.4484375 0.07265625 0.10078125