1 0.478125 0.32890625 0.13046875 0.1390625
1 0.375 0.2390625 0.09453125 0.12421875
1 0.35859375 0.4046875 0.07265625 0.1140625
1 0.2765625 0.3328125 0.08359375 0.0875
1 0.23671875 0.30390625 0.0734375 0.07265625
1 0.1171875 0.2265625 0.0640625 0.08359375
1 0.09296875 0.06484375 0.0578125 0.06328125
1 0.0984375 0.38203125 0.0640625 0.06953125
1 0.10078125 0.43125 0.06875 0.07734375
1 0.13125 0.4734375 0.065625 0.0484375
1 0.11484375 0.50234375 0.0484375 0.04765625
1 0.5375 0.63515625 0.0984375 0.08984375
1 0.60703125 0.71796875 0.1046875 0.10078125
1 0.55234375 0.76875 0.09140625 0.0953125
1 0.584375 0.80859375 0.08125 0.090625
1 0.678125 0.803125 0.08671875 0.084375
1 0.8015625 0.8984375 0.078125 0.109375
1 0.81875 0.80390625 0.07421875 0.08046875
1 0.94140625 0.92109375 0.1171875 0.1078125
1 0.98515625 0.7265625 0.0296875 0.11796875
1 0.96015625 0.81328125 0.0796875 0.071875
1 0.0234375 0.26796875 0.046875 0.07578125