1 0.6453125 0.21484375 0.07578125 0.1171875
1 0.65625 0.0421875 0.075 0.0796875
1 0.97578125 0.27578125 0.0484375 0.0984375
1 0.7859375 0.4359375 0.096875 0.04765625
1 0.70859375 0.5359375 0.071875 0.08125
1 0.63828125 0.55390625 0.05390625 0.0703125
1 0.7296875 0.66484375 0.05390625 0.11015625
1 0.78984375 0.83359375 0.0828125 0.1234375
1 0.953125 0.8375 0.0765625 0.07890625
1 0.94609375 0.94453125 0.1078125 0.1109375
1 0.371875 0.74609375 0.06875 0.0734375
1 0.3125 0.57734375 0.08359375 0.05390625
1 0.31953125 0.64765625 0.090625 0.06875
1 0.01796875 0.55703125 0.0359375 0.06484375
1 0.334375 0.4640625 0.12421875 0.07734375
1 0.015625 0.17734375 0.03046875 0.06171875
1 0.67578125 0.46484375 0.0453125 0.053125
1 0.4828125 0.50390625 0.0546875 0.0546875