1 0.77109375 0.6453125 0.13515625 0.10390625
1 0.46484375 0.63359375 0.0546875 0.04453125
1 0.33203125 0.72734375 0.11484375 0.06171875
1 0.15703125 0.7765625 0.1171875 0.08359375
1 0.05390625 0.940625 0.1078125 0.11875
1 0.15078125 0.9390625 0.071875 0.05234375
1 0.55234375 0.7859375 0.0703125 0.0984375
1 0.42578125 0.3078125 0.09453125 0.09609375
1 0.3640625 0.3078125 0.09296875 0.06875
1 0.26015625 0.3640625 0.0828125 0.06484375
1 0.4296875 0.0140625 0.065625 0.028125
1 0.95703125 0.65234375 0.08515625 0.0546875