1 0.85859375 0.24453125 0.10078125 0.109375
1 0.9234375 0.4546875 0.153125 0.109375
1 0.94765625 0.415625 0.10390625 0.1046875
1 0.9265625 0.53984375 0.146875 0.13359375
1 0.4984375 0.6046875 0.1921875 0.15078125
1 0.46328125 0.740625 0.1703125 0.17265625
1 0.61328125 0.78671875 0.14375 0.11484375
1 0.90234375 0.928125 0.19375 0.14296875
1 0.71953125 0.27265625 0.0890625 0.10078125
1 0.72734375 0.1578125 0.11015625 0.09921875
1 0.61875 0.1296875 0.08125 0.05546875
1 0.48828125 0.11953125 0.11328125 0.10390625
1 0.4640625 0.03671875 0.103125 0.0734375
1 0.353125 0.05078125 0.125 0.08359375
1 0.3375 0.1203125 0.1359375 0.084375
1 0.240625 0.0984375 0.1140625 0.08828125
1 0.1390625 0.91953125 0.1125 0.08359375