1 0.93828125 0.3453125 0.08515625 0.09765625
1 0.9640625 0.45 0.05625 0.07109375
1 0.878125 0.47578125 0.0796875 0.075
1 0.87265625 0.33203125 0.03359375 0.0671875
1 0.9125 0.2359375 0.06484375 0.08828125
1 0.86953125 0.61953125 0.05078125 0.06953125
1 0.8515625 0.70703125 0.08984375 0.08828125
1 0.72890625 0.73203125 0.07578125 0.09296875
1 0.75 0.86796875 0.0859375 0.09375
1 0.67890625 0.9015625 0.04609375 0.06875
1 0.4578125 0.9359375 0.09453125 0.11953125
1 0.5328125 0.9171875 0.0734375 0.12578125
1 0.58671875 0.9484375 0.05859375 0.1
1 0.215625 0.61875 0.08984375 0.1375
1 0.28125 0.45625 0.11328125 0.17421875
1 0.39453125 0.5015625 0.1 0.1796875
1 0.0625 0.89453125 0.103125 0.12578125
1 0.2671875 0.775 0.05 0.06015625
1 0.07265625 0.14140625 0.065625 0.09921875