1 0.94375 0.34921875 0.090625 0.115625
1 0.90859375 0.2375 0.0828125 0.0890625
1 0.875 0.34609375 0.06015625 0.09765625
1 0.965625 0.45390625 0.06796875 0.0921875
1 0.87421875 0.48359375 0.11640625 0.11640625
1 0.86171875 0.61953125 0.05390625 0.090625
1 0.84921875 0.71796875 0.0921875 0.121875
1 0.7234375 0.7296875 0.0875 0.1125
1 0.74609375 0.85859375 0.1 0.1
1 0.5453125 0.921875 0.09296875 0.134375
1 0.4515625 0.9296875 0.10859375 0.140625
1 0.3875 0.49921875 0.16171875 0.196875
1 0.28671875 0.46796875 0.17265625 0.1984375
1 0.2203125 0.63359375 0.14765625 0.1671875
1 0.0703125 0.89375 0.103125 0.14296875