1 0.1390625 0.36796875 0.08671875 0.18359375
1 0.49609375 0.28203125 0.0984375 0.13984375
1 0.72421875 0.44296875 0.08359375 0.11953125
1 0.8078125 0.48984375 0.09140625 0.115625
1 0.9390625 0.45390625 0.07734375 0.08828125
1 0.9390625 0.27421875 0.0875 0.1375
1 0.82265625 0.315625 0.090625 0.1234375
1 0.85390625 0.1671875 0.03203125 0.06640625
1 0.43125 0.803125 0.1203125 0.15546875
1 0.3046875 0.71015625 0.125 0.14765625
1 0.40390625 0.559375 0.08359375 0.1078125
1 0.1234375 0.19453125 0.0640625 0.15546875