1 0.13671875 0.36875 0.1125 0.17265625
1 0.40390625 0.5484375 0.0921875 0.10234375
1 0.30625 0.7171875 0.1328125 0.16484375
1 0.43515625 0.81640625 0.115625 0.15
1 0.80546875 0.49765625 0.0671875 0.11015625
1 0.94375 0.440625 0.1125 0.11484375
1 0.93046875 0.28046875 0.075 0.1265625
1 0.82421875 0.32578125 0.10859375 0.128125
1 0.72109375 0.41640625 0.08984375 0.17265625
1 0.85 0.16640625 0.05078125 0.09921875
1 0.5015625 0.28828125 0.1109375 0.16015625
1 0.73671875 0.0265625 0.0609375 0.0484375