1 0.70390625 0.653125 0.15390625 0.10859375
1 0.590625 0.57734375 0.1203125 0.0921875
1 0.28828125 0.63046875 0.053125 0.05859375
1 0.328125 0.61640625 0.05859375 0.0578125
1 0.31875 0.6828125 0.05625 0.05625
1 0.275 0.69921875 0.07578125 0.04296875
1 0.22890625 0.7484375 0.05859375 0.0546875
1 0.2515625 0.76875 0.065625 0.04765625
1 0.73203125 0.95 0.07734375 0.0640625
1 0.465625 0.24765625 0.03984375 0.0453125
1 0.578125 0.12890625 0.05703125 0.0640625
1 0.6703125 0.20390625 0.06640625 0.0375
1 0.67109375 0.10234375 0.0515625 0.053125
1 0.40703125 0.26171875 0.040625 0.04140625
1 0.4921875 0.8140625 0.071875 0.06328125