1 0.95234375 0.265625 0.06015625 0.08046875
1 0.659375 0.290625 0.1 0.12734375
1 0.575 0.41171875 0.0828125 0.090625
1 0.95546875 0.4640625 0.0625 0.0546875
1 0.80859375 0.51171875 0.06015625 0.06328125
1 0.83046875 0.2765625 0.053125 0.0609375
1 0.77578125 0.75390625 0.04375 0.06328125
1 0.73671875 0.77890625 0.03046875 0.053125
1 0.709375 0.728125 0.03984375 0.0421875
1 0.6921875 0.6796875 0.04140625 0.04765625
1 0.634375 0.68984375 0.04609375 0.0828125
1 0.26171875 0.58828125 0.02734375 0.0328125
1 0.240625 0.53671875 0.04375 0.04765625
1 0.20390625 0.32265625 0.0421875 0.06640625
1 0.13515625 0.4109375 0.0484375 0.0546875
1 0.0859375 0.33671875 0.06171875 0.05625