1 0.95859375 0.234375 0.0828125 0.13046875
1 0.83671875 0.17578125 0.084375 0.12265625
1 0.96796875 0.403125 0.053125 0.0671875
1 0.9109375 0.41015625 0.05078125 0.065625
1 0.70078125 0.4109375 0.08359375 0.1921875
1 0.71796875 0.6546875 0.04140625 0.05546875
1 0.64140625 0.6921875 0.075 0.1078125
1 0.60703125 0.60390625 0.07421875 0.059375
1 0.54375 0.6640625 0.075 0.0546875
1 0.425 0.73125 0.046875 0.071875
1 0.31640625 0.65546875 0.09609375 0.12109375
1 0.34921875 0.4953125 0.05859375 0.08671875
1 0.359375 0.37265625 0.071875 0.08203125
1 0.54609375 0.34609375 0.05546875 0.08125
1 0.04609375 0.07578125 0.0890625 0.14296875
1 0.0796875 0.915625 0.09453125 0.0546875
1 0.07890625 0.975 0.1015625 0.05