1 0.6890625 0.36015625 0.11484375 0.07890625
1 0.4453125 0.2984375 0.121875 0.09375
1 0.66015625 0.678125 0.12578125 0.12734375
1 0.978125 0.9234375 0.04375 0.10625
1 0.92421875 0.90703125 0.071875 0.09921875
1 0.4171875 0.0875 0.078125 0.0765625
1 0.4109375 0.03203125 0.08046875 0.04609375
1 0.2265625 0.0359375 0.128125 0.06953125
1 0.16796875 0.1625 0.10625 0.078125
1 0.3421875 0.453125 0.07578125 0.06171875
1 0.4921875 0.65390625 0.0828125 0.06875
1 0.36328125 0.63203125 0.09765625 0.0890625
1 0.078125 0.9484375 0.1453125 0.103125