1 0.9640625 0.40234375 0.0578125 0.0609375
1 0.91328125 0.4171875 0.04921875 0.06796875
1 0.96640625 0.2203125 0.06640625 0.096875
1 0.95390625 0.28359375 0.0671875 0.05
1 0.834375 0.16875 0.0953125 0.09609375
1 0.70546875 0.43984375 0.0859375 0.13125
1 0.64375 0.690625 0.09609375 0.10390625
1 0.54921875 0.334375 0.06328125 0.071875
1 0.38046875 0.36484375 0.1125 0.075
1 0.34140625 0.4890625 0.08828125 0.08828125
1 0.309375 0.6515625 0.0984375 0.128125
1 0.42109375 0.7296875 0.0546875 0.0796875
1 0.07421875 0.93828125 0.121875 0.0890625
1 0.04296875 0.07890625 0.0859375 0.1421875