1 0.92109375 0.05234375 0.15703125 0.1046875
1 0.3375 0.3078125 0.12578125 0.1125
1 0.4984375 0.33984375 0.084375 0.06953125
1 0.30234375 0.6359375 0.12421875 0.11796875
1 0.55234375 0.696875 0.12890625 0.10625
1 0.08046875 0.08515625 0.07578125 0.09375
1 0.02578125 0.06484375 0.0515625 0.1109375
1 0.65078125 0.53515625 0.10703125 0.08125
1 0.62265625 0.3390625 0.0875 0.10078125
1 0.84375 0.8265625 0.140625 0.1203125
1 0.7703125 0.95625 0.12734375 0.08671875
1 0.5890625 0.915625 0.0796875 0.08046875
1 0.5921875 0.96171875 0.04921875 0.0765625