1 0.934375 0.16640625 0.13046875 0.09609375
1 0.659375 0.296875 0.14453125 0.090625
1 0.7609375 0.37421875 0.09765625 0.0796875
1 0.79921875 0.34765625 0.0890625 0.0640625
1 0.65859375 0.44140625 0.10078125 0.075
1 0.58203125 0.4296875 0.1078125 0.0734375
1 0.5390625 0.3375 0.096875 0.08671875
1 0.55859375 0.4734375 0.103125 0.075
1 0.54453125 0.54609375 0.128125 0.1203125
1 0.496875 0.59921875 0.09296875 0.071875
1 0.59140625 0.60625 0.10546875 0.13359375
1 0.31015625 0.2375 0.08125 0.0890625
1 0.3703125 0.45078125 0.09453125 0.07265625
1 0.175 0.66953125 0.09453125 0.09921875