1 0.69921875 0.66328125 0.0734375 0.12109375
1 0.66640625 0.5453125 0.06171875 0.08984375
1 0.5796875 0.578125 0.053125 0.0703125
1 0.55703125 0.6515625 0.05625 0.05703125
1 0.5296875 0.571875 0.05390625 0.10234375
1 0.45703125 0.56328125 0.07421875 0.125
1 0.4046875 0.5046875 0.0359375 0.08828125
1 0.36328125 0.615625 0.090625 0.10078125
1 0.61171875 0.75703125 0.04609375 0.10390625
1 0.64921875 0.79609375 0.03125 0.0703125
1 0.75 0.871875 0.025 0.07109375
1 0.825 0.94453125 0.0828125 0.096875
1 0.7546875 0.30546875 0.04765625 0.09296875
1 0.89375 0.21796875 0.03671875 0.09140625
1 0.8078125 0.08125 0.0203125 0.03203125
1 0.32890625 0.18125 0.03984375 0.05390625
1 0.959375 0.025 0.03359375 0.03515625