1 0.3453125 0.546875 0.06015625 0.0703125
1 0.3734375 0.5734375 0.03984375 0.05703125
1 0.35859375 0.87109375 0.059375 0.06953125
1 0.27578125 0.58359375 0.04453125 0.05078125
1 0.7328125 0.85 0.05703125 0.053125
1 0.67734375 0.54921875 0.07109375 0.065625
1 0.6078125 0.48203125 0.05078125 0.07421875
1 0.6125 0.39921875 0.078125 0.07734375
1 0.92578125 0.64765625 0.04296875 0.0625
1 0.85703125 0.684375 0.03359375 0.0375
1 0.97421875 0.68984375 0.0375 0.03125
1 0.70625 0.95546875 0.03515625 0.046875
1 0.72734375 0.6234375 0.03203125 0.0625
1 0.8359375 0.6390625 0.04140625 0.028125