1 0.621875 0.59609375 0.11328125 0.07578125
1 0.590625 0.684375 0.11015625 0.06015625
1 0.3671875 0.5671875 0.18515625 0.15078125
1 0.3984375 0.3390625 0.15703125 0.13828125
1 0.44453125 0.47578125 0.13671875 0.090625
1 0.225 0.61328125 0.1140625 0.071875
1 0.23984375 0.6828125 0.1015625 0.09375
1 0.4921875 0.73515625 0.0828125 0.10390625
1 0.084375 0.184375 0.16796875 0.11640625
1 0.053125 0.08515625 0.10625 0.1625
1 0.440625 0.8640625 0.03828125 0.0578125
1 0.39921875 0.8578125 0.05703125 0.06015625