1 0.409375 0.6109375 0.125 0.1375
1 0.37578125 0.70546875 0.0859375 0.0921875
1 0.465625 0.7328125 0.08828125 0.11953125
1 0.44765625 0.64375 0.05234375 0.0859375
1 0.3421875 0.61171875 0.0546875 0.09609375
1 0.51796875 0.409375 0.0546875 0.059375
1 0.44609375 0.3546875 0.065625 0.1046875
1 0.47109375 0.49375 0.07265625 0.08515625
1 0.58828125 0.13828125 0.0984375 0.10390625
1 0.56328125 0.19765625 0.0765625 0.09453125
1 0.63203125 0.04921875 0.1546875 0.09765625
1 0.484375 0.0421875 0.10390625 0.084375
1 0.0671875 0.16171875 0.0546875 0.06015625
1 0.11640625 0.20703125 0.07265625 0.07109375
1 0.259375 0.26640625 0.08046875 0.06171875