1 0.72421875 0.528125 0.09296875 0.084375
1 0.6171875 0.6 0.11484375 0.078125
1 0.70703125 0.61796875 0.0859375 0.0765625
1 0.621875 0.6609375 0.1609375 0.08828125
1 0.1359375 0.40546875 0.08515625 0.09453125
1 0.20546875 0.4328125 0.08515625 0.08046875
1 0.04921875 0.36953125 0.09375 0.1234375
1 0.04921875 0.521875 0.09765625 0.0875
1 0.21953125 0.87734375 0.07109375 0.06640625
1 0.184375 0.91796875 0.08046875 0.06953125
1 0.40625 0.48203125 0.04921875 0.065625
1 0.34765625 0.55 0.0984375 0.075
1 0.48203125 0.5234375 0.0625 0.07421875