1 0.68671875 0.49609375 0.09296875 0.1109375
1 0.51875 0.51484375 0.13125 0.08828125
1 0.4265625 0.4984375 0.06328125 0.0625
1 0.38515625 0.478125 0.07109375 0.05234375
1 0.47578125 0.403125 0.14609375 0.08984375
1 0.54453125 0.33046875 0.07578125 0.08828125
1 0.053125 0.3734375 0.10078125 0.08359375
1 0.0140625 0.29375 0.028125 0.04140625
1 0.471875 0.68671875 0.10625 0.08125
1 0.54765625 0.7796875 0.1140625 0.11171875
1 0.596875 0.70625 0.078125 0.0875
1 0.42109375 0.96796875 0.0921875 0.0640625
1 0.35703125 0.05625 0.0734375 0.05703125