1 0.57265625 0.02421875 0.09453125 0.04765625
1 0.45859375 0.2234375 0.1015625 0.10390625
1 0.51875 0.29921875 0.10390625 0.08515625
1 0.30234375 0.51484375 0.065625 0.0734375
1 0.47890625 0.48984375 0.115625 0.09296875
1 0.57421875 0.50859375 0.0546875 0.0828125
1 0.61875 0.521875 0.05859375 0.0765625
1 0.53203125 0.5953125 0.12578125 0.0796875
1 0.4546875 0.671875 0.071875 0.04609375
1 0.9640625 0.6296875 0.071875 0.08359375
1 0.94921875 0.68359375 0.1015625 0.05390625
1 0.7390625 0.53125 0.0703125 0.0578125