1 0.971875 0.571875 0.05625 0.09609375
1 0.7796875 0.4453125 0.06953125 0.078125
1 0.69609375 0.5296875 0.08984375 0.11015625
1 0.7078125 0.409375 0.03984375 0.0859375
1 0.553125 0.25 0.059375 0.08359375
1 0.4859375 0.3140625 0.065625 0.078125
1 0.44140625 0.24140625 0.05703125 0.0671875
1 0.4484375 0.41328125 0.03671875 0.059375
1 0.51640625 0.4890625 0.06875 0.1125
1 0.484375 0.60234375 0.08828125 0.08671875
1 0.39765625 0.53125 0.071875 0.11328125
1 0.3203125 0.44921875 0.04609375 0.0703125
1 0.3078125 0.8734375 0.04765625 0.05078125
1 0.315625 0.95546875 0.04765625 0.08515625
1 0.384375 0.959375 0.075 0.07421875
1 0.065625 0.6453125 0.05546875 0.07109375