1 0.37734375 0.96015625 0.06171875 0.065625
1 0.30703125 0.87578125 0.04609375 0.05
1 0.31171875 0.9765625 0.0515625 0.046875
1 0.975 0.56875 0.05 0.0875
1 0.7890625 0.45234375 0.04921875 0.06796875
1 0.48828125 0.315625 0.06171875 0.08671875
1 0.54765625 0.25234375 0.0546875 0.0625
1 0.51171875 0.49609375 0.0859375 0.1203125
1 0.4953125 0.58125 0.05703125 0.0671875
1 0.4828125 0.61171875 0.06171875 0.05703125
1 0.39921875 0.53359375 0.05625 0.10546875
1 0.325 0.45078125 0.05 0.07265625
1 0.46796875 0.73515625 0.04296875 0.05546875
1 0.3984375 0.6890625 0.03671875 0.04765625
1 0.3953125 0.72421875 0.03515625 0.0375
1 0.0609375 0.63984375 0.06015625 0.04296875
1 0.69296875 0.50078125 0.07421875 0.05390625
1 0.7046875 0.403125 0.05859375 0.05859375
1 0.44609375 0.25078125 0.0390625 0.06484375
1 0.4609375 0.40859375 0.0421875 0.02890625