1 0.5765625 0.4390625 0.1390625 0.11328125
1 0.66640625 0.43515625 0.0953125 0.08359375
1 0.56015625 0.14140625 0.15 0.12578125
1 0.5484375 0.06875 0.1265625 0.0765625
1 0.45390625 0.09921875 0.0765625 0.0625
1 0.27734375 0.33671875 0.0953125 0.05859375
1 0.25390625 0.4171875 0.09765625 0.08515625
1 0.19609375 0.3125 0.0984375 0.06875
1 0.0953125 0.2609375 0.06328125 0.06640625
1 0.253125 0.7359375 0.07890625 0.0453125
1 0.21015625 0.79453125 0.0734375 0.06171875
1 0.54375 0.975 0.07421875 0.0484375