1 0.87421875 0.55234375 0.06796875 0.1125
1 0.95 0.5375 0.06015625 0.09140625
1 0.5703125 0.57109375 0.0515625 0.11875
1 0.56953125 0.66796875 0.0328125 0.05
1 0.50546875 0.628125 0.046875 0.0953125
1 0.49765625 0.8234375 0.03125 0.06796875
1 0.01796875 0.54921875 0.0359375 0.05703125
1 0.240625 0.48984375 0.0453125 0.03984375
1 0.26484375 0.2515625 0.04921875 0.07890625
1 0.2140625 0.2015625 0.04140625 0.05546875
1 0.59296875 0.2609375 0.04375 0.08984375
1 0.64765625 0.28359375 0.025 0.090625
1 0.7390625 0.0796875 0.03359375 0.04296875
1 0.68984375 0.19453125 0.0328125 0.04609375
1 0.94375 0.41328125 0.0421875 0.06484375
1 0.48359375 0.3921875 0.046875 0.05859375