1 0.5921875 0.3609375 0.21328125 0.1765625
1 0.7234375 0.4625 0.19375 0.18203125
1 0.51875 0.54296875 0.2375 0.171875
1 0.49921875 0.65078125 0.1609375 0.1265625
1 0.3875 0.7171875 0.13046875 0.13046875
1 0.2078125 0.81640625 0.26171875 0.14765625
1 0.18125 0.940625 0.23984375 0.11875
1 0.5125 0.87109375 0.11328125 0.1234375
1 0.634375 0.2140625 0.18671875 0.1328125
1 0.625 0.04765625 0.171875 0.09453125
1 0.46875 0.04140625 0.13203125 0.0828125
1 0.53359375 0.13984375 0.16015625 0.11171875
1 0.43515625 0.4015625 0.08671875 0.11328125