1 0.63359375 0.5921875 0.16796875 0.22734375
1 0.7828125 0.6265625 0.12578125 0.1953125
1 0.85234375 0.54921875 0.09921875 0.13125
1 0.9453125 0.47265625 0.109375 0.121875
1 0.95 0.6140625 0.1 0.171875
1 0.52890625 0.721875 0.15625 0.19296875
1 0.46953125 0.51484375 0.14453125 0.23125
1 0.3421875 0.5 0.11328125 0.165625
1 0.6125 0.44375 0.09453125 0.090625
1 0.278125 0.38125 0.1078125 0.13671875
1 0.0484375 0.178125 0.09609375 0.22578125
1 0.228125 0.2640625 0.05703125 0.1421875
1 0.14765625 0.18515625 0.065625 0.20390625
1 0.11484375 0.51328125 0.0796875 0.06015625