1 0.86796875 0.1984375 0.115625 0.06484375
1 0.87890625 0.2484375 0.1046875 0.07421875
1 0.65625 0.35859375 0.16640625 0.10703125
1 0.503125 0.3015625 0.16328125 0.10078125
1 0.56328125 0.2625 0.1140625 0.090625
1 0.540625 0.38828125 0.09453125 0.06015625
1 0.4390625 0.40390625 0.18515625 0.09140625
1 0.33515625 0.3765625 0.1203125 0.078125
1 0.33671875 0.30859375 0.1984375 0.10859375
1 0.42890625 0.46875 0.21875 0.0984375
1 0.3859375 0.51953125 0.1640625 0.08203125
1 0.440625 0.56796875 0.0921875 0.05703125
1 0.58984375 0.64765625 0.08125 0.08203125
1 0.62578125 0.609375 0.05078125 0.04296875
1 0.6546875 0.65703125 0.078125 0.053125
1 0.7328125 0.6421875 0.06875 0.05546875
1 0.6875 0.8453125 0.090625 0.0828125
1 0.60703125 0.9546875 0.1046875 0.078125
1 0.59140625 0.98125 0.0796875 0.0375
1 0.20546875 0.04453125 0.1171875 0.08671875
1 0.46484375 0.1234375 0.071875 0.0640625