1 0.76640625 0.740625 0.09296875 0.14140625
1 0.6859375 0.73515625 0.08671875 0.13515625
1 0.709375 0.62578125 0.08515625 0.12890625
1 0.7 0.51484375 0.0828125 0.1484375
1 0.65390625 0.390625 0.065625 0.11796875
1 0.68828125 0.3578125 0.0484375 0.10078125
1 0.71015625 0.41015625 0.0453125 0.103125
1 0.56796875 0.2265625 0.08515625 0.13125
1 0.409375 0.16015625 0.0671875 0.11484375
1 0.18828125 0.63203125 0.0515625 0.06796875
1 0.146875 0.56640625 0.03828125 0.04296875
1 0.09296875 0.7140625 0.03125 0.04453125
1 0.225 0.74609375 0.03984375 0.06171875
1 0.43828125 0.8515625 0.03984375 0.0421875
1 0.2796875 0.8828125 0.02578125 0.03046875