1 0.753125 0.2375 0.12421875 0.08359375
1 0.7484375 0.3109375 0.09921875 0.08203125
1 0.64765625 0.2953125 0.16015625 0.09765625
1 0.51328125 0.3 0.10859375 0.09140625
1 0.41328125 0.2765625 0.0859375 0.05546875
1 0.3484375 0.303125 0.07265625 0.06015625
1 0.4046875 0.33828125 0.11640625 0.071875
1 0.2359375 0.42265625 0.1578125 0.075
1 0.26484375 0.35 0.065625 0.0484375
1 0.6828125 0.6046875 0.096875 0.071875
1 0.60390625 0.64296875 0.07734375 0.05703125
1 0.16953125 0.5859375 0.140625 0.065625
1 0.62578125 0.8140625 0.078125 0.0796875
1 0.57421875 0.84296875 0.065625 0.0625
1 0.746875 0.7671875 0.05390625 0.0546875