1 0.8421875 0.421875 0.03984375 0.046875
1 0.8171875 0.3671875 0.04375 0.065625
1 0.90859375 0.271875 0.03046875 0.04375
1 0.77421875 0.24765625 0.03671875 0.04921875
1 0.784375 0.2625 0.02578125 0.03046875
1 0.64609375 0.3953125 0.04296875 0.0640625
1 0.5984375 0.3296875 0.04609375 0.0890625
1 0.63125 0.3234375 0.040625 0.0625
1 0.59140625 0.82265625 0.053125 0.10703125
1 0.5890625 0.725 0.040625 0.08046875
1 0.41953125 0.775 0.065625 0.12578125
1 0.35 0.7359375 0.0375 0.07578125
1 0.25859375 0.8703125 0.06015625 0.13984375
1 0.30546875 0.6453125 0.04140625 0.09765625
1 0.34375 0.59453125 0.05625 0.11640625
1 0.28046875 0.58984375 0.05390625 0.0984375
1 0.29609375 0.49609375 0.059375 0.11015625
1 0.29375 0.3703125 0.0671875 0.121875
1 0.30859375 0.24609375 0.06640625 0.1125
1 0.24140625 0.24375 0.06484375 0.11328125
1 0.3578125 0.2 0.0359375 0.06953125
1 0.55859375 0.14296875 0.0328125 0.0390625