1 0.66015625 0.83125 0.09765625 0.17265625
1 0.6828125 0.74453125 0.05859375 0.09609375
1 0.621875 0.671875 0.05234375 0.10703125
1 0.759375 0.6484375 0.03515625 0.12265625
1 0.48125 0.67265625 0.06015625 0.12109375
1 0.51171875 0.60078125 0.0359375 0.0671875
1 0.26484375 0.36953125 0.03671875 0.08046875
1 0.246875 0.246875 0.053125 0.07890625
1 0.43125 0.31953125 0.0578125 0.10390625
1 0.54375 0.134375 0.05625 0.12109375
1 0.51640625 0.04140625 0.0421875 0.0828125
1 0.65859375 0.1828125 0.04140625 0.07578125
1 0.7359375 0.1328125 0.04140625 0.0765625
1 0.7796875 0.49140625 0.034375 0.0734375
1 0.990625 0.38828125 0.01875 0.0484375
1 0.98671875 0.2890625 0.0265625 0.0515625
1 0.2703125 0.91640625 0.02578125 0.146875
1 0.13515625 0.61953125 0.0484375 0.06953125