1 0.98125 0.28984375 0.0328125 0.0578125
1 0.9875 0.39609375 0.025 0.04375
1 0.73515625 0.12890625 0.0578125 0.08359375
1 0.65546875 0.18984375 0.04921875 0.08125
1 0.54140625 0.13203125 0.08359375 0.10703125
1 0.521875 0.03984375 0.0578125 0.0796875
1 0.78359375 0.47109375 0.0640625 0.1140625
1 0.775 0.5859375 0.04375 0.07734375
1 0.75546875 0.65 0.03984375 0.12890625
1 0.684375 0.7453125 0.06640625 0.1421875
1 0.65625 0.83828125 0.09921875 0.1640625
1 0.6140625 0.67890625 0.05546875 0.125
1 0.509375 0.6 0.06328125 0.0921875
1 0.47421875 0.678125 0.0546875 0.11953125
1 0.4296875 0.32109375 0.04609375 0.11171875
1 0.2515625 0.23984375 0.06328125 0.1046875
1 0.25859375 0.35625 0.04140625 0.07578125
1 0.14140625 0.60625 0.05625 0.0875
1 0.37578125 0.82421875 0.0578125 0.1359375
1 0.28203125 0.91171875 0.04453125 0.159375