1 0.8734375 0.66171875 0.14609375 0.090625
1 0.81328125 0.6140625 0.0640625 0.06328125
1 0.65234375 0.7890625 0.13671875 0.09921875
1 0.58203125 0.88828125 0.134375 0.09921875
1 0.6609375 0.87890625 0.05234375 0.08671875
1 0.4953125 0.6703125 0.11640625 0.084375
1 0.4390625 0.63046875 0.07265625 0.06484375
1 0.5046875 0.58125 0.09765625 0.06171875
1 0.61015625 0.465625 0.07890625 0.0703125
1 0.390625 0.30234375 0.0984375 0.075
1 0.33671875 0.24609375 0.0921875 0.05859375
1 0.209375 0.153125 0.08828125 0.09140625
1 0.17578125 0.05859375 0.12734375 0.06796875
1 0.31796875 0.10703125 0.103125 0.06796875
1 0.1453125 0.17109375 0.07265625 0.07265625
1 0.53515625 0.43203125 0.078125 0.03515625