1 0.79296875 0.33203125 0.08203125 0.12265625
1 0.884375 0.328125 0.0890625 0.07890625
1 0.88125 0.428125 0.103125 0.134375
1 0.65859375 0.12265625 0.07421875 0.12578125
1 0.61328125 0.16953125 0.0375 0.06484375
1 0.6328125 0.56171875 0.06640625 0.07578125
1 0.65546875 0.50703125 0.05703125 0.10625
1 0.59140625 0.5015625 0.06171875 0.12109375
1 0.46328125 0.39140625 0.046875 0.065625
1 0.43671875 0.46171875 0.0296875 0.07421875
1 0.3046875 0.60625 0.04375 0.0796875
1 0.25078125 0.65703125 0.04296875 0.096875
1 0.1484375 0.78984375 0.07265625 0.0796875
1 0.078125 0.81171875 0.08125 0.12890625
1 0.10703125 0.675 0.05390625 0.10546875
1 0.165625 0.8484375 0.04921875 0.0625