1 0.3453125 0.31796875 0.10390625 0.1859375
1 0.26796875 0.18125 0.11875 0.19609375
1 0.52734375 0.39609375 0.07578125 0.13828125
1 0.85078125 0.67734375 0.10546875 0.18828125
1 0.82421875 0.8140625 0.084375 0.19921875
1 0.765625 0.92109375 0.0875 0.1578125
1 0.72890625 0.96796875 0.07109375 0.06328125
1 0.9328125 0.8296875 0.05625 0.0984375
1 0.7828125 0.27890625 0.059375 0.12890625
1 0.503125 0.69375 0.04140625 0.12890625
1 0.5453125 0.5078125 0.0421875 0.05390625
1 0.51484375 0.565625 0.02578125 0.09453125
1 0.4515625 0.53203125 0.03125 0.1203125
1 0.109375 0.76328125 0.040625 0.14296875
1 0.17265625 0.7734375 0.04296875 0.13203125
1 0.98203125 0.37890625 0.0359375 0.0671875
1 0.41328125 0.04453125 0.0796875 0.08828125
1 0.0734375 0.8234375 0.06171875 0.0859375