1 0.49765625 0.54140625 0.10703125 0.1171875
1 0.56015625 0.5015625 0.0765625 0.1109375
1 0.58359375 0.6296875 0.05625 0.08671875
1 0.70390625 0.66875 0.10546875 0.11796875
1 0.75078125 0.75625 0.0703125 0.1171875
1 0.67265625 0.771875 0.1 0.11875
1 0.5984375 0.76484375 0.0609375 0.09296875
1 0.2921875 0.31484375 0.184375 0.19140625
1 0.265625 0.15625 0.14296875 0.17890625
1 0.13203125 0.20234375 0.134375 0.1421875
1 0.034375 0.3328125 0.06875 0.13125
1 0.15390625 0.44296875 0.1546875 0.18515625
1 0.275 0.48984375 0.13125 0.140625