1 0.49765625 0.5453125 0.09921875 0.1078125
1 0.2828125 0.3125 0.1328125 0.18125
1 0.1546875 0.4421875 0.14375 0.17265625
1 0.2703125 0.15234375 0.103125 0.1375
1 0.153125 0.20859375 0.07109375 0.14375
1 0.02109375 0.346875 0.04140625 0.0625
1 0.70625 0.6671875 0.09453125 0.08984375
1 0.0921875 0.234375 0.0515625 0.0828125
1 0.6734375 0.7578125 0.08203125 0.10625
1 0.7359375 0.76484375 0.06328125 0.09296875
1 0.6 0.771875 0.05390625 0.10703125
1 0.5703125 0.51796875 0.0421875 0.07421875
1 0.2671875 0.48515625 0.09140625 0.1203125