1 0.6703125 0.3640625 0.1296875 0.22109375
1 0.60859375 0.521875 0.10078125 0.17109375
1 0.56328125 0.278125 0.10625 0.1625
1 0.3234375 0.32890625 0.10703125 0.16953125
1 0.3765625 0.4546875 0.11328125 0.19609375
1 0.2046875 0.21796875 0.06171875 0.11953125
1 0.14453125 0.1984375 0.090625 0.153125
1 0.7078125 0.65 0.109375 0.25078125
1 0.80703125 0.5890625 0.128125 0.23203125
1 0.61328125 0.8828125 0.0765625 0.18046875
1 0.509375 0.8375 0.0671875 0.13125
1 0.3640625 0.734375 0.1265625 0.1578125
1 0.31640625 0.85546875 0.08125 0.14765625
1 0.08671875 0.77734375 0.08984375 0.1140625
1 0.01640625 0.75859375 0.0328125 0.0796875