1 0.66015625 0.3703125 0.11640625 0.20625
1 0.7296875 0.67578125 0.0515625 0.15390625
1 0.5984375 0.53046875 0.07265625 0.13984375
1 0.3625 0.4078125 0.0546875 0.071875
1 0.4015625 0.5234375 0.0515625 0.0859375
1 0.609375 0.89453125 0.07109375 0.14765625
1 0.35078125 0.7421875 0.0703125 0.1453125
1 0.3125 0.8671875 0.08359375 0.07890625
1 0.08828125 0.7796875 0.0609375 0.09609375
1 0.13828125 0.20390625 0.08515625 0.1359375
1 0.20390625 0.2203125 0.0515625 0.109375
1 0.31640625 0.30078125 0.08515625 0.05859375
1 0.31171875 0.403125 0.06328125 0.0625
1 0.784375 0.625 0.04453125 0.115625