1 0.825 0.46953125 0.071875 0.09375
1 0.75390625 0.54609375 0.0859375 0.1125
1 0.81875 0.5515625 0.05546875 0.0609375
1 0.8765625 0.63671875 0.0546875 0.08984375
1 0.92578125 0.71953125 0.0828125 0.12265625
1 0.89375 0.81328125 0.09375 0.0953125
1 0.79765625 0.78046875 0.040625 0.0703125
1 0.7296875 0.79609375 0.0859375 0.11015625
1 0.67890625 0.6390625 0.06875 0.1109375
1 0.6125 0.63125 0.078125 0.096875
1 0.40546875 0.75234375 0.0546875 0.06328125
1 0.34765625 0.8546875 0.059375 0.05859375
1 0.4140625 0.50390625 0.059375 0.0734375
1 0.3703125 0.509375 0.06171875 0.08828125
1 0.44375 0.4265625 0.07421875 0.10546875
1 0.4109375 0.36328125 0.06640625 0.05390625
1 0.37734375 0.4328125 0.053125 0.05625
1 0.425 0.28984375 0.05859375 0.103125
1 0.484375 0.2171875 0.0359375 0.046875
1 0.48984375 0.084375 0.06796875 0.07890625
1 0.55078125 0.03046875 0.0859375 0.0609375
1 0.19375 0.38828125 0.059375 0.06875
1 0.14453125 0.4390625 0.0671875 0.0671875
1 0.2203125 0.41953125 0.040625 0.04140625
1 0.37421875 0.6578125 0.0421875 0.0421875
1 0.19609375 0.65234375 0.04609375 0.04453125