1 0.48671875 0.365625 0.12421875 0.0921875
1 0.49296875 0.2359375 0.09453125 0.06484375
1 0.35078125 0.6171875 0.08203125 0.0703125
1 0.28984375 0.68359375 0.0671875 0.0640625
1 0.25234375 0.590625 0.07734375 0.07578125
1 0.24375 0.53046875 0.06015625 0.0671875
1 0.30390625 0.54921875 0.06953125 0.0671875
1 0.19765625 0.590625 0.0328125 0.04296875
1 0.4984375 0.6328125 0.084375 0.053125
1 0.4640625 0.665625 0.059375 0.05546875
1 0.4953125 0.68515625 0.03515625 0.034375
1 0.53671875 0.95234375 0.04453125 0.04609375
1 0.4359375 0.1828125 0.078125 0.03203125