1 0.6734375 0.5375 0.05 0.06015625
1 0.63515625 0.5140625 0.05625 0.06171875
1 0.69140625 0.49921875 0.03671875 0.04921875
1 0.95546875 0.47265625 0.0390625 0.0453125
1 0.690625 0.70859375 0.05625 0.07734375
1 0.62734375 0.6515625 0.0546875 0.07421875
1 0.64140625 0.73046875 0.0296875 0.0640625
1 0.59765625 0.74609375 0.05703125 0.0640625
1 0.59453125 0.79375 0.05546875 0.03984375
1 0.53671875 0.75390625 0.04765625 0.05703125
1 0.5421875 0.6984375 0.0265625 0.03984375
1 0.56328125 0.68515625 0.02421875 0.053125
1 0.36875 0.51484375 0.07421875 0.1
1 0.43515625 0.55625 0.02578125 0.075
1 0.2359375 0.50234375 0.05859375 0.065625
1 0.184375 0.5625 0.03046875 0.05625
1 0.4125 0.25234375 0.02890625 0.0453125
1 0.559375 0.10859375 0.03046875 0.0375
1 0.72265625 0.0765625 0.0265625 0.040625
1 0.9578125 0.07421875 0.02734375 0.03125
1 0.7734375 0.734375 0.021875 0.03125
1 0.76015625 0.6828125 0.0171875 0.02578125
1 0.73984375 0.70625 0.0171875 0.028125
1 0.1546875 0.13203125 0.07421875 0.071875