1 0.63984375 0.51015625 0.040625 0.0546875
1 0.671875 0.5390625 0.0484375 0.04921875
1 0.69609375 0.5 0.03125 0.03828125
1 0.92578125 0.453125 0.02421875 0.03359375
1 0.95234375 0.46796875 0.03359375 0.04609375
1 0.62109375 0.64921875 0.05546875 0.07421875
1 0.684375 0.70859375 0.05390625 0.06875
1 0.6359375 0.72890625 0.03203125 0.0609375
1 0.59296875 0.7453125 0.05234375 0.07109375
1 0.5984375 0.79453125 0.05 0.0359375
1 0.5546875 0.8046875 0.0296875 0.0296875
1 0.5265625 0.75 0.04375 0.07109375
1 0.54140625 0.7 0.03828125 0.06875
1 0.56171875 0.678125 0.03515625 0.0578125
1 0.36953125 0.5125 0.0671875 0.10390625
1 0.4328125 0.5515625 0.04765625 0.07890625
1 0.2359375 0.49921875 0.05859375 0.06875
1 0.18125 0.55390625 0.03828125 0.0671875
1 0.75859375 0.68125 0.0234375 0.03671875
1 0.73828125 0.7109375 0.01796875 0.034375
1 0.77109375 0.728125 0.0265625 0.02890625
1 0.415625 0.24375 0.03515625 0.0421875
1 0.553125 0.1 0.0390625 0.0390625
1 0.71953125 0.071875 0.04375 0.03984375
1 0.96640625 0.07734375 0.02578125 0.025
1 0.1578125 0.12578125 0.0578125 0.059375