1 0.58125 0.19140625 0.0734375 0.08828125
1 0.52890625 0.22265625 0.04765625 0.075
1 0.87265625 0.3328125 0.0421875 0.046875
1 0.909375 0.3390625 0.0390625 0.04921875
1 0.90546875 0.06640625 0.046875 0.0515625
1 0.7953125 0.3390625 0.04765625 0.0640625
1 0.80234375 0.378125 0.02734375 0.046875
1 0.71953125 0.34140625 0.05234375 0.046875
1 0.6953125 0.384375 0.034375 0.04765625
1 0.88984375 0.41796875 0.03125 0.03828125
1 0.90625 0.434375 0.02109375 0.02578125
1 0.9453125 0.41875 0.02421875 0.0296875
1 0.86171875 0.44609375 0.03984375 0.0421875
1 0.834375 0.47109375 0.03046875 0.03828125
1 0.875 0.4953125 0.046875 0.0484375
1 0.8546875 0.53515625 0.04140625 0.0375
1 0.5375 0.42890625 0.04453125 0.0609375
1 0.53515625 0.465625 0.0375 0.05
1 0.45234375 0.3796875 0.04453125 0.04140625
1 0.475 0.459375 0.03203125 0.04609375
1 0.3875 0.515625 0.0703125 0.0828125
1 0.35390625 0.5953125 0.0609375 0.0578125
1 0.31328125 0.57265625 0.0703125 0.078125
1 0.30546875 0.646875 0.0515625 0.05546875
1 0.24375 0.646875 0.05625 0.07109375
1 0.5609375 0.65703125 0.07109375 0.075
1 0.5921875 0.6890625 0.03828125 0.040625
1 0.52578125 0.7 0.05703125 0.0734375
1 0.559375 0.72578125 0.0375 0.04140625
1 0.47578125 0.753125 0.059375 0.065625
1 0.42578125 0.7421875 0.0484375 0.06953125