1 0.578125 0.1765625 0.03984375 0.06640625
1 0.52421875 0.22734375 0.0390625 0.08046875
1 0.45546875 0.375 0.02578125 0.05
1 0.5421875 0.428125 0.0484375 0.05078125
1 0.53984375 0.47265625 0.02734375 0.0421875
1 0.38671875 0.53046875 0.0578125 0.06875
1 0.31328125 0.5828125 0.0484375 0.0890625
1 0.3578125 0.60546875 0.04453125 0.06171875
1 0.30078125 0.6546875 0.05078125 0.05078125
1 0.2375 0.65625 0.0484375 0.053125
1 0.41796875 0.73515625 0.0546875 0.0828125
1 0.4625 0.753125 0.0453125 0.0734375
1 0.52890625 0.70234375 0.06328125 0.08359375
1 0.565625 0.65234375 0.05546875 0.07578125
1 0.59375 0.68671875 0.03984375 0.046875
1 0.703125 0.3890625 0.03359375 0.0421875
1 0.7171875 0.34375 0.0390625 0.04140625
1 0.7890625 0.33359375 0.05859375 0.0703125
1 0.87265625 0.33046875 0.03046875 0.03671875
1 0.903125 0.34453125 0.02421875 0.025
1 0.85625 0.5359375 0.0375 0.04765625
1 0.87265625 0.49609375 0.04765625 0.04375
1 0.83046875 0.46640625 0.0296875 0.05546875
1 0.85625 0.44140625 0.03203125 0.059375
1 0.88125 0.4078125 0.0296875 0.0359375
1 0.89296875 0.42578125 0.0265625 0.03125
1 0.8890625 0.46953125 0.0265625 0.03125
1 0.93984375 0.42421875 0.03046875 0.0375
1 0.8953125 0.0609375 0.0390625 0.03515625