1 0.73046875 0.40234375 0.13515625 0.1296875
1 0.69453125 0.28125 0.05625 0.07890625
1 0.58125 0.29921875 0.0921875 0.10703125
1 0.5875 0.3953125 0.10390625 0.08046875
1 0.48203125 0.38203125 0.08359375 0.08203125
1 0.5046875 0.45 0.06484375 0.06171875
1 0.76796875 0.54375 0.08046875 0.078125
1 0.71796875 0.6453125 0.10234375 0.0828125
1 0.665625 0.52421875 0.0625 0.084375
1 0.40234375 0.78046875 0.065625 0.07109375
1 0.33515625 0.79375 0.071875 0.075
1 0.31171875 0.72890625 0.06328125 0.0671875
1 0.140625 0.6140625 0.05625 0.084375
1 0.2 0.63828125 0.0375 0.10234375
1 0.0765625 0.7234375 0.05859375 0.05546875