1 0.81953125 0.4765625 0.07421875 0.11171875
1 0.92734375 0.56484375 0.103125 0.1140625
1 0.93359375 0.68359375 0.08984375 0.12578125
1 0.8515625 0.69921875 0.08984375 0.10390625
1 0.81796875 0.59296875 0.0890625 0.10859375
1 0.72421875 0.60703125 0.065625 0.04765625
1 0.87890625 0.7671875 0.0515625 0.05703125
1 0.8578125 0.8078125 0.03984375 0.0453125
1 0.24609375 0.70546875 0.0921875 0.09375
1 0.21171875 0.63203125 0.0671875 0.0625
1 0.253125 0.590625 0.07109375 0.1046875
1 0.12265625 0.31796875 0.05078125 0.0609375
1 0.06796875 0.33984375 0.07265625 0.0828125
1 0.15234375 0.684375 0.0828125 0.07421875
1 0.1734375 0.75 0.071875 0.0765625
1 0.215625 0.8171875 0.0359375 0.05
1 0.07578125 0.93359375 0.0796875 0.0828125
1 0.4859375 0.6921875 0.04765625 0.0984375
1 0.93515625 0.059375 0.06171875 0.0671875
1 0.05625 0.18828125 0.0328125 0.0640625
1 0.33671875 0.3328125 0.04140625 0.06875