1 0.2796875 0.33203125 0.09453125 0.08515625
1 0.421875 0.65 0.0546875 0.05625
1 0.43984375 0.72890625 0.04296875 0.05234375
1 0.39453125 0.70078125 0.0859375 0.0609375
1 0.3609375 0.65859375 0.065625 0.0671875
1 0.228125 0.5453125 0.05703125 0.05390625
1 0.0234375 0.5203125 0.046875 0.05703125
1 0.03671875 0.46953125 0.046875 0.04140625
1 0.71328125 0.371875 0.03984375 0.053125
1 0.37890625 0.06328125 0.053125 0.0453125
1 0.69296875 0.01953125 0.08828125 0.03828125
1 0.828125 0.04296875 0.07265625 0.05234375
1 0.46171875 0.01171875 0.0453125 0.0234375
1 0.55859375 0.975 0.065625 0.05
1 0.69140625 0.6125 0.0765625 0.06015625
1 0.24140625 0.2484375 0.06171875 0.078125