1 0.978125 0.4390625 0.04375 0.0625
1 0.85 0.38046875 0.0390625 0.0546875
1 0.815625 0.315625 0.03828125 0.04375
1 0.61640625 0.31484375 0.0515625 0.0578125
1 0.5890625 0.26953125 0.0359375 0.03203125
1 0.671875 0.4328125 0.0328125 0.053125
1 0.72421875 0.5515625 0.05 0.07421875
1 0.7015625 0.603125 0.0546875 0.0578125
1 0.675 0.62734375 0.03515625 0.03046875
1 0.6515625 0.64140625 0.03046875 0.04453125
1 0.65078125 0.57578125 0.059375 0.08125
1 0.80703125 0.61796875 0.0328125 0.04609375
1 0.83671875 0.54765625 0.028125 0.0546875
1 0.6140625 0.7796875 0.05078125 0.04609375
1 0.56640625 0.759375 0.02734375 0.03671875
1 0.5421875 0.78125 0.04765625 0.04921875
1 0.3328125 0.72421875 0.07578125 0.071875
1 0.28046875 0.75 0.03515625 0.05625
1 0.24609375 0.7546875 0.0546875 0.053125
1 0.19140625 0.7515625 0.0359375 0.03515625
1 0.49453125 0.9671875 0.07890625 0.05546875
1 0.0640625 0.63125 0.03203125 0.04296875
1 0.015625 0.5328125 0.028125 0.02421875
1 0.01796875 0.3046875 0.0359375 0.071875
1 0.046875 0.17421875 0.06015625 0.0546875
1 0.35390625 0.290625 0.02578125 0.04765625
1 0.3859375 0.29140625 0.025 0.0375
1 0.9890625 0.21875 0.021875 0.0375
1 0.834375 0.08203125 0.03046875 0.0484375