1 0.7328125 0.56875 0.05234375 0.075
1 0.6609375 0.57421875 0.05859375 0.08515625
1 0.7 0.60859375 0.06640625 0.0640625
1 0.6578125 0.6421875 0.06171875 0.05546875
1 0.53984375 0.78046875 0.05546875 0.065625
1 0.33203125 0.71953125 0.0671875 0.1046875
1 0.28828125 0.74609375 0.053125 0.05546875
1 0.2421875 0.7546875 0.05703125 0.0625
1 0.3546875 0.284375 0.03671875 0.03984375
1 0.9796875 0.446875 0.03984375 0.0703125
1 0.021875 0.2984375 0.04375 0.08359375
1 0.04375 0.17109375 0.05 0.04765625
1 0.07109375 0.634375 0.040625 0.0671875
1 0.61640625 0.3171875 0.04296875 0.0625
1 0.6171875 0.7703125 0.05078125 0.05078125
1 0.8 0.6109375 0.03671875 0.0421875
1 0.5046875 0.96796875 0.06015625 0.06171875