1 0.76171875 0.578125 0.09921875 0.0984375
1 0.78671875 0.49453125 0.0640625 0.0703125
1 0.83515625 0.44609375 0.0546875 0.07890625
1 0.64765625 0.57265625 0.04140625 0.0875
1 0.459375 0.66796875 0.08203125 0.10625
1 0.56796875 0.81328125 0.090625 0.09921875
1 0.52109375 0.90390625 0.09296875 0.13203125
1 0.4359375 0.9390625 0.08203125 0.11640625
1 0.50390625 0.98203125 0.04765625 0.0359375
1 0.10390625 0.9296875 0.10390625 0.13984375
1 0.0296875 0.84765625 0.059375 0.1359375
1 0.0265625 0.95 0.053125 0.1
1 0.978125 0.51796875 0.04375 0.06796875
1 0.22578125 0.52421875 0.09375 0.08203125