1 0.90703125 0.60234375 0.084375 0.07890625
1 0.83359375 0.2359375 0.0578125 0.08828125
1 0.77890625 0.2484375 0.046875 0.07265625
1 0.753125 0.3359375 0.05703125 0.0515625
1 0.728125 0.4015625 0.0609375 0.0640625
1 0.6734375 0.4625 0.0671875 0.07421875
1 0.75390625 0.5140625 0.09453125 0.0984375
1 0.68125 0.534375 0.06015625 0.07578125
1 0.6140625 0.64609375 0.07734375 0.1046875
1 0.68203125 0.665625 0.0390625 0.03671875
1 0.590625 0.8515625 0.0484375 0.08359375
1 0.5 0.465625 0.0796875 0.1296875
1 0.43125 0.5265625 0.07109375 0.12734375
1 0.51328125 0.25546875 0.040625 0.05234375