1 0.4671875 0.54453125 0.09140625 0.1171875
1 0.45 0.6609375 0.07421875 0.09921875
1 0.5390625 0.6359375 0.096875 0.12265625
1 0.515625 0.7421875 0.09296875 0.11171875
1 0.45 0.7421875 0.06796875 0.090625
1 0.41640625 0.82109375 0.08046875 0.0828125
1 0.36171875 0.74296875 0.07734375 0.11328125
1 0.79921875 0.7 0.08359375 0.10703125
1 0.86171875 0.74296875 0.0640625 0.06484375
1 0.89765625 0.67421875 0.08828125 0.11015625
1 0.93046875 0.6 0.0734375 0.08828125
1 0.88828125 0.471875 0.075 0.071875
1 0.965625 0.4578125 0.06796875 0.084375
1 0.9109375 0.42265625 0.109375 0.06015625
1 0.65625 0.3234375 0.09609375 0.07421875
1 0.1828125 0.8046875 0.07265625 0.08203125
1 0.11875 0.76484375 0.05703125 0.0828125
1 0.7703125 0.2796875 0.05859375 0.0984375
1 0.46796875 0.03984375 0.05546875 0.071875