1 0.9546875 0.29609375 0.090625 0.13671875
1 0.87734375 0.2703125 0.10078125 0.1015625
1 0.9140625 0.165625 0.084375 0.09375
1 0.528125 0.36953125 0.1171875 0.08125
1 0.49140625 0.43046875 0.1453125 0.10703125
1 0.54140625 0.4859375 0.1125 0.090625
1 0.55546875 0.5625 0.14609375 0.109375
1 0.47421875 0.5859375 0.0796875 0.071875
1 0.4875 0.63671875 0.153125 0.09765625
1 0.37734375 0.58671875 0.1140625 0.09453125
1 0.28359375 0.575 0.08203125 0.0703125
1 0.2859375 0.64453125 0.09765625 0.0921875
1 0.36953125 0.66875 0.109375 0.10390625
1 0.4703125 0.75390625 0.0875 0.08125
1 0.39765625 0.75703125 0.053125 0.071875
1 0.32578125 0.48125 0.096875 0.10703125
1 0.22890625 0.37421875 0.12734375 0.08984375
1 0.19921875 0.1875 0.153125 0.121875
1 0.12578125 0.103125 0.15546875 0.11328125
1 0.0515625 0.16015625 0.103125 0.1046875
1 0.0703125 0.21640625 0.103125 0.084375
1 0.13359375 0.259375 0.10703125 0.05859375