1 0.63671875 0.52265625 0.09453125 0.09921875
1 0.56015625 0.471875 0.0796875 0.09453125
1 0.503125 0.5421875 0.08359375 0.121875
1 0.4296875 0.565625 0.0703125 0.084375
1 0.36171875 0.5015625 0.1 0.1109375
1 0.41171875 0.46640625 0.05546875 0.06171875
1 0.5328125 0.31796875 0.08359375 0.08984375
1 0.81328125 0.203125 0.11640625 0.13203125
1 0.903125 0.12421875 0.10390625 0.13515625
1 0.83515625 0.04140625 0.11328125 0.0828125
1 0.778125 0.09140625 0.1109375 0.1015625
1 0.628125 0.2171875 0.07734375 0.0859375
1 0.41953125 0.26953125 0.0875 0.0671875
1 0.40546875 0.38046875 0.10625 0.09765625
1 0.35 0.2859375 0.08046875 0.084375
1 0.328125 0.3671875 0.12734375 0.11953125
1 0.2421875 0.40546875 0.084375 0.06171875
1 0.246875 0.46953125 0.08359375 0.09375
1 0.7171875 0.95 0.13359375 0.1
1 0.71953125 0.871875 0.07890625 0.12109375
1 0.8375 0.91171875 0.1390625 0.09921875