1 0.5484375 0.54921875 0.13046875 0.1046875
1 0.59765625 0.4796875 0.07578125 0.0765625
1 0.65546875 0.5421875 0.12109375 0.128125
1 0.7046875 0.4640625 0.0765625 0.1
1 0.73359375 0.515625 0.08046875 0.08984375
1 0.82421875 0.53359375 0.11171875 0.08828125
1 0.78828125 0.61953125 0.0984375 0.1109375
1 0.953125 0.7625 0.09296875 0.09375
1 0.54609375 0.3375 0.0796875 0.0703125
1 0.55234375 0.28046875 0.075 0.0890625
1 0.48828125 0.27265625 0.07578125 0.07421875
1 0.43671875 0.28671875 0.0734375 0.07578125
1 0.32578125 0.2859375 0.0765625 0.06796875
1 0.2765625 0.20078125 0.0734375 0.07421875
1 0.296875 0.14453125 0.0703125 0.06328125
1 0.728125 0.12734375 0.075 0.0609375