1 0.440625 0.5515625 0.07734375 0.10078125
1 0.44921875 0.65234375 0.071875 0.10703125
1 0.51484375 0.5921875 0.05703125 0.08125
1 0.5296875 0.6953125 0.059375 0.0828125
1 0.46875 0.74375 0.07578125 0.06328125
1 0.4546875 0.8265625 0.0609375 0.0828125
1 0.39375 0.77578125 0.06328125 0.06171875
1 0.36875 0.81640625 0.05390625 0.05390625
1 0.01953125 0.9109375 0.03828125 0.08359375
1 0.03359375 0.8375 0.02734375 0.046875
1 0.23984375 0.96328125 0.0703125 0.0734375
1 0.87265625 0.7359375 0.0390625 0.04453125
1 0.70625 0.565625 0.04453125 0.05859375
1 0.66015625 0.55546875 0.07109375 0.078125
1 0.7234375 0.50234375 0.0734375 0.06875
1 0.7078125 0.4359375 0.0609375 0.053125
1 0.71328125 0.33125 0.0484375 0.06953125
1 0.7953125 0.284375 0.05703125 0.0640625
1 0.84921875 0.30078125 0.04921875 0.05859375
1 0.7671875 0.57578125 0.03125 0.03515625
1 0.3765625 0.0140625 0.05 0.028125
1 0.98984375 0.096875 0.0203125 0.03203125
1 0.98203125 0.1953125 0.03046875 0.03359375
1 0.84140625 0.60546875 0.025 0.0359375