1 0.946875 0.75546875 0.1015625 0.0953125
1 0.8875 0.72578125 0.0796875 0.07265625
1 0.86953125 0.80859375 0.13359375 0.10078125
1 0.45703125 0.96171875 0.10390625 0.07109375
1 0.28671875 0.98046875 0.0828125 0.0390625
1 0.6671875 0.6859375 0.08046875 0.08984375
1 0.746875 0.4796875 0.08515625 0.0765625
1 0.68515625 0.521875 0.08515625 0.07109375
1 0.6984375 0.43203125 0.0796875 0.0625
1 0.615625 0.46796875 0.10078125 0.09609375
1 0.54765625 0.3390625 0.08125 0.05703125
1 0.51953125 0.28515625 0.07421875 0.07265625
1 0.59296875 0.25390625 0.065625 0.06328125
1 0.5890625 0.29453125 0.0796875 0.08125
1 0.5109375 0.22734375 0.0828125 0.08984375
1 0.4390625 0.178125 0.0515625 0.05078125
1 0.41953125 0.24375 0.07109375 0.053125
1 0.36015625 0.2640625 0.059375 0.05703125
1 0.390625 0.32578125 0.09375 0.084375
1 0.4328125 0.35703125 0.07109375 0.06640625
1 0.10078125 0.36640625 0.0796875 0.0703125
1 0.06015625 0.4203125 0.0828125 0.07109375
1 0.27734375 0.1765625 0.075 0.06796875