1 0.88515625 0.2125 0.09375 0.09765625
1 0.63125 0.35703125 0.0921875 0.1109375
1 0.6859375 0.4171875 0.053125 0.0828125
1 0.78203125 0.45703125 0.07734375 0.08671875
1 0.715625 0.51171875 0.09765625 0.0734375
1 0.678125 0.646875 0.0953125 0.11953125
1 0.2640625 0.79609375 0.09453125 0.0984375
1 0.2015625 0.7265625 0.09140625 0.10703125
1 0.06953125 0.634375 0.10390625 0.1203125
1 0.0171875 0.728125 0.034375 0.11875
1 0.11640625 0.925 0.0953125 0.12734375
1 0.18984375 0.41953125 0.06015625 0.0734375
1 0.025 0.190625 0.05 0.121875