1 0.625 0.19375 0.140625 0.1609375
1 0.52734375 0.2578125 0.1109375 0.140625
1 0.61953125 0.33359375 0.15546875 0.14765625
1 0.7171875 0.271875 0.1109375 0.0890625
1 0.7234375 0.340625 0.1078125 0.13984375
1 0.70234375 0.4125 0.14609375 0.125
1 0.41328125 0.07421875 0.13359375 0.140625
1 0.5265625 0.1 0.12578125 0.11875
1 0.59765625 0.06328125 0.0859375 0.0828125
1 0.46171875 0.03203125 0.07109375 0.0640625
1 0.23828125 0.47265625 0.10234375 0.12734375
1 0.34765625 0.7734375 0.125 0.1
1 0.1359375 0.725 0.11171875 0.0875
1 0.1328125 0.803125 0.13828125 0.084375
1 0.10390625 0.93515625 0.10078125 0.09296875
1 0.55078125 0.9 0.13125 0.12890625
1 0.42578125 0.86953125 0.109375 0.10546875
1 0.48046875 0.79921875 0.0859375 0.07578125
1 0.6328125 0.72265625 0.07109375 0.08828125
1 0.8171875 0.39921875 0.0875 0.09765625
1 0.7484375 0.20078125 0.1265625 0.159375