1 0.4109375 0.28046875 0.0640625 0.06875
1 0.3453125 0.2828125 0.09296875 0.12109375
1 0.33203125 0.37109375 0.1046875 0.1265625
1 0.271875 0.29765625 0.08984375 0.1296875
1 0.203125 0.378125 0.12421875 0.125
1 0.26796875 0.46328125 0.0875 0.08203125
1 0.09609375 0.4625 0.1234375 0.10703125
1 0.071875 0.603125 0.09609375 0.1265625
1 0.05 0.39765625 0.07890625 0.0734375
1 0.78671875 0.62421875 0.128125 0.1046875
1 0.871875 0.57109375 0.11796875 0.10078125
1 0.8921875 0.459375 0.1046875 0.10625
1 0.70625 0.359375 0.09453125 0.1296875
1 0.47734375 0.76171875 0.09140625 0.0921875
1 0.73984375 0.88671875 0.109375 0.1453125
1 0.83515625 0.88359375 0.15078125 0.196875
1 0.9359375 0.89296875 0.0796875 0.1203125
1 0.4078125 0.17890625 0.053125 0.05234375