1 0.9296875 0.3984375 0.09921875 0.12265625
1 0.8984375 0.5375 0.08984375 0.103125
1 0.9359375 0.59296875 0.06484375 0.08515625
1 0.7296875 0.54453125 0.09453125 0.10625
1 0.78203125 0.6171875 0.103125 0.11796875
1 0.86171875 0.640625 0.059375 0.0953125
1 0.72421875 0.7171875 0.07265625 0.078125
1 0.66640625 0.6265625 0.08984375 0.09921875
1 0.6515625 0.721875 0.08125 0.09296875
1 0.5890625 0.72421875 0.05859375 0.06484375
1 0.58671875 0.83125 0.04296875 0.06015625
1 0.79375 0.7546875 0.07265625 0.06796875
1 0.22265625 0.365625 0.0671875 0.1
1 0.121875 0.43828125 0.0953125 0.090625
1 0.28203125 0.13046875 0.0625 0.0828125
1 0.190625 0.1328125 0.08203125 0.0875
1 0.06328125 0.09453125 0.07890625 0.075
1 0.540625 0.23125 0.0734375 0.0875
1 0.10390625 0.56015625 0.08046875 0.0515625
1 0.2703125 0.64140625 0.0546875 0.0703125
1 0.18828125 0.48203125 0.06171875 0.08203125