1 0.840625 0.446875 0.1 0.1
1 0.87578125 0.590625 0.08984375 0.09921875
1 0.96953125 0.609375 0.0609375 0.06875
1 0.83515625 0.6796875 0.034375 0.046875
1 0.79140625 0.59765625 0.0625 0.1
1 0.82890625 0.53125 0.08046875 0.04765625
1 0.72734375 0.621875 0.06796875 0.0859375
1 0.64140625 0.70390625 0.0609375 0.09453125
1 0.61640625 0.596875 0.0765625 0.12578125
1 0.6703125 0.575 0.0390625 0.09921875
1 0.68046875 0.3109375 0.07265625 0.1265625
1 0.790625 0.1625 0.0609375 0.09140625
1 0.05078125 0.79921875 0.1015625 0.1296875
1 0.0359375 0.66875 0.07109375 0.1359375
1 0.12109375 0.93203125 0.0546875 0.07109375