1 0.80078125 0.39609375 0.1578125 0.16015625
1 0.82578125 0.51015625 0.096875 0.109375
1 0.76171875 0.61328125 0.0875 0.11875
1 0.6765625 0.6078125 0.0921875 0.125
1 0.5640625 0.6328125 0.0765625 0.10234375
1 0.5078125 0.67890625 0.09453125 0.12578125
1 0.5609375 0.515625 0.07734375 0.14375
1 0.4734375 0.53515625 0.115625 0.15625
1 0.34140625 0.53671875 0.065625 0.13515625
1 0.18046875 0.58046875 0.09765625 0.1203125
1 0.540625 0.18203125 0.090625 0.1125
1 0.35234375 0.0609375 0.071875 0.0984375
1 0.26015625 0.0765625 0.06328125 0.04609375