1 0.52890625 0.4734375 0.15625 0.17109375
1 0.4390625 0.45859375 0.07265625 0.16328125
1 0.49296875 0.31484375 0.13203125 0.146875
1 0.44609375 0.35546875 0.10859375 0.12265625
1 0.821875 0.4171875 0.14609375 0.19765625
1 0.678125 0.45234375 0.07578125 0.203125
1 0.20078125 0.60859375 0.18359375 0.18671875
1 0.19140625 0.48828125 0.11640625 0.1375
1 0.32578125 0.403125 0.134375 0.18125
1 0.2453125 0.3875 0.1015625 0.0796875
1 0.4703125 0.79921875 0.0984375 0.15078125
1 0.7234375 0.91640625 0.0703125 0.09296875
1 0.67890625 0.9453125 0.0734375 0.109375