1 0.7921875 0.39375 0.14453125 0.1625
1 0.81171875 0.51171875 0.07734375 0.09375
1 0.675 0.6171875 0.08125 0.1078125
1 0.74921875 0.603125 0.06953125 0.1
1 0.4640625 0.53046875 0.10703125 0.1625
1 0.5640625 0.52109375 0.08203125 0.15
1 0.5609375 0.6328125 0.0609375 0.10078125
1 0.503125 0.678125 0.08828125 0.12265625
1 0.3296875 0.57265625 0.0625 0.1296875
1 0.17734375 0.58046875 0.11484375 0.11953125
1 0.52578125 0.18515625 0.07578125 0.13359375
1 0.35625 0.053125 0.0671875 0.09921875
1 0.2640625 0.08046875 0.07421875 0.0625