1 0.89140625 0.66171875 0.06875 0.06875
1 0.9015625 0.59140625 0.04765625 0.0625
1 0.9125 0.46640625 0.0234375 0.059375
1 0.79921875 0.5609375 0.0328125 0.05078125
1 0.74609375 0.6671875 0.0515625 0.10625
1 0.70234375 0.76328125 0.05625 0.10078125
1 0.66171875 0.82109375 0.05 0.05390625
1 0.69375 0.90546875 0.03984375 0.05390625
1 0.584375 0.55390625 0.0671875 0.128125
1 0.52421875 0.50625 0.08046875 0.12890625
1 0.30546875 0.49375 0.04609375 0.084375
1 0.246875 0.51015625 0.06796875 0.09765625
1 0.31015625 0.4203125 0.0484375 0.059375
1 0.2484375 0.4109375 0.046875 0.0546875
1 0.2953125 0.37890625 0.03828125 0.03671875
1 0.23125 0.20859375 0.059375 0.05078125
1 0.184375 0.2765625 0.05625 0.06484375
1 0.11796875 0.2484375 0.05234375 0.084375
1 0.0171875 0.56875 0.034375 0.11171875
1 0.24609375 0.109375 0.0359375 0.04609375