1 0.53515625 0.50703125 0.06171875 0.1328125
1 0.5828125 0.55703125 0.04609375 0.10390625
1 0.49296875 0.5015625 0.03046875 0.10859375
1 0.603125 0.684375 0.0375 0.07890625
1 0.74765625 0.66015625 0.059375 0.10546875
1 0.70546875 0.7609375 0.04609375 0.09375
1 0.6953125 0.91171875 0.0265625 0.0484375
1 0.8859375 0.66484375 0.04375 0.065625
1 0.90625 0.5875 0.05703125 0.0765625
1 0.9109375 0.46015625 0.03046875 0.04375
1 0.803125 0.55546875 0.028125 0.0421875
1 0.30078125 0.49296875 0.05078125 0.08671875
1 0.23125 0.4953125 0.053125 0.0734375
1 0.24296875 0.41640625 0.0375 0.06171875
1 0.18359375 0.27265625 0.046875 0.0640625
1 0.11796875 0.25859375 0.03515625 0.08046875
1 0.22578125 0.20078125 0.04375 0.0484375
1 0.015625 0.571875 0.03125 0.125