1 0.60234375 0.3171875 0.0890625 0.11953125
1 0.71640625 0.0390625 0.0921875 0.0765625
1 0.9171875 0.4484375 0.075 0.08046875
1 0.6734375 0.3640625 0.05078125 0.090625
1 0.7234375 0.35859375 0.04140625 0.08359375
1 0.9796875 0.6625 0.03984375 0.05546875
1 0.98046875 0.74921875 0.0390625 0.0890625
1 0.975 0.81875 0.04921875 0.0828125
1 0.909375 0.8328125 0.08515625 0.0734375
1 0.91328125 0.7734375 0.0515625 0.0640625
1 0.86328125 0.9390625 0.05078125 0.0375
1 0.634375 0.6328125 0.11015625 0.11796875
1 0.50625 0.72578125 0.1015625 0.08359375
1 0.421875 0.609375 0.0390625 0.05625
1 0.21875 0.49609375 0.0640625 0.096875