1 0.671875 0.21171875 0.14765625 0.2125
1 0.80234375 0.29765625 0.14609375 0.12578125
1 0.77890625 0.41640625 0.1328125 0.146875
1 0.5828125 0.365625 0.125 0.12421875
1 0.703125 0.43515625 0.10703125 0.134375
1 0.6078125 0.5140625 0.15234375 0.14375
1 0.4921875 0.41015625 0.07734375 0.09921875
1 0.4171875 0.50390625 0.1109375 0.0921875
1 0.5734375 0.05703125 0.1140625 0.11328125
1 0.30546875 0.07890625 0.12734375 0.15390625
1 0.2375 0.03828125 0.06640625 0.071875
1 0.19609375 0.290625 0.07890625 0.078125
1 0.1859375 0.371875 0.0828125 0.06875
1 0.31875 0.22890625 0.1234375 0.1375
1 0.1046875 0.5671875 0.07890625 0.078125
1 0.303125 0.5921875 0.05390625 0.0828125
1 0.27890625 0.675 0.0625 0.06953125
1 0.22734375 0.60390625 0.05 0.08984375
1 0.265625 0.72578125 0.04375 0.0796875
1 0.2234375 0.70546875 0.06171875 0.103125
1 0.56171875 0.94921875 0.190625 0.1015625