1 0.42109375 0.215625 0.153125 0.11953125
1 0.3015625 0.19765625 0.1390625 0.12109375
1 0.21484375 0.32421875 0.20625 0.1453125
1 0.0515625 0.43046875 0.103125 0.12734375
1 0.93828125 0.403125 0.115625 0.10625
1 0.94375 0.4984375 0.10078125 0.10390625
1 0.665625 0.72265625 0.0625 0.06796875
1 0.725 0.72421875 0.06328125 0.04453125
1 0.725 0.75859375 0.06328125 0.05390625
1 0.6140625 0.775 0.07109375 0.05546875
1 0.59375 0.6953125 0.08359375 0.08203125
1 0.51796875 0.5796875 0.07578125 0.1015625
1 0.38984375 0.50078125 0.0921875 0.071875
1 0.50625 0.41171875 0.159375 0.09609375
1 0.23359375 0.70546875 0.13203125 0.08125
1 0.07734375 0.69375 0.1546875 0.14296875
1 0.375 0.825 0.08359375 0.08515625
1 0.29296875 0.8 0.0640625 0.08359375
1 0.5546875 0.90234375 0.07421875 0.07421875