1 0.36796875 0.3359375 0.07421875 0.07734375
1 0.3484375 0.40625 0.0890625 0.0796875
1 0.41484375 0.3890625 0.05625 0.07265625
1 0.22265625 0.36953125 0.078125 0.06484375
1 0.290625 0.27734375 0.06875 0.09453125
1 0.27109375 0.15234375 0.07734375 0.07890625
1 0.58515625 0.40703125 0.0609375 0.05
1 0.60234375 0.43984375 0.046875 0.0609375
1 0.728125 0.43984375 0.0640625 0.05078125
1 0.6390625 0.48671875 0.07265625 0.059375
1 0.56640625 0.54140625 0.05 0.0515625
1 0.45859375 0.4234375 0.053125 0.04921875
1 0.41328125 0.61796875 0.03828125 0.0390625
1 0.65625 0.5734375 0.0484375 0.04140625