1 0.65703125 0.5421875 0.06015625 0.053125
1 0.65625 0.58984375 0.09140625 0.06796875
1 0.634375 0.65078125 0.084375 0.06171875
1 0.58515625 0.60078125 0.0609375 0.0484375
1 0.52578125 0.5109375 0.04921875 0.03828125
1 0.3953125 0.56640625 0.05 0.03203125
1 0.41953125 0.57734375 0.05 0.0484375
1 0.42890625 0.453125 0.0578125 0.06171875
1 0.36484375 0.4953125 0.06328125 0.05546875
1 0.315625 0.5296875 0.0453125 0.0546875
1 0.2734375 0.5609375 0.040625 0.0328125
1 0.5875 0.384375 0.0390625 0.03515625
1 0.7421875 0.58359375 0.04375 0.03984375
1 0.778125 0.62265625 0.0734375 0.059375
1 0.721875 0.7171875 0.0625 0.0515625
1 0.73046875 0.85 0.059375 0.06015625