1 0.61328125 0.4 0.10625 0.0890625
1 0.5453125 0.3515625 0.08203125 0.07265625
1 0.5234375 0.39921875 0.10234375 0.08671875
1 0.546875 0.2703125 0.09140625 0.0796875
1 0.48203125 0.28828125 0.084375 0.0671875
1 0.44765625 0.31640625 0.08984375 0.0921875
1 0.3609375 0.21171875 0.103125 0.06328125
1 0.60859375 0.590625 0.1234375 0.103125
1 0.54921875 0.709375 0.13828125 0.1421875
1 0.628125 0.75625 0.11484375 0.1296875
1 0.71796875 0.75546875 0.06015625 0.084375
1 0.603125 0.82421875 0.10703125 0.08984375
1 0.50625 0.80703125 0.1265625 0.103125
1 0.44921875 0.76484375 0.1140625 0.0828125
1 0.38828125 0.8171875 0.06796875 0.08046875
1 0.2984375 0.81640625 0.07421875 0.0625
1 0.29140625 0.1375 0.07109375 0.06015625