1 0.78515625 0.3734375 0.05859375 0.0609375
1 0.68046875 0.45390625 0.04140625 0.075
1 0.73125 0.5484375 0.0625 0.08125
1 0.67890625 0.52734375 0.04609375 0.06171875
1 0.65 0.55390625 0.0375 0.0703125
1 0.60546875 0.52421875 0.0671875 0.078125
1 0.6046875 0.6140625 0.071875 0.09296875
1 0.41171875 0.6140625 0.0765625 0.11171875
1 0.29296875 0.55703125 0.10078125 0.1125
1 0.240625 0.628125 0.06796875 0.07265625
1 0.2484375 0.72109375 0.05625 0.0453125
1 0.178125 0.6078125 0.0765625 0.07109375
1 0.1875 0.50625 0.0953125 0.1
1 0.24296875 0.4453125 0.08125 0.10234375
1 0.19140625 0.39375 0.0625 0.0796875
1 0.18828125 0.3 0.0515625 0.06953125
1 0.4453125 0.3234375 0.07734375 0.05
1 0.86484375 0.290625 0.04609375 0.05546875