1 0.68671875 0.4515625 0.071875 0.0953125
1 0.73046875 0.5453125 0.06953125 0.08515625
1 0.6265625 0.53828125 0.09609375 0.09296875
1 0.6015625 0.61640625 0.078125 0.1
1 0.79296875 0.3703125 0.05 0.0625
1 0.396875 0.6140625 0.07421875 0.128125
1 0.2890625 0.5515625 0.109375 0.13046875
1 0.23984375 0.634375 0.0640625 0.07109375
1 0.17578125 0.6109375 0.0734375 0.0734375
1 0.190625 0.5171875 0.0984375 0.11484375
1 0.24375 0.45 0.09765625 0.10390625
1 0.25234375 0.728125 0.05078125 0.05703125
1 0.19921875 0.40234375 0.0734375 0.08359375
1 0.18125 0.30859375 0.05859375 0.07109375
1 0.4328125 0.32109375 0.0984375 0.053125