1 0.8109375 0.35703125 0.065625 0.07265625
1 0.9203125 0.45546875 0.11328125 0.09375
1 0.7921875 0.5109375 0.07578125 0.0859375
1 0.853125 0.5515625 0.13203125 0.109375
1 0.78984375 0.6125 0.09140625 0.06640625
1 0.81640625 0.7015625 0.10703125 0.08359375
1 0.93828125 0.63984375 0.0578125 0.07265625
1 0.96328125 0.65703125 0.06484375 0.053125
1 0.715625 0.88046875 0.071875 0.0421875
1 0.734375 0.9296875 0.05546875 0.06015625
1 0.5546875 0.61640625 0.059375 0.04140625
1 0.525 0.64921875 0.0640625 0.05859375
1 0.63671875 0.39140625 0.09453125 0.065625
1 0.475 0.3390625 0.05859375 0.053125
1 0.6734375 0.19375 0.115625 0.0921875
1 0.76953125 0.17265625 0.05078125 0.05546875
1 0.96640625 0.13984375 0.05546875 0.04296875