1 0.7953125 0.23828125 0.065625 0.08046875
1 0.11796875 0.346875 0.0703125 0.06796875
1 0.0921875 0.43046875 0.125 0.09609375
1 0.27890625 0.68203125 0.0515625 0.0609375
1 0.30390625 0.77421875 0.06953125 0.090625
1 0.35 0.83046875 0.09296875 0.1078125
1 0.2578125 0.88203125 0.1046875 0.1140625
1 0.2 0.95 0.08984375 0.1
1 0.70234375 0.490625 0.05078125 0.05703125
1 0.43125 0.390625 0.046875 0.0640625
1 0.44296875 0.7296875 0.04375 0.06015625
1 0.434375 0.2390625 0.03671875 0.059375
1 0.95390625 0.128125 0.04609375 0.05234375