1 0.94375 0.125 0.046875 0.04765625
1 0.7859375 0.23125 0.08671875 0.08125
1 0.84296875 0.3609375 0.04375 0.0625
1 0.7625 0.46171875 0.0515625 0.05390625
1 0.7 0.4875 0.046875 0.07890625
1 0.42265625 0.24609375 0.06796875 0.06796875
1 0.49453125 0.2234375 0.0453125 0.0609375
1 0.41875 0.3953125 0.07578125 0.08515625
1 0.11875 0.34375 0.07734375 0.0734375
1 0.0875 0.4265625 0.13046875 0.1109375
1 0.28359375 0.68203125 0.04140625 0.07109375
1 0.2953125 0.771875 0.09609375 0.11015625
1 0.33984375 0.82109375 0.0859375 0.11796875
1 0.2546875 0.8734375 0.11328125 0.13828125
1 0.21015625 0.946875 0.1078125 0.10625
1 0.45859375 0.7578125 0.078125 0.078125
1 0.4921875 0.7046875 0.065625 0.07421875