1 0.7921875 0.05546875 0.128125 0.1109375
1 0.74375 0.11640625 0.11171875 0.14453125
1 0.640625 0.15546875 0.07109375 0.10078125
1 0.70390625 0.22734375 0.06875 0.1
1 0.884375 0.55078125 0.1 0.12890625
1 0.8921875 0.66328125 0.08828125 0.0875
1 0.30234375 0.51171875 0.0765625 0.07734375
1 0.2171875 0.76796875 0.065625 0.07265625
1 0.0546875 0.87734375 0.06171875 0.07265625
1 0.56015625 0.25859375 0.090625 0.08828125
1 0.56171875 0.7375 0.0625 0.065625
1 0.565625 0.603125 0.06953125 0.07421875
1 0.7109375 0.3203125 0.06796875 0.084375