1 0.546875 0.4421875 0.05859375 0.0828125
1 0.575 0.384375 0.05625 0.0578125
1 0.61171875 0.39296875 0.05078125 0.0484375
1 0.57734375 0.52109375 0.06171875 0.05390625
1 0.55 0.5875 0.04453125 0.05234375
1 0.48515625 0.52109375 0.0421875 0.05859375
1 0.46953125 0.575 0.028125 0.04375
1 0.15625 0.54140625 0.040625 0.03046875
1 0.1 0.69921875 0.05703125 0.053125
1 0.1171875 0.63203125 0.03671875 0.0515625
1 0.034375 0.703125 0.0484375 0.0453125
1 0.7921875 0.21640625 0.028125 0.0359375
1 0.8328125 0.20078125 0.0328125 0.04296875
1 0.0796875 0.1640625 0.046875 0.04296875
1 0.87734375 0.0171875 0.0484375 0.034375