1 0.53671875 0.4390625 0.07109375 0.07578125
1 0.51484375 0.490625 0.0703125 0.09453125
1 0.4546875 0.428125 0.06875 0.08046875
1 0.42734375 0.46484375 0.07109375 0.07890625
1 0.453125 0.5703125 0.06875 0.1203125
1 0.4234375 0.61015625 0.09375 0.08828125
1 0.3921875 0.59453125 0.0640625 0.0828125
1 0.2171875 0.7859375 0.05078125 0.0546875
1 0.1671875 0.796875 0.0421875 0.03515625
1 0.971875 0.29765625 0.05625 0.0859375
1 0.903125 0.29453125 0.0625 0.0703125
1 0.86015625 0.29609375 0.04609375 0.0515625
1 0.89375 0.3765625 0.04765625 0.084375
1 0.84375 0.44921875 0.034375 0.0546875