1 0.52890625 0.4234375 0.05 0.071875
1 0.58828125 0.44453125 0.0609375 0.05078125
1 0.521875 0.51875 0.0734375 0.053125
1 0.575 0.5390625 0.03984375 0.05703125
1 0.4421875 0.46171875 0.0625 0.078125
1 0.40078125 0.3890625 0.05 0.05625
1 0.37890625 0.42109375 0.0640625 0.07734375
1 0.21875 0.20703125 0.03203125 0.0484375
1 0.2 0.16484375 0.0375 0.0296875
1 0.70078125 0.965625 0.078125 0.06875
1 0.7109375 0.90859375 0.06171875 0.04453125
1 0.70546875 0.87109375 0.05546875 0.04453125
1 0.64453125 0.88828125 0.084375 0.0515625
1 0.54609375 0.8421875 0.0359375 0.04453125
1 0.02109375 0.128125 0.04140625 0.05234375