1 0.83046875 0.1984375 0.034375 0.05
1 0.79765625 0.21875 0.05234375 0.0671875
1 0.8703125 0.01796875 0.053125 0.0359375
1 0.9015625 0.1296875 0.04296875 0.06015625
1 0.58046875 0.38203125 0.05625 0.06328125
1 0.61171875 0.3984375 0.04296875 0.0578125
1 0.55703125 0.44765625 0.06328125 0.0671875
1 0.5828125 0.52890625 0.0609375 0.059375
1 0.55390625 0.5828125 0.0484375 0.05234375
1 0.4828125 0.5125 0.04453125 0.0609375
1 0.46484375 0.5734375 0.06875 0.04453125
1 0.1578125 0.54296875 0.0421875 0.0375
1 0.01171875 0.534375 0.015625 0.06953125
1 0.04140625 0.7046875 0.05 0.06796875
1 0.11484375 0.628125 0.04296875 0.078125
1 0.09765625 0.70390625 0.04375 0.06640625
1 0.1390625 0.69765625 0.02265625 0.05078125
1 0.2 0.68203125 0.02578125 0.05234375