1 0.11796875 0.21640625 0.1796875 0.18828125
1 0.034375 0.275 0.06875 0.065625
1 0.35 0.23671875 0.08203125 0.12265625
1 0.38515625 0.39296875 0.08828125 0.103125
1 0.5359375 0.56953125 0.04296875 0.05234375
1 0.5203125 0.60859375 0.0578125 0.046875
1 0.475 0.60546875 0.04296875 0.0640625
1 0.50078125 0.665625 0.03046875 0.05078125
1 0.5515625 0.68984375 0.040625 0.06796875
1 0.346875 0.725 0.065625 0.0546875
1 0.26796875 0.74921875 0.071875 0.04921875
1 0.6234375 0.515625 0.025 0.05234375
1 0.6546875 0.48515625 0.0265625 0.03203125
1 0.78671875 0.43828125 0.03046875 0.021875
1 0.78984375 0.48515625 0.02890625 0.03203125
1 0.74765625 0.509375 0.02109375 0.03125