1 0.73671875 0.08203125 0.04296875 0.0609375
1 0.75859375 0.12890625 0.0421875 0.0609375
1 0.71484375 0.12421875 0.0421875 0.07890625
1 0.84296875 0.140625 0.01875 0.03046875
1 0.8609375 0.20390625 0.0234375 0.03359375
1 0.696875 0.18984375 0.0328125 0.0484375
1 0.6125 0.278125 0.03828125 0.06484375
1 0.67265625 0.265625 0.02578125 0.071875
1 0.56953125 0.296875 0.04140625 0.05859375
1 0.59296875 0.375 0.0578125 0.06796875
1 0.6 0.4296875 0.053125 0.07109375
1 0.56484375 0.45390625 0.03671875 0.075
1 0.53671875 0.45859375 0.05625 0.07578125
1 0.5984375 0.51640625 0.04140625 0.0578125
1 0.58359375 0.58984375 0.0515625 0.0671875
1 0.40390625 0.50078125 0.07421875 0.09765625
1 0.34609375 0.80234375 0.07421875 0.07421875