1 0.73046875 0.08203125 0.0515625 0.06015625
1 0.75703125 0.11875 0.0359375 0.05390625
1 0.721875 0.1125 0.0640625 0.06015625
1 0.696875 0.18515625 0.05234375 0.04921875
1 0.6125 0.28046875 0.0625 0.08046875
1 0.6671875 0.26015625 0.046875 0.0390625
1 0.65546875 0.30703125 0.04609375 0.0421875
1 0.59375 0.38125 0.0515625 0.06171875
1 0.6015625 0.43203125 0.06015625 0.05234375
1 0.5640625 0.459375 0.053125 0.07265625
1 0.5234375 0.4625 0.0453125 0.0640625
1 0.59609375 0.5171875 0.04140625 0.0546875
1 0.58125 0.5984375 0.04609375 0.07578125
1 0.3921875 0.49375 0.0640625 0.084375
1 0.54609375 0.26484375 0.0453125 0.08203125
1 0.3625 0.796875 0.08984375 0.065625
1 0.35703125 0.86796875 0.03671875 0.03984375
1 0.30390625 0.76953125 0.0515625 0.053125