1 0.40859375 0.2390625 0.0796875 0.12578125
1 0.46171875 0.38671875 0.04765625 0.0953125
1 0.55 0.0546875 0.05546875 0.09921875
1 0.6234375 0.01875 0.0734375 0.03671875
1 0.740625 0.03515625 0.08984375 0.059375
1 0.7578125 0.11015625 0.03046875 0.05859375
1 0.615625 0.403125 0.053125 0.10234375
1 0.6296875 0.48359375 0.0375 0.0546875
1 0.6765625 0.44765625 0.0296875 0.02734375
1 0.7546875 0.50390625 0.03359375 0.0546875
1 0.84140625 0.3453125 0.03359375 0.03515625
1 0.78671875 0.378125 0.01796875 0.04375