1 0.678125 0.60859375 0.071875 0.07890625
1 0.5765625 0.5609375 0.09140625 0.0703125
1 0.5296875 0.6078125 0.0890625 0.0828125
1 0.60703125 0.6359375 0.078125 0.1078125
1 0.43515625 0.4515625 0.09140625 0.08515625
1 0.4234375 0.3203125 0.0625 0.0734375
1 0.33671875 0.20625 0.0859375 0.11171875
1 0.290625 0.18984375 0.0859375 0.07890625
1 0.2578125 0.23515625 0.0625 0.084375
1 0.24921875 0.18984375 0.07265625 0.1
1 0.29921875 0.26015625 0.06484375 0.075
1 0.578125 0.11796875 0.10546875 0.1546875
1 0.65 0.0625 0.13203125 0.125
1 0.3625 0.36875 0.06875 0.05234375
1 0.26953125 0.34296875 0.03828125 0.04296875
1 0.3859375 0.91171875 0.0625 0.0828125