1 0.29609375 0.30859375 0.18125 0.13515625
1 0.3921875 0.38828125 0.12265625 0.10234375
1 0.29765625 0.43203125 0.115625 0.10390625
1 0.10078125 0.32265625 0.1375 0.11484375
1 0.05703125 0.25546875 0.11328125 0.1359375
1 0.584375 0.64609375 0.075 0.06796875
1 0.59140625 0.6953125 0.09921875 0.065625
1 0.59296875 0.71875 0.04453125 0.0546875
1 0.52890625 0.8078125 0.06640625 0.0515625
1 0.51328125 0.85078125 0.0609375 0.0515625
1 0.57109375 0.83828125 0.05390625 0.05859375
1 0.5421875 0.87265625 0.03984375 0.03125
1 0.49453125 0.8734375 0.03984375 0.04296875
1 0.9734375 0.70625 0.053125 0.05625
1 0.97734375 0.7625 0.0453125 0.05625