1 0.85 0.48125 0.05078125 0.06328125
1 0.87421875 0.4546875 0.0453125 0.05234375
1 0.84453125 0.4296875 0.05546875 0.05390625
1 0.80390625 0.465625 0.04921875 0.0578125
1 0.87109375 0.5 0.0359375 0.04375
1 0.86015625 0.36328125 0.0328125 0.03671875
1 0.8921875 0.32578125 0.028125 0.03671875
1 0.80546875 0.31015625 0.0640625 0.03671875
1 0.75546875 0.33125 0.0515625 0.04921875
1 0.71953125 0.409375 0.06796875 0.0671875
1 0.6875 0.40390625 0.071875 0.08046875
1 0.65703125 0.4375 0.08671875 0.10859375
1 0.38359375 0.61796875 0.134375 0.12578125
1 0.29609375 0.7046875 0.13125 0.12890625
1 0.44140625 0.70234375 0.0875 0.115625
1 0.43515625 0.53515625 0.06640625 0.053125
1 0.33203125 0.8859375 0.1203125 0.14453125
1 0.27890625 0.9359375 0.14375 0.128125
1 0.65625 0.91015625 0.0546875 0.05625
1 0.6453125 0.825 0.03359375 0.04921875
1 0.59765625 0.88515625 0.05234375 0.059375
1 0.69453125 0.03125 0.05625 0.0578125
1 0.75078125 0.02734375 0.0765625 0.05390625
1 0.78984375 0.16640625 0.0484375 0.03828125
1 0.51484375 0.3640625 0.09296875 0.06875