1 0.27265625 0.93828125 0.1234375 0.1234375
1 0.32265625 0.90703125 0.103125 0.0890625
1 0.30546875 0.70234375 0.1 0.14921875
1 0.3890625 0.62734375 0.0984375 0.09375
1 0.4265625 0.70625 0.0890625 0.0953125
1 0.43359375 0.54375 0.0546875 0.0640625
1 0.6546875 0.421875 0.05625 0.07265625
1 0.69453125 0.40390625 0.04765625 0.07734375
1 0.7265625 0.40390625 0.0390625 0.04609375
1 0.815625 0.46796875 0.04453125 0.04609375
1 0.83984375 0.43046875 0.03984375 0.04140625
1 0.8515625 0.48359375 0.05390625 0.0578125
1 0.8671875 0.45 0.02421875 0.0359375
1 0.8703125 0.50390625 0.02421875 0.03359375
1 0.88203125 0.49609375 0.02265625 0.05234375
1 0.703125 0.0375 0.0421875 0.0734375
1 0.746875 0.025 0.0578125 0.05
1 0.81328125 0.3109375 0.0265625 0.05078125
1 0.86015625 0.36640625 0.0359375 0.03359375
1 0.80390625 0.1703125 0.0296875 0.04140625
1 0.8984375 0.3359375 0.02734375 0.03984375
1 0.60859375 0.8984375 0.0296875 0.0578125
1 0.659375 0.89921875 0.025 0.0421875
1 0.653125 0.81953125 0.0171875 0.05625