1 0.7515625 0.7546875 0.2125 0.1578125
1 0.61328125 0.91015625 0.13359375 0.10625
1 0.76875 0.9359375 0.10859375 0.08828125
1 0.4546875 0.51953125 0.09921875 0.08203125
1 0.4078125 0.446875 0.121875 0.08046875
1 0.45 0.39296875 0.05703125 0.06875
1 0.3296875 0.45546875 0.0890625 0.06015625
1 0.3453125 0.38515625 0.071875 0.05390625
1 0.2390625 0.4109375 0.06640625 0.05234375
1 0.02734375 0.49765625 0.0546875 0.0890625
1 0.11484375 0.6265625 0.06953125 0.0625
1 0.49765625 0.14375 0.071875 0.05546875
1 0.5328125 0.01171875 0.06796875 0.02265625
1 0.5421875 0.0359375 0.04375 0.03203125