1 0.75625 0.25390625 0.15234375 0.17578125
1 0.91328125 0.37578125 0.11015625 0.13671875
1 0.5078125 0.54609375 0.08203125 0.09296875
1 0.446875 0.6 0.08828125 0.08828125
1 0.4625 0.67734375 0.06015625 0.08359375
1 0.39453125 0.66171875 0.05234375 0.06796875
1 0.4109375 0.7640625 0.0328125 0.08125
1 0.01328125 0.46015625 0.0265625 0.06484375
1 0.6359375 0.8890625 0.0671875 0.059375
1 0.5 0.9765625 0.07734375 0.046875
1 0.14296875 0.50625 0.03984375 0.05078125
1 0.9390625 0.2421875 0.065625 0.1140625