1 0.865625 0.56640625 0.17421875 0.128125
1 0.9203125 0.45234375 0.10703125 0.11796875
1 0.7890625 0.4296875 0.12734375 0.09453125
1 0.565625 0.3171875 0.09609375 0.07734375
1 0.48828125 0.55625 0.0859375 0.08046875
1 0.40546875 0.59140625 0.12265625 0.0984375
1 0.32890625 0.625 0.0875 0.0859375
1 0.396875 0.6734375 0.0640625 0.06015625
1 0.14296875 0.7421875 0.09453125 0.06328125
1 0.19140625 0.8203125 0.08984375 0.06484375
1 0.09375 0.81484375 0.090625 0.0859375
1 0.36171875 0.103125 0.0671875 0.07578125
1 0.28125 0.10703125 0.06640625 0.0734375
1 0.321875 0.32265625 0.06796875 0.04609375
1 0.421875 0.3515625 0.06953125 0.07265625
1 0.77578125 0.23515625 0.10625 0.09453125