1 0.625 0.184375 0.0734375 0.08125
1 0.64140625 0.23125 0.04453125 0.05390625
1 0.61640625 0.3234375 0.0671875 0.078125
1 0.4515625 0.27421875 0.053125 0.06796875
1 0.446875 0.10703125 0.03359375 0.0375
1 0.23046875 0.6046875 0.04296875 0.0578125
1 0.47734375 0.4515625 0.0484375 0.05625
1 0.5015625 0.48984375 0.03125 0.04609375
1 0.5546875 0.51953125 0.046875 0.04453125
1 0.68125 0.6546875 0.03203125 0.05546875
1 0.58125 0.75546875 0.0390625 0.0546875
1 0.3625 0.65625 0.03203125 0.0515625
1 0.384375 0.64296875 0.01015625 0.03203125
1 0.7515625 0.41796875 0.046875 0.03515625
1 0.9859375 0.390625 0.021875 0.04609375
1 0.9890625 0.61171875 0.021875 0.0484375
1 0.95859375 0.6296875 0.03515625 0.040625