1 0.58203125 0.5453125 0.134375 0.11875
1 0.515625 0.70234375 0.1140625 0.075
1 0.7703125 0.75703125 0.08984375 0.09453125
1 0.37734375 0.42265625 0.09921875 0.08515625
1 0.3296875 0.36484375 0.0890625 0.09375
1 0.37421875 0.3265625 0.04921875 0.06484375
1 0.27421875 0.40703125 0.07421875 0.07578125
1 0.290625 0.3375 0.0484375 0.06015625
1 0.1953125 0.36640625 0.07578125 0.05390625
1 0.11640625 0.44921875 0.07265625 0.0484375
1 0.028125 0.42421875 0.05625 0.090625
1 0.10703125 0.54375 0.0703125 0.07734375