1 0.7546875 0.23046875 0.0734375 0.0859375
1 0.6921875 0.4875 0.090625 0.1015625
1 0.54375 0.4203125 0.11015625 0.14140625
1 0.41953125 0.6359375 0.06953125 0.0828125
1 0.315625 0.62265625 0.06328125 0.0609375
1 0.3640625 0.665625 0.075 0.08046875
1 0.39453125 0.721875 0.06875 0.0734375
1 0.32578125 0.71796875 0.0515625 0.05703125
1 0.36171875 0.79453125 0.0828125 0.07578125
1 0.2796875 0.73125 0.0390625 0.0703125
1 0.4390625 0.89765625 0.03828125 0.06015625
1 0.521875 0.89296875 0.03984375 0.06015625
1 0.553125 0.89453125 0.04375 0.06640625
1 0.4109375 0.9796875 0.0578125 0.0375