1 0.57109375 0.58828125 0.084375 0.08984375
1 0.475 0.5125 0.075 0.10234375
1 0.4125 0.63828125 0.065625 0.0890625
1 0.52734375 0.815625 0.07265625 0.0875
1 0.8328125 0.97109375 0.09296875 0.05703125
1 0.90546875 0.95390625 0.0640625 0.0921875
1 0.2421875 0.684375 0.03984375 0.0375
1 0.1359375 0.60703125 0.0328125 0.0296875
1 0.12578125 0.63828125 0.01953125 0.02109375
1 0.20859375 0.31484375 0.053125 0.0640625
1 0.16875 0.26484375 0.04765625 0.0515625
1 0.32109375 0.33359375 0.046875 0.04375
1 0.81171875 0.13125 0.08125 0.0828125