1 0.7234375 0.5453125 0.11875 0.11875
1 0.67578125 0.4546875 0.125 0.1234375
1 0.7046875 0.17109375 0.1140625 0.12109375
1 0.46015625 0.284375 0.1046875 0.125
1 0.40546875 0.296875 0.09609375 0.1484375
1 0.353125 0.265625 0.15625 0.16640625
1 0.253125 0.30703125 0.22265625 0.1796875
1 0.17734375 0.36328125 0.13203125 0.14140625
1 0.2578125 0.41953125 0.13125 0.165625
1 0.3515625 0.40390625 0.08359375 0.09765625
1 0.321875 0.525 0.121875 0.10859375
1 0.0984375 0.30859375 0.090625 0.1140625
1 0.053125 0.3453125 0.10625 0.13359375
1 0.96484375 0.72734375 0.0703125 0.1265625
1 0.38046875 0.040625 0.1 0.08125
1 0.440625 0.03515625 0.07578125 0.0703125