1 0.96171875 0.63828125 0.0765625 0.1015625
1 0.8890625 0.69453125 0.06328125 0.09921875
1 0.828125 0.60703125 0.07421875 0.1375
1 0.76484375 0.70625 0.12109375 0.14375
1 0.67109375 0.746875 0.09296875 0.128125
1 0.65234375 0.5765625 0.0734375 0.11640625
1 0.7546875 0.57421875 0.0921875 0.12890625
1 0.66484375 0.4859375 0.08515625 0.08125
1 0.621875 0.96015625 0.05703125 0.07890625
1 0.5703125 0.97578125 0.05703125 0.0484375
1 0.565625 0.896875 0.05546875 0.08515625
1 0.29609375 0.8390625 0.06328125 0.07734375
1 0.60625 0.69296875 0.0515625 0.1
1 0.5390625 0.721875 0.09140625 0.08671875
1 0.31015625 0.55 0.0953125 0.08984375
1 0.28828125 0.4328125 0.06953125 0.1171875
1 0.03671875 0.25625 0.0640625 0.11640625
1 0.52109375 0.17578125 0.0875 0.10625