1 0.6640625 0.48515625 0.10078125 0.09921875
1 0.653125 0.5796875 0.0953125 0.11796875
1 0.73984375 0.58515625 0.103125 0.11171875
1 0.82578125 0.61640625 0.0671875 0.11640625
1 0.7609375 0.7046875 0.11875 0.121875
1 0.88984375 0.68203125 0.0515625 0.0875
1 0.95703125 0.646875 0.08515625 0.096875
1 0.67109375 0.74609375 0.09375 0.13046875
1 0.60703125 0.69609375 0.05703125 0.1046875
1 0.56875 0.7046875 0.04921875 0.10078125
1 0.50859375 0.72265625 0.0421875 0.06171875
1 0.6234375 0.95625 0.07890625 0.08671875
1 0.5609375 0.9734375 0.05 0.05234375
1 0.5609375 0.9015625 0.0609375 0.0625
1 0.29765625 0.84296875 0.071875 0.08359375
1 0.28515625 0.44453125 0.06328125 0.11953125
1 0.31484375 0.546875 0.10625 0.0890625
1 0.05 0.2609375 0.0578125 0.13125