1 0.67578125 0.47890625 0.09453125 0.1078125
1 0.6484375 0.58046875 0.10078125 0.1125
1 0.74921875 0.5703125 0.09296875 0.1453125
1 0.83515625 0.61484375 0.065625 0.10625
1 0.76171875 0.7078125 0.14140625 0.128125
1 0.66484375 0.7390625 0.08828125 0.11796875
1 0.609375 0.68828125 0.05 0.10703125
1 0.54765625 0.709375 0.0859375 0.115625
1 0.95625 0.63828125 0.0875 0.1109375
1 0.896875 0.68125 0.05234375 0.078125
1 0.946875 0.48046875 0.04609375 0.0734375
1 0.28203125 0.4296875 0.0953125 0.13515625
1 0.3078125 0.54453125 0.1015625 0.1046875
1 0.29921875 0.83984375 0.0578125 0.08359375
1 0.62890625 0.96015625 0.08828125 0.0796875
1 0.56796875 0.97265625 0.05078125 0.0546875
1 0.56328125 0.8984375 0.05703125 0.07421875
1 0.04453125 0.2609375 0.0890625 0.12890625
1 0.14921875 0.49609375 0.065625 0.06171875
1 0.05625 0.6328125 0.0625 0.071875