1 0.6625 0.384375 0.0828125 0.0890625
1 0.7234375 0.41015625 0.06015625 0.08828125
1 0.8390625 0.50859375 0.084375 0.0828125
1 0.94609375 0.53515625 0.0890625 0.125
1 0.8921875 0.571875 0.065625 0.06328125
1 0.81015625 0.59296875 0.084375 0.08515625
1 0.60859375 0.5140625 0.075 0.06171875
1 0.43203125 0.50703125 0.06953125 0.06875
1 0.69296875 0.67734375 0.13203125 0.0734375
1 0.75 0.85859375 0.10859375 0.1
1 0.40703125 0.1609375 0.05703125 0.0484375
1 0.4375 0.1359375 0.0484375 0.05078125
1 0.51875 0.121875 0.03984375 0.05078125