1 0.05546875 0.45625 0.1109375 0.10625
1 0.11875 0.421875 0.08203125 0.0734375
1 0.153125 0.478125 0.08125 0.05859375
1 0.2078125 0.4109375 0.053125 0.05703125
1 0.309375 0.3234375 0.1171875 0.07890625
1 0.38828125 0.48671875 0.071875 0.06953125
1 0.35703125 0.60703125 0.0734375 0.06015625
1 0.278125 0.5578125 0.06015625 0.053125
1 0.29765625 0.6140625 0.0890625 0.06328125
1 0.58359375 0.49296875 0.0796875 0.07734375
1 0.2484375 0.14453125 0.1125 0.084375
1 0.48515625 0.86796875 0.03125 0.075
1 0.5828125 0.86171875 0.0453125 0.05703125
1 0.60078125 0.76171875 0.0390625 0.04453125