1 0.6890625 0.28125 0.10859375 0.15546875
1 0.6046875 0.203125 0.07265625 0.08984375
1 0.5109375 0.13515625 0.06171875 0.071875
1 0.58046875 0.1015625 0.0671875 0.09921875
1 0.546875 0.05078125 0.0859375 0.0734375
1 0.44921875 0.26640625 0.0828125 0.07265625
1 0.39140625 0.2609375 0.03125 0.03984375
1 0.4 0.34453125 0.0796875 0.08984375
1 0.51796875 0.37734375 0.06484375 0.0546875
1 0.859375 0.2421875 0.0859375 0.0875
1 0.98125 0.1921875 0.0375 0.1109375
1 0.2390625 0.58828125 0.025 0.04375
1 0.15703125 0.59375 0.05859375 0.06015625
1 0.12578125 0.5578125 0.06015625 0.05703125
1 0.125 0.46796875 0.0625 0.0859375
1 0.4953125 0.575 0.08984375 0.09765625