1 0.4609375 0.52109375 0.16484375 0.10625
1 0.37734375 0.4765625 0.125 0.13046875
1 0.303125 0.5484375 0.115625 0.103125
1 0.23359375 0.47578125 0.11484375 0.128125
1 0.03828125 0.60546875 0.065625 0.0734375
1 0.01796875 0.67265625 0.0359375 0.0640625
1 0.5421875 0.4 0.08125 0.06171875
1 0.48828125 0.453125 0.090625 0.078125
1 0.59296875 0.36328125 0.071875 0.06328125
1 0.53515625 0.07734375 0.09453125 0.07265625
1 0.48515625 0.10078125 0.0421875 0.0453125
1 0.3703125 0.22109375 0.084375 0.071875