1 0.60703125 0.27578125 0.078125 0.0703125
1 0.5515625 0.30234375 0.05234375 0.0421875
1 0.753125 0.36640625 0.06171875 0.07421875
1 0.79765625 0.4609375 0.0921875 0.0828125
1 0.68046875 0.38984375 0.09140625 0.07890625
1 0.61171875 0.33671875 0.065625 0.04765625
1 0.6140625 0.43125 0.0765625 0.06640625
1 0.4984375 0.33359375 0.053125 0.03671875
1 0.66484375 0.290625 0.02734375 0.03046875
1 0.40390625 0.6953125 0.1359375 0.08828125
1 0.71953125 0.69375 0.0640625 0.0578125
1 0.7265625 0.7515625 0.04453125 0.05546875
1 0.6671875 0.95078125 0.171875 0.09765625
1 0.90703125 0.8625 0.05859375 0.05390625
1 0.30078125 0.29765625 0.07890625 0.07109375