1 0.05 0.65703125 0.09609375 0.1390625
1 0.30859375 0.72421875 0.0484375 0.0515625
1 0.5359375 0.79609375 0.053125 0.07578125
1 0.64375 0.76015625 0.06015625 0.06484375
1 0.59296875 0.68359375 0.04453125 0.08515625
1 0.63515625 0.69375 0.0390625 0.05234375
1 0.66015625 0.6125 0.04921875 0.078125
1 0.55859375 0.615625 0.05 0.07890625
1 0.72578125 0.61640625 0.0640625 0.08984375
1 0.7 0.55625 0.05390625 0.0578125
1 0.2984375 0.3921875 0.08515625 0.125
1 0.69375 0.290625 0.06328125 0.0859375
1 0.328125 0.4765625 0.0515625 0.071875
1 0.32421875 0.28359375 0.04921875 0.103125
1 0.66640625 0.4984375 0.04375 0.06171875
1 0.75078125 0.4453125 0.034375 0.06328125
1 0.97265625 0.30625 0.02578125 0.02890625