1 0.596875 0.284375 0.13203125 0.13515625
1 0.33671875 0.04765625 0.15703125 0.09453125
1 0.28203125 0.31328125 0.0625 0.0703125
1 0.19921875 0.54140625 0.1109375 0.09921875
1 0.390625 0.559375 0.08359375 0.06015625
1 0.31171875 0.60390625 0.084375 0.08046875
1 0.23828125 0.6375 0.04453125 0.05703125
1 0.38828125 0.65546875 0.071875 0.071875
1 0.384375 0.73984375 0.0859375 0.04765625
1 0.45546875 0.71171875 0.0671875 0.03515625
1 0.71328125 0.6921875 0.07734375 0.05390625
1 0.096875 0.13828125 0.07109375 0.06640625
1 0.72109375 0.29296875 0.12578125 0.11484375
1 0.56171875 0.746875 0.06640625 0.05078125