1 0.6875 0.296875 0.071875 0.08671875
1 0.30703125 0.39765625 0.1375 0.1359375
1 0.33046875 0.478125 0.08984375 0.090625
1 0.04921875 0.6671875 0.0984375 0.15546875
1 0.3140625 0.7203125 0.05625 0.05703125
1 0.234375 0.728125 0.0453125 0.05390625
1 0.13046875 0.8984375 0.0546875 0.06328125
1 0.5484375 0.8078125 0.07578125 0.08359375
1 0.4921875 0.8765625 0.03203125 0.05703125
1 0.63984375 0.75390625 0.03828125 0.0859375
1 0.68203125 0.7453125 0.0390625 0.05703125
1 0.72578125 0.6109375 0.06796875 0.078125
1 0.6859375 0.65546875 0.0765625 0.05
1 0.69765625 0.565625 0.046875 0.059375
1 0.65390625 0.60703125 0.06875 0.07734375
1 0.60859375 0.6796875 0.0890625 0.08671875
1 0.5625 0.61328125 0.0703125 0.0640625
1 0.6625 0.50234375 0.0453125 0.05859375
1 0.75234375 0.43359375 0.03359375 0.08203125
1 0.3109375 0.24765625 0.1109375 0.1015625
1 0.96796875 0.30546875 0.034375 0.04296875
1 0.86796875 0.3078125 0.03671875 0.059375