1 0.69453125 0.29296875 0.07734375 0.09375
1 0.296875 0.39453125 0.11875 0.13671875
1 0.325 0.4703125 0.0890625 0.10625
1 0.70078125 0.559375 0.04140625 0.05625
1 0.7265625 0.6046875 0.07734375 0.0984375
1 0.66328125 0.6140625 0.046875 0.084375
1 0.56171875 0.6125 0.0515625 0.09296875
1 0.62109375 0.68125 0.090625 0.06953125
1 0.63828125 0.75234375 0.06015625 0.08984375
1 0.54453125 0.803125 0.0703125 0.084375
1 0.31640625 0.73203125 0.0578125 0.059375
1 0.04921875 0.6609375 0.09765625 0.16796875
1 0.22890625 0.73671875 0.0421875 0.03671875
1 0.13125 0.90234375 0.065625 0.0703125