1 0.78203125 0.584375 0.128125 0.11328125
1 0.8171875 0.7109375 0.10390625 0.11875
1 0.73671875 0.30546875 0.0671875 0.06953125
1 0.6875 0.3359375 0.08671875 0.0734375
1 0.56796875 0.39609375 0.08828125 0.090625
1 0.6453125 0.23828125 0.0609375 0.0765625
1 0.3796875 0.553125 0.065625 0.0625
1 0.32421875 0.52421875 0.046875 0.04140625
1 0.34140625 0.61875 0.05 0.04453125
1 0.2484375 0.609375 0.046875 0.06328125
1 0.67109375 0.934375 0.05859375 0.07421875
1 0.37890625 0.74609375 0.0453125 0.05546875
1 0.278125 0.7171875 0.04921875 0.04609375
1 0.184375 0.42109375 0.04921875 0.0375
1 0.10234375 0.4390625 0.04453125 0.03515625
1 0.1171875 0.375 0.05078125 0.05625
1 0.13671875 0.3234375 0.06328125 0.05234375
1 0.0875 0.28984375 0.0375 0.04609375
1 0.07890625 0.16015625 0.0359375 0.02578125
1 0.3703125 0.05546875 0.059375 0.0828125
1 0.0453125 0.38203125 0.01796875 0.02734375