1 0.76484375 0.58515625 0.053125 0.12421875
1 0.8171875 0.71015625 0.09296875 0.1078125
1 0.675 0.93671875 0.05625 0.08125
1 0.5703125 0.39609375 0.07421875 0.10703125
1 0.684375 0.33671875 0.0484375 0.053125
1 0.72421875 0.29921875 0.04375 0.05078125
1 0.3625 0.0515625 0.040625 0.07109375
1 0.32265625 0.51953125 0.04609375 0.0546875
1 0.24453125 0.60234375 0.040625 0.03359375
1 0.1296875 0.32421875 0.04609375 0.04296875
1 0.11015625 0.44453125 0.03828125 0.05234375
1 0.1078125 0.3734375 0.0328125 0.0390625
1 0.18671875 0.41640625 0.02265625 0.03046875
1 0.3578125 0.55703125 0.02734375 0.05859375
1 0.3359375 0.625 0.040625 0.0390625
1 0.04453125 0.3890625 0.02578125 0.025
1 0.07734375 0.16640625 0.021875 0.0328125
1 0.08203125 0.2890625 0.03515625 0.0390625