1 0.73359375 0.5171875 0.04453125 0.05
1 0.72421875 0.5953125 0.03515625 0.046875
1 0.57578125 0.5125 0.040625 0.059375
1 0.56875 0.4546875 0.03046875 0.04140625
1 0.434375 0.6234375 0.028125 0.03984375
1 0.38046875 0.59921875 0.02265625 0.0453125
1 0.4109375 0.69453125 0.03125 0.05
1 0.271875 0.39921875 0.028125 0.0359375
1 0.24453125 0.440625 0.03203125 0.03046875
1 0.27265625 0.2484375 0.03359375 0.05
1 0.44296875 0.18984375 0.0328125 0.0484375
1 0.4625 0.43203125 0.028125 0.04921875
1 0.0109375 0.38515625 0.021875 0.06640625
1 0.06953125 0.428125 0.02890625 0.0546875
1 0.22734375 0.5921875 0.0328125 0.03984375