1 0.71953125 0.60390625 0.04296875 0.0609375
1 0.73203125 0.51796875 0.03671875 0.05234375
1 0.571875 0.45078125 0.0375 0.05078125
1 0.5703125 0.515625 0.03359375 0.06015625
1 0.378125 0.590625 0.02734375 0.059375
1 0.2703125 0.39453125 0.02578125 0.03671875
1 0.25390625 0.4484375 0.05 0.05546875
1 0.40859375 0.68828125 0.02578125 0.04609375
1 0.4328125 0.62890625 0.0390625 0.0515625
1 0.45546875 0.20546875 0.03984375 0.05
1 0.43046875 0.2 0.025 0.03359375
1 0.4515625 0.16015625 0.02734375 0.025
1 0.275 0.25546875 0.0390625 0.0609375
1 0.23046875 0.59453125 0.02578125 0.03671875
1 0.35625 0.64765625 0.02421875 0.03984375
1 0.0140625 0.3859375 0.028125 0.05625
1 0.06796875 0.43515625 0.02421875 0.04140625
1 0.72421875 0.703125 0.0171875 0.03984375
1 0.17109375 0.5828125 0.02578125 0.03515625
1 0.17890625 0.4734375 0.0203125 0.02578125
1 0.328125 0.44375 0.025 0.0375
1 0.35 0.45390625 0.02421875 0.034375