1 0.740625 0.38984375 0.1046875 0.1328125
1 0.8375 0.34453125 0.11796875 0.13828125
1 0.81796875 0.09453125 0.1640625 0.16015625
1 0.7484375 0.19609375 0.1203125 0.11796875
1 0.7046875 0.0765625 0.1078125 0.14140625
1 0.74921875 0.025 0.0796875 0.05
1 0.65 0.103125 0.09453125 0.0921875
1 0.3203125 0.17890625 0.09140625 0.08359375
1 0.365625 0.10703125 0.10703125 0.1109375
1 0.27578125 0.09921875 0.08828125 0.08984375
1 0.31171875 0.0234375 0.075 0.046875
1 0.20546875 0.27734375 0.14375 0.15703125
1 0.35234375 0.32578125 0.09609375 0.15859375
1 0.54296875 0.3765625 0.1 0.153125
1 0.46015625 0.41484375 0.09453125 0.10703125
1 0.2125 0.5203125 0.109375 0.1046875
1 0.446875 0.54375 0.09375 0.12578125
1 0.09375 0.7359375 0.11328125 0.0890625
1 0.209375 0.6578125 0.08828125 0.11328125
1 0.7078125 0.56796875 0.0671875 0.07734375
1 0.78984375 0.5359375 0.05390625 0.08359375
1 0.63984375 0.4859375 0.08046875 0.06796875