1 0.2484375 0.1921875 0.12265625 0.121875
1 0.13125 0.25234375 0.1140625 0.11875
1 0.196875 0.33828125 0.1375 0.16171875
1 0.134375 0.44296875 0.14609375 0.196875
1 0.22265625 0.465625 0.0671875 0.1078125
1 0.30859375 0.5125 0.078125 0.08515625
1 0.36484375 0.56015625 0.05703125 0.07890625
1 0.53671875 0.32265625 0.0859375 0.08359375
1 0.54296875 0.39609375 0.0625 0.065625
1 0.73046875 0.47265625 0.046875 0.06953125
1 0.8390625 0.48125 0.046875 0.08046875
1 0.8140625 0.7265625 0.08125 0.06015625
1 0.80859375 0.76484375 0.05390625 0.05546875
1 0.61875 0.759375 0.04375 0.06015625
1 0.5703125 0.72421875 0.03125 0.0546875
1 0.896875 0.5546875 0.05078125 0.05234375