1 0.33359375 0.71015625 0.17109375 0.1234375
1 0.26015625 0.63671875 0.13671875 0.08671875
1 0.20625 0.7796875 0.16640625 0.14453125
1 0.06875 0.778125 0.1375 0.1453125
1 0.01640625 0.63828125 0.0328125 0.13828125
1 0.34296875 0.8671875 0.09375 0.09609375
1 0.33046875 0.95625 0.1328125 0.08671875
1 0.24921875 0.07890625 0.125 0.10703125
1 0.3625 0.01796875 0.11484375 0.0359375
1 0.47109375 0.021875 0.07890625 0.04375
1 0.96015625 0.28515625 0.0796875 0.0890625
1 0.95859375 0.36015625 0.07734375 0.05625
1 0.903125 0.403125 0.07890625 0.04765625
1 0.74140625 0.26953125 0.10234375 0.0734375
1 0.7421875 0.2171875 0.06015625 0.03828125
1 0.6515625 0.30078125 0.07109375 0.06171875
1 0.83828125 0.44375 0.08671875 0.0859375
1 0.6578125 0.49375 0.0890625 0.0578125
1 0.55390625 0.51015625 0.09453125 0.07421875