1 0.6640625 0.2859375 0.17109375 0.1328125
1 0.78828125 0.2140625 0.16328125 0.15390625
1 0.928125 0.2078125 0.14375 0.15234375
1 0.74375 0.35234375 0.13828125 0.115625
1 0.68515625 0.03984375 0.12734375 0.07890625
1 0.6546875 0.128125 0.15234375 0.09375
1 0.7546875 0.91484375 0.14453125 0.1265625
1 0.634375 0.97734375 0.134375 0.0453125
1 0.53125 0.9765625 0.096875 0.046875
1 0.35234375 0.70234375 0.08125 0.0578125
1 0.25546875 0.7359375 0.10546875 0.06171875
1 0.35703125 0.50703125 0.09609375 0.08359375
1 0.4640625 0.48828125 0.11171875 0.09375
1 0.16875 0.5515625 0.09765625 0.0828125
1 0.09921875 0.590625 0.07578125 0.065625
1 0.025 0.646875 0.05 0.065625
1 0.04453125 0.7140625 0.0890625 0.0625