1 0.3453125 0.2546875 0.1 0.153125
1 0.31953125 0.36484375 0.084375 0.10546875
1 0.38046875 0.46328125 0.09453125 0.125
1 0.40703125 0.38203125 0.0453125 0.0609375
1 0.25234375 0.4609375 0.06015625 0.071875
1 0.52109375 0.61015625 0.05625 0.06328125
1 0.8546875 0.36015625 0.078125 0.10546875
1 0.93828125 0.44609375 0.07578125 0.0875
1 0.93671875 0.51328125 0.07265625 0.06640625
1 0.98515625 0.47890625 0.0296875 0.0734375
1 0.97421875 0.39140625 0.05078125 0.075
1 0.91015625 0.13515625 0.04765625 0.0828125
1 0.9453125 0.3390625 0.0328125 0.03671875
1 0.97265625 0.603125 0.0484375 0.0453125
1 0.7078125 0.68984375 0.0421875 0.06640625
1 0.73671875 0.76796875 0.0421875 0.06796875
1 0.5640625 0.85546875 0.0515625 0.06484375
1 0.6125 0.91171875 0.04765625 0.07109375
1 0.65078125 0.9640625 0.0359375 0.0421875
1 0.72265625 0.96484375 0.05 0.0703125
1 0.73984375 0.66015625 0.0359375 0.04765625
1 0.44453125 0.20859375 0.040625 0.13984375
1 0.32578125 0.1046875 0.05234375 0.0921875
1 0.5609375 0.70234375 0.0375 0.06640625