1 0.4734375 0.33203125 0.109375 0.12265625
1 0.3671875 0.27109375 0.0890625 0.12421875
1 0.32578125 0.20703125 0.09140625 0.08203125
1 0.25078125 0.23046875 0.07421875 0.0859375
1 0.29765625 0.3015625 0.071875 0.06796875
1 0.28203125 0.38046875 0.1 0.09765625
1 0.375 0.36015625 0.09453125 0.12734375
1 0.3859375 0.44140625 0.0625 0.06015625
1 0.2328125 0.41640625 0.07578125 0.09453125
1 0.26484375 0.48671875 0.059375 0.06484375
1 0.29140625 0.4828125 0.04375 0.05703125
1 0.17734375 0.4671875 0.07265625 0.07421875
1 0.1984375 0.51796875 0.05078125 0.03671875
1 0.26484375 0.653125 0.0765625 0.08359375
1 0.40078125 0.69921875 0.09140625 0.115625
1 0.2171875 0.7609375 0.09296875 0.07421875