1 0.59609375 0.3 0.0546875 0.10546875
1 0.7625 0.228125 0.0578125 0.05390625
1 0.7265625 0.34609375 0.06171875 0.0859375
1 0.5296875 0.6640625 0.08203125 0.1
1 0.6078125 0.5640625 0.05078125 0.0640625
1 0.64921875 0.6328125 0.05859375 0.0828125
1 0.63359375 0.725 0.0765625 0.0890625
1 0.6671875 0.784375 0.0546875 0.0734375
1 0.7015625 0.709375 0.0515625 0.07890625
1 0.7296875 0.7671875 0.04609375 0.065625
1 0.74375 0.721875 0.03828125 0.0421875
1 0.71484375 0.62265625 0.06484375 0.0890625
1 0.77421875 0.578125 0.06796875 0.0703125
1 0.71015625 0.534375 0.06015625 0.08984375
1 0.74609375 0.50625 0.05625 0.0546875
1 0.80625 0.471875 0.06640625 0.06171875
1 0.821875 0.51875 0.04765625 0.04453125