1 0.93828125 0.5984375 0.12265625 0.12265625
1 0.7109375 0.5671875 0.13671875 0.07578125
1 0.60859375 0.63359375 0.10234375 0.0859375
1 0.69765625 0.67890625 0.0734375 0.0703125
1 0.3625 0.546875 0.12734375 0.11015625
1 0.2796875 0.5203125 0.084375 0.08359375
1 0.49296875 0.47109375 0.07421875 0.06015625
1 0.44765625 0.42734375 0.06875 0.05234375
1 0.4140625 0.38984375 0.06484375 0.04140625
1 0.2984375 0.390625 0.06953125 0.0703125
1 0.32109375 0.33203125 0.0828125 0.05390625
1 0.28828125 0.29921875 0.0640625 0.04140625
1 0.2484375 0.3328125 0.08125 0.03515625
1 0.246875 0.29609375 0.071875 0.040625
1 0.03828125 0.6796875 0.0765625 0.075
1 0.2375 0.43828125 0.0484375 0.04296875
1 0.88046875 0.6265625 0.08046875 0.0890625