1 0.5984375 0.0578125 0.1296875 0.115625
1 0.62890625 0.13828125 0.07109375 0.04296875
1 0.68203125 0.2984375 0.07578125 0.08359375
1 0.63359375 0.37890625 0.08515625 0.10234375
1 0.57734375 0.27890625 0.078125 0.11171875
1 0.5046875 0.2703125 0.053125 0.06796875
1 0.4640625 0.4921875 0.0515625 0.071875
1 0.55 0.453125 0.08203125 0.0953125
1 0.5421875 0.63125 0.08828125 0.128125
1 0.5140625 0.71796875 0.06328125 0.078125
1 0.39609375 0.5953125 0.05859375 0.059375
1 0.43203125 0.553125 0.05546875 0.06015625
1 0.396875 0.70703125 0.06875 0.09140625
1 0.33125 0.675 0.06640625 0.08125
1 0.30078125 0.7046875 0.03671875 0.053125
1 0.3296875 0.75703125 0.0375 0.0421875
1 0.29609375 0.76484375 0.04921875 0.04765625
1 0.33046875 0.81796875 0.0390625 0.06015625
1 0.3609375 0.79453125 0.015625 0.03203125
1 0.4328125 0.771875 0.04765625 0.06171875
1 0.38984375 0.21796875 0.0546875 0.07890625
1 0.696875 0.95078125 0.046875 0.0984375