1 0.59453125 0.059375 0.1 0.11875
1 0.63046875 0.11875 0.06484375 0.07109375
1 0.63671875 0.378125 0.0828125 0.0921875
1 0.6859375 0.29453125 0.06015625 0.06796875
1 0.57578125 0.2921875 0.04453125 0.0984375
1 0.54296875 0.45625 0.0375 0.07109375
1 0.46875 0.4984375 0.05390625 0.07109375
1 0.43046875 0.55546875 0.04765625 0.05625
1 0.54296875 0.63828125 0.090625 0.1203125
1 0.52421875 0.71484375 0.0796875 0.08125
1 0.39296875 0.59296875 0.04375 0.06015625
1 0.3921875 0.70234375 0.06875 0.08359375
1 0.4359375 0.76328125 0.03984375 0.0359375
1 0.32421875 0.68125 0.03984375 0.08046875
1 0.303125 0.71015625 0.0328125 0.0546875
1 0.33203125 0.75625 0.0375 0.03984375
1 0.30078125 0.76953125 0.028125 0.04921875
1 0.3671875 0.80078125 0.0375 0.04453125
1 0.690625 0.96484375 0.034375 0.0703125