1 0.88046875 0.09140625 0.0578125 0.0484375
1 0.8890625 0.13984375 0.03359375 0.0609375
1 0.89921875 0.240625 0.053125 0.0609375
1 0.678125 0.32578125 0.053125 0.0640625
1 0.64453125 0.2875 0.05078125 0.0484375
1 0.859375 0.46484375 0.046875 0.071875
1 0.8234375 0.5125 0.0546875 0.0609375
1 0.52109375 0.45859375 0.04765625 0.0515625
1 0.50234375 0.39765625 0.04140625 0.05625
1 0.4859375 0.36796875 0.05 0.0578125
1 0.4609375 0.25625 0.04609375 0.05390625
1 0.5 0.50390625 0.025 0.04296875
1 0.35859375 0.46171875 0.03984375 0.05078125
1 0.35625 0.53984375 0.03515625 0.05390625
1 0.090625 0.45859375 0.03984375 0.04453125
1 0.053125 0.46015625 0.0453125 0.0625
1 0.8921875 0.87890625 0.04765625 0.0546875
1 0.5890625 0.29921875 0.0359375 0.05625