1 0.04921875 0.46328125 0.04140625 0.05859375
1 0.08046875 0.4578125 0.04140625 0.05546875
1 0.45078125 0.2453125 0.0265625 0.0484375
1 0.47421875 0.3703125 0.0421875 0.07265625
1 0.5 0.39375 0.0359375 0.06953125
1 0.515625 0.46796875 0.0359375 0.06328125
1 0.496875 0.51171875 0.0203125 0.0390625
1 0.58671875 0.30703125 0.021875 0.046875
1 0.66796875 0.321875 0.025 0.059375
1 0.85703125 0.465625 0.0390625 0.05859375
1 0.81796875 0.5078125 0.02265625 0.0578125
1 0.89921875 0.234375 0.02890625 0.0546875
1 0.890625 0.1515625 0.034375 0.06171875
1 0.8921875 0.875 0.025 0.0546875
1 0.3484375 0.5515625 0.02578125 0.04765625
1 0.35546875 0.45546875 0.02109375 0.0390625