1 0.7796875 0.05859375 0.0625 0.08203125
1 0.834375 0.3421875 0.0390625 0.0546875
1 0.04296875 0.80546875 0.0828125 0.146875
1 0.15546875 0.8921875 0.13203125 0.20390625
1 0.3046875 0.7578125 0.0953125 0.12890625
1 0.328125 0.87734375 0.0546875 0.08203125
1 0.2671875 0.93359375 0.0703125 0.0796875
1 0.2765625 0.85859375 0.03046875 0.046875
1 0.14140625 0.70625 0.09609375 0.15
1 0.0421875 0.6515625 0.0765625 0.09453125
1 0.60546875 0.359375 0.03359375 0.075
1 0.60078125 0.26796875 0.028125 0.078125
1 0.54453125 0.62109375 0.03359375 0.04921875
1 0.49453125 0.625 0.025 0.0296875
1 0.7 0.75546875 0.04375 0.0734375
1 0.72890625 0.59140625 0.04375 0.05390625
1 0.75390625 0.665625 0.0671875 0.08125
1 0.78671875 0.7390625 0.0734375 0.053125
1 0.84296875 0.60625 0.05234375 0.09609375
1 0.8015625 0.59765625 0.02578125 0.04765625
1 0.79453125 0.52578125 0.03046875 0.05625
1 0.73046875 0.5359375 0.03671875 0.03046875
1 0.575 0.54453125 0.04921875 0.059375
1 0.8625 0.4984375 0.0375 0.059375
1 0.2859375 0.63515625 0.09609375 0.103125
1 0.36171875 0.5484375 0.0828125 0.06015625
1 0.65859375 0.81640625 0.040625 0.0578125