1 0.76484375 0.06171875 0.05859375 0.08671875
1 0.8328125 0.34609375 0.05625 0.06796875
1 0.61171875 0.3625 0.03203125 0.078125
1 0.04609375 0.81328125 0.0921875 0.1640625
1 0.09609375 0.8453125 0.0671875 0.10703125
1 0.15234375 0.88984375 0.1453125 0.209375
1 0.34296875 0.88203125 0.0859375 0.10859375
1 0.26875 0.93671875 0.07109375 0.084375
1 0.26484375 0.82734375 0.071875 0.0703125
1 0.30546875 0.759375 0.1 0.134375
1 0.2890625 0.625 0.09765625 0.10703125
1 0.12578125 0.6984375 0.12734375 0.1375
1 0.04296875 0.659375 0.065625 0.0953125
1 0.54296875 0.61953125 0.0359375 0.05078125
1 0.4921875 0.62109375 0.0375 0.0359375
1 0.690625 0.746875 0.04765625 0.07421875
1 0.77578125 0.73515625 0.0453125 0.06015625
1 0.81484375 0.7375 0.034375 0.046875
1 0.7515625 0.66953125 0.07109375 0.0703125
1 0.75859375 0.6234375 0.0734375 0.05390625
1 0.72421875 0.5890625 0.075 0.0703125
1 0.796875 0.60546875 0.03359375 0.040625
1 0.85 0.61640625 0.059375 0.0671875
1 0.82578125 0.571875 0.05078125 0.0625
1 0.79140625 0.51796875 0.0484375 0.04765625