1 0.3578125 0.28125 0.1453125 0.128125
1 0.2359375 0.3 0.140625 0.11796875
1 0.29140625 0.115625 0.13984375 0.128125
1 0.184375 0.05 0.1609375 0.1
1 0.0875 0.140625 0.175 0.13203125
1 0.13125 0.33515625 0.1078125 0.0921875
1 0.0515625 0.2484375 0.065625 0.06328125
1 0.41640625 0.72734375 0.096875 0.06171875
1 0.37421875 0.77109375 0.03828125 0.0734375
1 0.3390625 0.75234375 0.0703125 0.05703125
1 0.275 0.765625 0.065625 0.0515625
1 0.259375 0.690625 0.08671875 0.0734375
1 0.26640625 0.815625 0.06875 0.06640625
1 0.3796875 0.8609375 0.03984375 0.05078125
1 0.425 0.834375 0.05546875 0.05
1 0.940625 0.7765625 0.09375 0.0734375
1 0.38828125 0.55390625 0.05703125 0.05
1 0.3765625 0.4953125 0.03359375 0.034375
1 0.17578125 0.1421875 0.10078125 0.11640625