1 0.72578125 0.56015625 0.08203125 0.12890625
1 0.82421875 0.55703125 0.075 0.10390625
1 0.91328125 0.496875 0.065625 0.08515625
1 0.85078125 0.671875 0.04453125 0.15546875
1 0.7953125 0.77890625 0.12890625 0.1125
1 0.73984375 0.69296875 0.10546875 0.109375
1 0.52265625 0.628125 0.0546875 0.0546875
1 0.43359375 0.553125 0.09765625 0.10078125
1 0.38125 0.4390625 0.03359375 0.0640625
1 0.36015625 0.55546875 0.0625 0.0875
1 0.1828125 0.52890625 0.059375 0.07890625
1 0.21796875 0.50234375 0.02734375 0.05703125
1 0.103125 0.478125 0.05078125 0.03515625
1 0.0390625 0.48671875 0.046875 0.05234375
1 0.409375 0.703125 0.0546875 0.0578125