1 0.59296875 0.3921875 0.140625 0.1796875
1 0.42890625 0.36015625 0.18515625 0.18984375
1 0.1984375 0.56953125 0.065625 0.08125
1 0.2265625 0.62734375 0.084375 0.0953125
1 0.17578125 0.71640625 0.1109375 0.11875
1 0.0546875 0.66015625 0.109375 0.1671875
1 0.03125 0.7625 0.0625 0.09375
1 0.42265625 0.8390625 0.08828125 0.09765625
1 0.709375 0.68515625 0.12890625 0.146875
1 0.78203125 0.58046875 0.140625 0.18828125
1 0.9171875 0.55 0.165625 0.22265625
1 0.83515625 0.43125 0.1296875 0.10390625
1 0.60078125 0.73359375 0.12421875 0.12109375
1 0.0546875 0.21796875 0.0875 0.13515625
1 0.04140625 0.37890625 0.0828125 0.11640625
1 0.3890625 0.025 0.1546875 0.05