1 0.75078125 0.18984375 0.21015625 0.28671875
1 0.53984375 0.175 0.2265625 0.28046875
1 0.42265625 0.034375 0.2015625 0.06875
1 0.3765625 0.125 0.1234375 0.1625
1 0.15390625 0.31484375 0.1546875 0.18671875
1 0.4265625 0.56953125 0.1296875 0.1890625
1 0.334375 0.68828125 0.128125 0.1796875
1 0.4421875 0.71796875 0.09921875 0.15078125
1 0.2453125 0.66484375 0.10234375 0.14765625
1 0.61640625 0.44453125 0.10625 0.1375
1 0.58125 0.553125 0.134375 0.13359375
1 0.6125 0.7078125 0.10546875 0.17734375
1 0.72109375 0.73984375 0.15859375 0.20234375