1 0.5375 0.1828125 0.221875 0.30234375
1 0.7515625 0.2 0.1921875 0.27421875
1 0.4203125 0.03671875 0.15625 0.0734375
1 0.37734375 0.14765625 0.11015625 0.1296875
1 0.16640625 0.29609375 0.11484375 0.159375
1 0.44296875 0.5671875 0.08515625 0.16328125
1 0.44375 0.69921875 0.09609375 0.12265625
1 0.33828125 0.70078125 0.12578125 0.16875
1 0.23984375 0.66875 0.09375 0.11875
1 0.565625 0.5609375 0.0953125 0.115625
1 0.62109375 0.44609375 0.07421875 0.1046875
1 0.60703125 0.71015625 0.0671875 0.13984375
1 0.71171875 0.734375 0.1390625 0.18828125