1 0.65859375 0.39453125 0.1328125 0.1953125
1 0.684375 0.2703125 0.08359375 0.11640625
1 0.5734375 0.28359375 0.096875 0.09609375
1 0.5265625 0.4046875 0.11953125 0.15703125
1 0.39453125 0.5546875 0.09609375 0.1375
1 0.49140625 0.56875 0.1078125 0.12265625
1 0.40234375 0.471875 0.084375 0.0671875
1 0.3125 0.653125 0.134375 0.13125
1 0.18515625 0.61171875 0.140625 0.15
1 0.615625 0.7046875 0.0953125 0.1109375
1 0.7078125 0.66328125 0.11484375 0.13515625
1 0.62734375 0.6 0.07578125 0.09921875
1 0.98359375 0.75390625 0.0328125 0.0828125
1 0.978125 0.81796875 0.04375 0.06796875
1 0.4203125 0.640625 0.07890625 0.07890625