1 0.684375 0.26953125 0.09765625 0.1296875
1 0.65546875 0.39296875 0.1375 0.15859375
1 0.5375 0.4015625 0.11015625 0.15625
1 0.5671875 0.2625 0.115625 0.14140625
1 0.70390625 0.6609375 0.10078125 0.13828125
1 0.61171875 0.7078125 0.0890625 0.12109375
1 0.6296875 0.6015625 0.06796875 0.1125
1 0.9875 0.75703125 0.025 0.0953125
1 0.97734375 0.8171875 0.04453125 0.0953125
1 0.49140625 0.55859375 0.08984375 0.16015625
1 0.39921875 0.559375 0.0875 0.12578125
1 0.42734375 0.64921875 0.07265625 0.05625
1 0.3921875 0.4765625 0.078125 0.053125
1 0.3296875 0.5421875 0.07265625 0.09609375
1 0.3140625 0.6578125 0.1171875 0.12734375
1 0.1890625 0.61484375 0.12890625 0.16171875
1 0.10078125 0.575 0.0375 0.0546875
1 0.44765625 0.3703125 0.059375 0.0765625
1 0.2765625 0.20546875 0.08203125 0.10234375