1 0.5390625 0.21953125 0.1 0.1046875
1 0.49296875 0.28046875 0.07890625 0.0796875
1 0.6375 0.378125 0.05234375 0.08828125
1 0.7828125 0.38046875 0.04296875 0.0703125
1 0.584375 0.60703125 0.04921875 0.0609375
1 0.26484375 0.103125 0.059375 0.0671875
1 0.46484375 0.11953125 0.0359375 0.09140625
1 0.5046875 0.11015625 0.02734375 0.09375
1 0.72578125 0.6578125 0.025 0.0875
1 0.6890625 0.7328125 0.05390625 0.06484375
1 0.65625 0.73359375 0.0328125 0.05234375
1 0.6875 0.2734375 0.028125 0.0828125
1 0.7453125 0.1703125 0.0203125 0.0375