1 0.85703125 0.4234375 0.071875 0.06171875
1 0.81015625 0.4109375 0.06328125 0.046875
1 0.79921875 0.4546875 0.0515625 0.06484375
1 0.83359375 0.47265625 0.0453125 0.06328125
1 0.975 0.409375 0.03046875 0.04296875
1 0.95703125 0.421875 0.03671875 0.04140625
1 0.71796875 0.41328125 0.07109375 0.05625
1 0.6140625 0.4359375 0.07109375 0.05390625
1 0.48203125 0.2859375 0.0625 0.07890625
1 0.43671875 0.30859375 0.0421875 0.07109375
1 0.621875 0.24453125 0.03828125 0.08203125
1 0.3171875 0.303125 0.06328125 0.0875
1 0.26640625 0.1796875 0.06875 0.06484375
1 0.04921875 0.0484375 0.09765625 0.07890625
1 0.6609375 0.57578125 0.05859375 0.05078125
1 0.825 0.5609375 0.065625 0.0703125
1 0.9078125 0.50859375 0.06015625 0.06015625
1 0.9421875 0.83984375 0.06640625 0.05625