1 0.41796875 0.15390625 0.04609375 0.04453125
1 0.46484375 0.1640625 0.04921875 0.03828125
1 0.44765625 0.19453125 0.05859375 0.03984375
1 0.40703125 0.19921875 0.034375 0.02890625
1 0.4140625 0.28125 0.06015625 0.04921875
1 0.4390625 0.384375 0.05625 0.0578125
1 0.5796875 0.33984375 0.04453125 0.0421875
1 0.259375 0.37734375 0.05546875 0.03828125
1 0.290625 0.51484375 0.05859375 0.046875
1 0.29765625 0.56171875 0.06796875 0.04453125
1 0.11484375 0.709375 0.06953125 0.046875
1 0.2859375 0.68359375 0.06015625 0.04765625
1 0.8484375 0.05390625 0.04921875 0.03671875
1 0.5515625 0.1828125 0.05234375 0.03203125
1 0.528125 0.0953125 0.0375 0.03359375
1 0.403125 0.0359375 0.0484375 0.03828125
1 0.05 0.95703125 0.0625 0.08359375