1 0.4984375 0.5015625 0.09609375 0.08984375
1 0.56640625 0.52890625 0.09765625 0.10078125
1 0.596875 0.43515625 0.06796875 0.08359375
1 0.66328125 0.475 0.07421875 0.0890625
1 0.6453125 0.39453125 0.0859375 0.07265625
1 0.60625 0.34140625 0.1140625 0.07265625
1 0.69375 0.4328125 0.07109375 0.0640625
1 0.696875 0.10859375 0.12421875 0.14609375
1 0.584375 0.16796875 0.17109375 0.146875
1 0.6375 0.22109375 0.10625 0.071875
1 0.49765625 0.68125 0.09453125 0.06484375
1 0.54765625 0.60625 0.10390625 0.0859375
1 0.4078125 0.49609375 0.090625 0.0734375
1 0.4421875 0.4421875 0.0796875 0.08671875
1 0.47578125 0.403125 0.0875 0.0578125
1 0.20625 0.72421875 0.0765625 0.07578125
1 0.43125 0.90234375 0.078125 0.0703125
1 0.534375 0.92890625 0.0453125 0.06875
1 0.634375 0.92734375 0.0640625 0.071875
1 0.5609375 0.97890625 0.11484375 0.04140625
1 0.4671875 0.95625 0.06484375 0.07578125
1 0.23359375 0.96640625 0.0671875 0.06484375