1 0.83984375 0.57890625 0.1109375 0.16015625
1 0.88515625 0.69765625 0.1078125 0.09609375
1 0.78125 0.63359375 0.06875 0.1015625
1 0.66015625 0.609375 0.0578125 0.084375
1 0.60703125 0.65625 0.0671875 0.0984375
1 0.56640625 0.596875 0.05703125 0.08125
1 0.51796875 0.6671875 0.06796875 0.0796875
1 0.56328125 0.69765625 0.04609375 0.04609375
1 0.5625 0.45703125 0.07578125 0.09921875
1 0.49765625 0.496875 0.0890625 0.08125
1 0.47734375 0.57421875 0.075 0.1015625
1 0.4921875 0.41328125 0.07734375 0.0875
1 0.3859375 0.5578125 0.0703125 0.0875
1 0.3296875 0.49921875 0.07734375 0.090625
1 0.27578125 0.2078125 0.06328125 0.09765625
1 0.12109375 0.140625 0.04765625 0.0703125
1 0.03359375 0.23671875 0.04453125 0.07265625
1 0.09140625 0.43671875 0.0625 0.08046875
1 0.04140625 0.45859375 0.05703125 0.0671875
1 0.0703125 0.53359375 0.04765625 0.06015625
1 0.02421875 0.571875 0.03515625 0.08828125
1 0.071875 0.6296875 0.04140625 0.040625
1 0.08203125 0.35 0.04375 0.06328125