1 0.70546875 0.8765625 0.07734375 0.1140625
1 0.87578125 0.84609375 0.09765625 0.1296875
1 0.93671875 0.72890625 0.12109375 0.09609375
1 0.634375 0.76640625 0.08828125 0.1
1 0.96875 0.51796875 0.0625 0.09765625
1 0.73515625 0.4359375 0.121875 0.14453125
1 0.68203125 0.2953125 0.10703125 0.11328125
1 0.63125 0.42109375 0.07421875 0.12578125
1 0.1765625 0.03515625 0.1078125 0.0703125
1 0.14296875 0.12734375 0.09609375 0.109375
1 0.25234375 0.21015625 0.0734375 0.084375
1 0.14296875 0.3203125 0.1265625 0.12265625
1 0.11171875 0.4140625 0.07109375 0.05078125
1 0.053125 0.48515625 0.053125 0.05234375
1 0.42265625 0.53203125 0.04609375 0.06875
1 0.4734375 0.53828125 0.03984375 0.0625
1 0.5265625 0.7 0.04296875 0.0734375
1 0.24453125 0.60703125 0.0546875 0.0796875
1 0.1859375 0.54765625 0.05625 0.08046875
1 0.25 0.51328125 0.05 0.0359375
1 0.19140625 0.6328125 0.0171875 0.03125
1 0.13828125 0.590625 0.03984375 0.0609375