1 0.7359375 0.42734375 0.1171875 0.14375
1 0.6390625 0.41484375 0.0828125 0.134375
1 0.6765625 0.2953125 0.10546875 0.13046875
1 0.24375 0.19296875 0.0875 0.09609375
1 0.1453125 0.12890625 0.09921875 0.12890625
1 0.1765625 0.03125 0.07578125 0.0625
1 0.875 0.8421875 0.1015625 0.140625
1 0.9609375 0.7296875 0.07734375 0.11875
1 0.70390625 0.8796875 0.08984375 0.109375
1 0.63046875 0.76640625 0.08828125 0.10078125
1 0.1359375 0.309375 0.11796875 0.115625
1 0.17578125 0.56328125 0.053125 0.08359375
1 0.24140625 0.5390625 0.04453125 0.09453125
1 0.42890625 0.53359375 0.0578125 0.06796875
1 0.07109375 0.5234375 0.0359375 0.04296875
1 0.11015625 0.4125 0.0609375 0.06640625
1 0.0640625 0.4625 0.05390625 0.053125