1 0.96875 0.2796875 0.0625 0.0875
1 0.93828125 0.52890625 0.115625 0.06953125
1 0.85546875 0.48515625 0.1 0.0828125
1 0.85078125 0.4046875 0.12265625 0.071875
1 0.7359375 0.44453125 0.1171875 0.08203125
1 0.7484375 0.51953125 0.10546875 0.078125
1 0.68125 0.57890625 0.1953125 0.13125
1 0.6328125 0.66953125 0.1828125 0.13671875
1 0.59296875 0.7875 0.1984375 0.1640625
1 0.5203125 0.87265625 0.23046875 0.2015625
1 0.7359375 0.8640625 0.1234375 0.14765625
1 0.603125 0.94296875 0.1234375 0.1140625
1 0.37890625 0.7953125 0.21953125 0.15078125
1 0.353125 0.684375 0.1625 0.134375
1 0.15625 0.51953125 0.2484375 0.19453125
1 0.03359375 0.37109375 0.06640625 0.2203125
1 0.0296875 0.58828125 0.05859375 0.19609375