1 0.515625 0.10703125 0.0609375 0.08671875
1 0.4046875 0.14296875 0.0328125 0.053125
1 0.37109375 0.14453125 0.0453125 0.05625
1 0.40625 0.32578125 0.0578125 0.0640625
1 0.37734375 0.41015625 0.04609375 0.06875
1 0.48125 0.40546875 0.05625 0.07109375
1 0.490625 0.290625 0.05625 0.06640625
1 0.5265625 0.21015625 0.03984375 0.046875
1 0.75 0.3546875 0.040625 0.05390625
1 0.69453125 0.42890625 0.0515625 0.0578125
1 0.68984375 0.36796875 0.03515625 0.04921875
1 0.92265625 0.10859375 0.03984375 0.05234375
1 0.94375 0.0921875 0.03671875 0.04609375
1 0.959375 0.03359375 0.03671875 0.04765625
1 0.97578125 0.34375 0.03046875 0.0453125
1 0.5015625 0.71171875 0.03515625 0.04765625
1 0.4828125 0.57265625 0.02890625 0.03984375
1 0.9765625 0.621875 0.0328125 0.04375
1 0.253125 0.3546875 0.0375 0.0453125
1 0.03671875 0.9578125 0.05 0.0640625