1 0.71328125 0.5828125 0.1203125 0.15
1 0.8125 0.55078125 0.11484375 0.15546875
1 0.51015625 0.46171875 0.0875 0.1640625
1 0.4328125 0.49609375 0.10859375 0.153125
1 0.3734375 0.33203125 0.11171875 0.15
1 0.63984375 0.2609375 0.046875 0.05
1 0.79140625 0.08359375 0.046875 0.1109375
1 0.93984375 0.80625 0.07734375 0.09609375
1 0.86953125 0.8359375 0.0859375 0.1015625
1 0.3765625 0.6515625 0.07109375 0.07421875
1 0.30625 0.725 0.03671875 0.05625
1 0.22265625 0.60078125 0.04453125 0.0484375
1 0.1453125 0.39140625 0.07265625 0.109375
1 0.16796875 0.80859375 0.05859375 0.084375