1 0.7984375 0.09140625 0.08203125 0.11015625
1 0.63828125 0.25859375 0.06328125 0.06640625
1 0.82109375 0.54765625 0.12265625 0.16484375
1 0.7125 0.58125 0.1140625 0.1609375
1 0.940625 0.803125 0.0734375 0.1203125
1 0.86015625 0.8375 0.1015625 0.1125
1 0.50703125 0.45390625 0.08984375 0.15078125
1 0.43203125 0.4984375 0.08984375 0.146875
1 0.478125 0.54140625 0.071875 0.08125
1 0.44609375 0.365625 0.0734375 0.14296875
1 0.378125 0.325 0.11171875 0.15
1 0.128125 0.3953125 0.06875 0.0953125
1 0.31171875 0.72890625 0.05078125 0.0609375
1 0.3796875 0.6609375 0.06953125 0.084375
1 0.15625 0.79296875 0.04609375 0.06796875
1 0.2265625 0.5875 0.02578125 0.0578125
1 0.48203125 0.6921875 0.03125 0.053125