1 0.7390625 0.3859375 0.059375 0.08671875
1 0.82890625 0.4375 0.03671875 0.06796875
1 0.92265625 0.40625 0.04765625 0.0859375
1 0.35625 0.77265625 0.0609375 0.04375
1 0.2828125 0.775 0.05390625 0.065625
1 0.25703125 0.771875 0.0296875 0.0546875
1 0.25 0.72109375 0.046875 0.04375
1 0.1171875 0.8828125 0.0640625 0.06796875
1 0.028125 0.765625 0.05625 0.07578125
1 0.0375 0.38515625 0.0484375 0.06015625
1 0.37578125 0.61875 0.0421875 0.046875
1 0.2453125 0.2125 0.053125 0.0546875
1 0.2203125 0.2578125 0.04140625 0.05546875
1 0.01171875 0.11953125 0.02265625 0.05
1 0.56640625 0.38046875 0.05625 0.0703125
1 0.43125 0.371875 0.040625 0.04296875
1 0.3859375 0.20625 0.05234375 0.04296875