1 0.72265625 0.2421875 0.0421875 0.06015625
1 0.7375 0.278125 0.03984375 0.053125
1 0.63984375 0.23125 0.046875 0.0546875
1 0.61875 0.3921875 0.05859375 0.0671875
1 0.265625 0.603125 0.06171875 0.06796875
1 0.9703125 0.60546875 0.04140625 0.05703125
1 0.78046875 0.646875 0.04140625 0.05546875
1 0.7296875 0.646875 0.040625 0.05546875
1 0.7953125 0.74765625 0.04921875 0.0484375
1 0.759375 0.78515625 0.0359375 0.03828125
1 0.97421875 0.88203125 0.0515625 0.0734375
1 0.97578125 0.23046875 0.04765625 0.0859375
1 0.28046875 0.4515625 0.04453125 0.04296875
1 0.296875 0.4046875 0.05 0.05546875
1 0.17109375 0.55390625 0.0546875 0.0546875
1 0.084375 0.5828125 0.05703125 0.06484375
1 0.50078125 0.3234375 0.04140625 0.04765625
1 0.884375 0.125 0.04140625 0.071875
1 0.6 0.7921875 0.04375 0.0515625