1 0.23359375 0.290625 0.0625 0.0515625
1 0.2328125 0.025 0.071875 0.05
1 0.61875 0.03125 0.075 0.0609375
1 0.87890625 0.01484375 0.05859375 0.0296875
1 0.790625 0.24140625 0.0453125 0.0375
1 0.7375 0.21796875 0.0515625 0.04375
1 0.7828125 0.39453125 0.05078125 0.0515625
1 0.6015625 0.74921875 0.071875 0.06640625
1 0.5578125 0.828125 0.04375 0.03828125
1 0.22734375 0.34609375 0.0546875 0.05
1 0.13203125 0.11640625 0.071875 0.04453125
1 0.3890625 0.3796875 0.046875 0.0265625
1 0.659375 0.27578125 0.04453125 0.0375
1 0.625 0.5625 0.065625 0.05703125
1 0.5890625 0.91640625 0.05234375 0.04921875
1 0.4578125 0.71953125 0.04140625 0.0296875
1 0.284375 0.25234375 0.06171875 0.04375
1 0.6578125 0.22109375 0.03515625 0.0296875