1 0.021875 0.77265625 0.04375 0.0640625
1 0.11328125 0.88515625 0.03984375 0.0453125
1 0.06484375 0.74140625 0.0234375 0.05078125
1 0.0375 0.3796875 0.0359375 0.05078125
1 0.0078125 0.28984375 0.01484375 0.071875
1 0.01171875 0.12421875 0.0234375 0.046875
1 0.0078125 0.075 0.01484375 0.04765625
1 0.209375 0.37109375 0.02265625 0.034375
1 0.2265625 0.35546875 0.03046875 0.03046875
1 0.21484375 0.25859375 0.03046875 0.04453125
1 0.2390625 0.225 0.0375 0.04921875
1 0.2703125 0.340625 0.03359375 0.04453125
1 0.25703125 0.71484375 0.03359375 0.03671875
1 0.2515625 0.76484375 0.02265625 0.04921875
1 0.28046875 0.765625 0.0359375 0.0640625
1 0.359375 0.77890625 0.03515625 0.05390625
1 0.3796875 0.615625 0.0265625 0.0515625
1 0.34765625 0.43359375 0.02421875 0.0359375
1 0.41953125 0.41328125 0.03125 0.034375
1 0.4375 0.375 0.02578125 0.046875
1 0.3953125 0.21640625 0.02578125 0.04453125
1 0.56171875 0.38125 0.03828125 0.06328125
1 0.53828125 0.53515625 0.02734375 0.046875
1 0.72109375 0.546875 0.01953125 0.0390625
1 0.7015625 0.590625 0.0203125 0.03828125
1 0.50234375 0.675 0.02734375 0.0328125
1 0.74296875 0.40390625 0.04140625 0.07734375
1 0.8265625 0.4453125 0.0390625 0.04921875
1 0.9140625 0.4140625 0.03203125 0.053125
1 0.64296875 0.2625 0.02421875 0.0390625
1 0.66015625 0.31875 0.02265625 0.02734375
1 0.94765625 0.41484375 0.025 0.0375