1 0.8984375 0.3265625 0.10625 0.10625
1 0.81796875 0.41640625 0.1375 0.13203125
1 0.71015625 0.4765625 0.140625 0.15078125
1 0.6109375 0.51796875 0.15546875 0.11640625
1 0.58984375 0.640625 0.13984375 0.12265625
1 0.47890625 0.59609375 0.109375 0.1234375
1 0.453125 0.45625 0.14921875 0.11015625
1 0.4 0.35390625 0.15 0.1296875
1 0.28203125 0.3078125 0.0890625 0.09609375
1 0.2328125 0.2359375 0.11328125 0.11328125
1 0.17734375 0.1484375 0.13125 0.11796875
1 0.14921875 0.284375 0.1125 0.10859375
1 0.04453125 0.0421875 0.08359375 0.084375
1 0.9328125 0.6421875 0.121875 0.09921875
1 0.7421875 0.8171875 0.13515625 0.1015625
1 0.59765625 0.790625 0.059375 0.0546875
1 0.4875 0.78125 0.06328125 0.05703125
1 0.2015625 0.71875 0.0625 0.065625
1 0.128125 0.95234375 0.13828125 0.0953125