1 0.85625 0.71328125 0.1015625 0.12421875
1 0.77421875 0.76015625 0.125 0.09921875
1 0.81640625 0.8453125 0.1875 0.1203125
1 0.96953125 0.9546875 0.0578125 0.090625
1 0.59921875 0.64296875 0.18984375 0.13203125
1 0.54609375 0.540625 0.1484375 0.10390625
1 0.5046875 0.39609375 0.12890625 0.1609375
1 0.41796875 0.36328125 0.2234375 0.13828125
1 0.38515625 0.46171875 0.2 0.15625
1 0.2625 0.49921875 0.15625 0.14921875
1 0.17578125 0.58515625 0.14453125 0.1390625
1 0.10546875 0.67890625 0.1046875 0.09140625
1 0.046875 0.3765625 0.078125 0.090625
1 0.08359375 0.35078125 0.0765625 0.0859375
1 0.13984375 0.38984375 0.0828125 0.0515625
1 0.26796875 0.18046875 0.1625 0.11875
1 0.3953125 0.19765625 0.09140625 0.0734375
1 0.5328125 0.21875 0.1109375 0.07890625
1 0.803125 0.28125 0.07109375 0.0640625