1 0.9671875 0.03359375 0.065625 0.0671875
1 0.85546875 0.171875 0.11875 0.11796875
1 0.759375 0.23125 0.0640625 0.1
1 0.71875 0.13046875 0.08828125 0.08828125
1 0.6734375 0.275 0.08984375 0.0953125
1 0.64453125 0.40078125 0.11484375 0.1484375
1 0.53984375 0.4578125 0.08203125 0.14609375
1 0.96484375 0.45234375 0.0703125 0.1421875
1 0.9484375 0.77734375 0.0546875 0.075
1 0.6734375 0.89609375 0.08046875 0.09609375
1 0.58125 0.815625 0.08828125 0.1375
1 0.5203125 0.70546875 0.15625 0.09140625
1 0.4734375 0.6 0.10859375 0.11328125
1 0.415625 0.47578125 0.13828125 0.11328125
1 0.35859375 0.60234375 0.1078125 0.1171875
1 0.378125 0.90703125 0.1078125 0.16015625
1 0.18203125 0.73671875 0.09765625 0.11953125
1 0.20546875 0.59296875 0.0484375 0.06171875
1 0.21640625 0.4890625 0.059375 0.075
1 0.2765625 0.2015625 0.0734375 0.078125
1 0.04609375 0.1296875 0.0921875 0.1515625