1 0.78125 0.590625 0.11875 0.1671875
1 0.7390625 0.45859375 0.0875 0.10703125
1 0.7171875 0.55 0.1015625 0.12578125
1 0.66484375 0.6796875 0.1125 0.1484375
1 0.721875 0.71171875 0.053125 0.065625
1 0.77421875 0.78984375 0.08203125 0.1109375
1 0.471875 0.93515625 0.0671875 0.121875
1 0.53203125 0.95 0.0515625 0.1
1 0.4140625 0.89140625 0.103125 0.140625
1 0.43671875 0.51640625 0.10546875 0.125
1 0.6484375 0.47890625 0.10625 0.14296875
1 0.4390625 0.26171875 0.05234375 0.09140625
1 0.359375 0.09296875 0.0875 0.12734375
1 0.43203125 0.04453125 0.06875 0.08828125
1 0.271875 0.446875 0.06328125 0.14140625
1 0.10703125 0.37734375 0.08046875 0.10859375
1 0.30546875 0.5921875 0.04140625 0.0765625
1 0.1875 0.72421875 0.05859375 0.09140625