1 0.8828125 0.6046875 0.10859375 0.1328125
1 0.7609375 0.6328125 0.11328125 0.1484375
1 0.6671875 0.55390625 0.09453125 0.10234375
1 0.63125 0.625 0.09453125 0.08515625
1 0.98203125 0.184375 0.0359375 0.1453125
1 0.90078125 0.021875 0.09921875 0.04375
1 0.9 0.0734375 0.09765625 0.0515625
1 0.42109375 0.65234375 0.05 0.04609375
1 0.36640625 0.6625 0.0265625 0.065625
1 0.4015625 0.71015625 0.05234375 0.03203125
1 0.375 0.80234375 0.0796875 0.109375
1 0.39296875 0.8984375 0.0890625 0.08515625
1 0.44453125 0.803125 0.05390625 0.0984375
1 0.31484375 0.79765625 0.0515625 0.0921875
1 0.2625 0.8625 0.05390625 0.06640625
1 0.1359375 0.71328125 0.07109375 0.08359375
1 0.02421875 0.85234375 0.0484375 0.121875
1 0.13671875 0.890625 0.0375 0.11328125
1 0.14140625 0.97265625 0.0203125 0.0546875
1 0.1203125 0.54140625 0.10234375 0.05546875
1 0.09453125 0.22578125 0.03359375 0.040625
1 0.3203125 0.6921875 0.040625 0.05859375