1 0.7578125 0.6328125 0.134375 0.1546875
1 0.8859375 0.60625 0.128125 0.1546875
1 0.9796875 0.1859375 0.03984375 0.15625
1 0.66640625 0.5453125 0.1265625 0.10234375
1 0.421875 0.65 0.059375 0.06015625
1 0.3734375 0.80078125 0.08515625 0.1
1 0.44453125 0.8015625 0.084375 0.1078125
1 0.39453125 0.89453125 0.09609375 0.090625
1 0.31171875 0.7921875 0.0640625 0.1
1 0.2625 0.85546875 0.05625 0.05546875
1 0.14453125 0.72421875 0.0875 0.11328125
1 0.03203125 0.84921875 0.0640625 0.1328125
1 0.1375 0.8765625 0.05078125 0.11484375
1 0.12890625 0.5265625 0.11875 0.09140625
1 0.8921875 0.02109375 0.08828125 0.04140625