1 0.7609375 0.0328125 0.08125 0.05859375
1 0.69609375 0.05859375 0.059375 0.0515625
1 0.86328125 0.1234375 0.06328125 0.06875
1 0.4640625 0.22890625 0.0640625 0.05546875
1 0.296875 0.02109375 0.103125 0.0421875
1 0.23671875 0.05859375 0.05703125 0.03515625
1 0.021875 0.15390625 0.04375 0.096875
1 0.16015625 0.39140625 0.11171875 0.0609375
1 0.2390625 0.42890625 0.06640625 0.071875
1 0.240625 0.496875 0.0703125 0.0484375
1 0.49921875 0.5296875 0.075 0.0546875
1 0.5796875 0.53515625 0.07734375 0.06484375
1 0.53828125 0.56953125 0.0625 0.0390625
1 0.8109375 0.5578125 0.059375 0.0421875
1 0.84765625 0.5859375 0.0640625 0.04453125
1 0.81640625 0.61015625 0.0859375 0.0546875
1 0.865625 0.6625 0.06640625 0.03828125
1 0.80703125 0.684375 0.0671875 0.05546875
1 0.98125 0.6796875 0.0375 0.0515625
1 0.971875 0.7265625 0.05625 0.0703125
1 0.765625 0.75859375 0.08125 0.075
1 0.70859375 0.8265625 0.09375 0.071875
1 0.61171875 0.8609375 0.08203125 0.0671875
1 0.57109375 0.75546875 0.0703125 0.07421875
1 0.4921875 0.74921875 0.0828125 0.07265625
1 0.515625 0.80546875 0.09296875 0.0671875
1 0.359375 0.75625 0.09921875 0.065625
1 0.06328125 0.80390625 0.06875 0.065625
1 0.209375 0.95859375 0.04609375 0.04296875