1 0.6046875 0.1546875 0.0671875 0.125
1 0.5703125 0.23828125 0.0515625 0.06171875
1 0.50625 0.24296875 0.0609375 0.084375
1 0.20390625 0.05625 0.06640625 0.0625
1 0.2375 0.359375 0.05234375 0.0734375
1 0.46796875 0.50625 0.06015625 0.090625
1 0.46640625 0.58203125 0.07109375 0.06484375
1 0.246875 0.49140625 0.06796875 0.08828125
1 0.19609375 0.50859375 0.05 0.06953125
1 0.24296875 0.56015625 0.059375 0.07421875
1 0.13828125 0.60625 0.0625 0.06875
1 0.1671875 0.7046875 0.06328125 0.07890625
1 0.23671875 0.75703125 0.07265625 0.0546875
1 0.303125 0.80625 0.05 0.065625
1 0.378125 0.82265625 0.028125 0.06171875
1 0.41015625 0.84765625 0.0421875 0.05
1 0.42109375 0.8015625 0.02421875 0.0421875
1 0.2671875 0.9734375 0.05 0.05234375
1 0.32109375 0.9859375 0.04609375 0.028125
1 0.94609375 0.7 0.03984375 0.06171875
1 0.975 0.7625 0.05 0.090625
1 0.87421875 0.85703125 0.0546875 0.05859375
1 0.77265625 0.465625 0.04375 0.04921875
1 0.97890625 0.2890625 0.0421875 0.0921875
1 0.940625 0.23671875 0.02265625 0.0375
1 0.84765625 0.01953125 0.06875 0.0390625
1 0.03203125 0.20234375 0.0328125 0.0296875