1 0.90546875 0.2796875 0.09921875 0.07734375
1 0.7453125 0.14921875 0.11484375 0.08828125
1 0.68515625 0.04765625 0.10625 0.07734375
1 0.709375 0.10859375 0.1015625 0.0546875
1 0.45859375 0.14921875 0.08046875 0.071875
1 0.8890625 0.45625 0.06640625 0.0890625
1 0.59609375 0.2109375 0.05546875 0.0515625
1 0.575 0.5234375 0.12109375 0.08046875
1 0.5328125 0.58828125 0.08984375 0.0765625
1 0.6296875 0.590625 0.090625 0.07578125
1 0.44140625 0.37890625 0.11484375 0.08984375
1 0.40078125 0.46484375 0.09140625 0.08515625
1 0.3171875 0.68828125 0.11171875 0.0890625
1 0.2125 0.66484375 0.084375 0.0640625
1 0.603125 0.709375 0.09609375 0.08828125
1 0.49765625 0.78046875 0.13203125 0.0921875
1 0.62109375 0.8796875 0.0796875 0.071875
1 0.83828125 0.9265625 0.06015625 0.08046875
1 0.284375 0.3359375 0.1046875 0.09375