1 0.6 0.37578125 0.08515625 0.11015625
1 0.5953125 0.45546875 0.0875 0.09765625
1 0.52421875 0.42890625 0.0625 0.103125
1 0.7109375 0.40234375 0.071875 0.10859375
1 0.79140625 0.525 0.084375 0.11953125
1 0.6984375 0.67421875 0.14375 0.125
1 0.690625 0.77109375 0.11171875 0.13203125
1 0.36640625 0.5859375 0.0875 0.140625
1 0.4546875 0.61953125 0.109375 0.13359375
1 0.3328125 0.7328125 0.08984375 0.09296875
1 0.1625 0.54921875 0.0796875 0.09375
1 0.15078125 0.27578125 0.071875 0.1328125
1 0.109375 0.29453125 0.07578125 0.12265625
1 0.0484375 0.31875 0.09609375 0.1390625
1 0.20859375 0.40078125 0.04453125 0.0796875
1 0.26953125 0.0921875 0.1015625 0.12421875
1 0.9421875 0.16484375 0.09296875 0.07734375
1 0.45546875 0.1015625 0.05703125 0.0890625