1 0.95078125 0.68515625 0.09296875 0.1015625
1 0.89140625 0.70390625 0.06328125 0.1
1 0.8515625 0.73828125 0.07578125 0.10546875
1 0.79765625 0.62578125 0.06171875 0.0984375
1 0.84609375 0.45625 0.078125 0.06171875
1 0.671875 0.26953125 0.0765625 0.115625
1 0.61015625 0.42109375 0.09140625 0.125
1 0.540625 0.378125 0.07734375 0.11875
1 0.32734375 0.2125 0.071875 0.10234375
1 0.31015625 0.3078125 0.07734375 0.10234375
1 0.28125 0.328125 0.046875 0.08125
1 0.48828125 0.5703125 0.07890625 0.10859375
1 0.4140625 0.53828125 0.06875 0.07578125
1 0.49765625 0.48125 0.03125 0.03671875
1 0.71875 0.9015625 0.08203125 0.103125
1 0.5578125 0.88515625 0.0484375 0.0671875
1 0.4015625 0.63984375 0.05625 0.07421875
1 0.29609375 0.59765625 0.071875 0.09609375
1 0.21953125 0.49609375 0.07421875 0.09765625
1 0.11640625 0.62109375 0.05859375 0.0671875
1 0.02421875 0.5265625 0.0484375 0.1
1 0.06796875 0.83125 0.05234375 0.06171875
1 0.503125 0.878125 0.02890625 0.04296875