1 0.08671875 0.69453125 0.1203125 0.0734375
1 0.01484375 0.71796875 0.0296875 0.06015625
1 0.02109375 0.93125 0.03515625 0.04453125
1 0.27734375 0.79296875 0.04453125 0.04296875
1 0.51640625 0.684375 0.09921875 0.09609375
1 0.675 0.49453125 0.2 0.153125
1 0.93359375 0.7609375 0.0421875 0.0890625
1 0.978125 0.90859375 0.04375 0.08984375
1 0.515625 0.5765625 0.07578125 0.1046875
1 0.42265625 0.54375 0.0984375 0.08515625
1 0.73203125 0.346875 0.10390625 0.125
1 0.63515625 0.33515625 0.08984375 0.109375