1 0.93828125 0.478125 0.10078125 0.13359375
1 0.9640625 0.36484375 0.071875 0.11484375
1 0.8046875 0.2984375 0.1328125 0.13125
1 0.63359375 0.246875 0.13125 0.15625
1 0.56015625 0.28984375 0.06953125 0.125
1 0.44453125 0.1203125 0.0953125 0.1265625
1 0.49375 0.165625 0.10234375 0.08359375
1 0.3265625 0.20546875 0.09921875 0.11015625
1 0.34140625 0.3453125 0.096875 0.14453125
1 0.546875 0.196875 0.0484375 0.06171875
1 0.225 0.309375 0.1828125 0.1203125
1 0.1875 0.47734375 0.1515625 0.1046875
1 0.0578125 0.4921875 0.11484375 0.10859375
1 0.2515625 0.66875 0.1234375 0.1515625
1 0.28203125 0.73203125 0.0953125 0.1078125
1 0.19375 0.784375 0.16953125 0.14296875
1 0.04296875 0.696875 0.0859375 0.1015625
1 0.25 0.93125 0.1328125 0.1375
1 0.8140625 0.83046875 0.06640625 0.1015625
1 0.89140625 0.83828125 0.11328125 0.10625
1 0.7859375 0.5921875 0.0890625 0.1
1 0.82734375 0.6 0.05 0.09921875
1 0.89921875 0.590625 0.1078125 0.165625
1 0.64921875 0.62109375 0.08203125 0.13515625
1 0.4859375 0.6796875 0.08125 0.109375
1 0.559375 0.6234375 0.078125 0.0984375