1 0.9640625 0.39140625 0.071875 0.08203125
1 0.890625 0.4421875 0.084375 0.0765625
1 0.64609375 0.36875 0.0984375 0.10625
1 0.6828125 0.303125 0.128125 0.09765625
1 0.59453125 0.284375 0.06484375 0.07109375
1 0.71640625 0.221875 0.05703125 0.1109375
1 0.86015625 0.11171875 0.04609375 0.0671875
1 0.63046875 0.5765625 0.13046875 0.13828125
1 0.5796875 0.46953125 0.07109375 0.07890625
1 0.5484375 0.57265625 0.11015625 0.1359375
1 0.4578125 0.490625 0.0890625 0.071875
1 0.43359375 0.5828125 0.11484375 0.08125
1 0.29296875 0.459375 0.10546875 0.1171875
1 0.22734375 0.4921875 0.103125 0.1234375
1 0.14453125 0.6671875 0.15625 0.1484375
1 0.13984375 0.8140625 0.125 0.15859375
1 0.20859375 0.73671875 0.07578125 0.1328125
1 0.490625 0.28515625 0.11640625 0.09375
1 0.2421875 0.1296875 0.10078125 0.09296875
1 0.8265625 0.64375 0.05859375 0.075