1 0.721875 0.53828125 0.08359375 0.11484375
1 0.7796875 0.51328125 0.0703125 0.10625
1 0.7421875 0.43359375 0.0671875 0.09765625
1 0.8515625 0.3265625 0.09453125 0.13671875
1 0.85390625 0.1734375 0.103125 0.13671875
1 0.78359375 0.27890625 0.0625 0.08984375
1 0.4765625 0.23984375 0.05625 0.096875
1 0.5671875 0.421875 0.07265625 0.0828125
1 0.53671875 0.5046875 0.059375 0.08828125
1 0.56640625 0.57890625 0.0390625 0.059375
1 0.4765625 0.42890625 0.06875 0.1234375
1 0.3765625 0.42890625 0.1046875 0.11015625
1 0.41484375 0.51953125 0.0828125 0.09140625
1 0.34921875 0.63359375 0.09453125 0.10546875
1 0.3125 0.6875 0.06484375 0.0984375
1 0.2796875 0.77421875 0.034375 0.08046875
1 0.5078125 0.71796875 0.059375 0.06953125
1 0.39765625 0.69453125 0.06640625 0.06796875
1 0.1359375 0.884375 0.053125 0.08828125
1 0.0421875 0.61484375 0.0796875 0.06875
1 0.10078125 0.553125 0.0546875 0.06015625
1 0.01171875 0.52734375 0.0234375 0.06640625
1 0.17890625 0.35546875 0.0546875 0.06015625
1 0.25234375 0.93125 0.02421875 0.03984375
1 0.78046875 0.83984375 0.02734375 0.05546875
1 0.17734375 0.9359375 0.03828125 0.053125