1 0.9734375 0.253125 0.053125 0.10390625
1 0.875 0.20546875 0.0609375 0.05859375
1 0.66328125 0.2671875 0.05625 0.075
1 0.703125 0.39609375 0.059375 0.1015625
1 0.56484375 0.36640625 0.0453125 0.05546875
1 0.8375 0.5953125 0.04765625 0.06484375
1 0.96171875 0.70234375 0.034375 0.0609375
1 0.85703125 0.79453125 0.08203125 0.0984375
1 0.628125 0.80703125 0.04765625 0.053125
1 0.5046875 0.90390625 0.071875 0.08125
1 0.2859375 0.6859375 0.065625 0.0765625
1 0.3359375 0.7640625 0.04921875 0.0421875
1 0.31328125 0.55546875 0.034375 0.078125
1 0.20390625 0.55625 0.06171875 0.0625
1 0.17265625 0.60546875 0.04765625 0.0671875
1 0.1078125 0.5890625 0.0640625 0.096875
1 0.40390625 0.21171875 0.04375 0.0890625