1 0.68125 0.26953125 0.06171875 0.08984375
1 0.8765625 0.20234375 0.0515625 0.0671875
1 0.97578125 0.2484375 0.04765625 0.07421875
1 0.57890625 0.359375 0.059375 0.0671875
1 0.4015625 0.20546875 0.040625 0.07265625
1 0.71875 0.40703125 0.0453125 0.07109375
1 0.85390625 0.78828125 0.08203125 0.09140625
1 0.50703125 0.903125 0.065625 0.103125
1 0.290625 0.68671875 0.09609375 0.09609375
1 0.20703125 0.55703125 0.06796875 0.071875
1 0.17578125 0.59765625 0.05859375 0.0890625
1 0.12109375 0.5921875 0.0828125 0.1109375
1 0.9703125 0.71015625 0.0578125 0.05859375
1 0.840625 0.59140625 0.0609375 0.0546875