1 0.04375 0.04296875 0.0875 0.0859375
1 0.10703125 0.08828125 0.1078125 0.084375
1 0.11484375 0.1609375 0.1234375 0.075
1 0.38359375 0.20546875 0.09453125 0.0890625
1 0.47578125 0.2359375 0.10859375 0.10234375
1 0.425 0.2796875 0.1140625 0.12109375
1 0.71796875 0.29609375 0.06484375 0.0890625
1 0.7421875 0.31953125 0.0765625 0.0765625
1 0.70703125 0.359375 0.096875 0.0875
1 0.8875 0.41953125 0.10078125 0.10078125
1 0.85703125 0.47421875 0.09765625 0.09375
1 0.95078125 0.42421875 0.0984375 0.10546875
1 0.92734375 0.47578125 0.07890625 0.090625
1 0.63515625 0.48828125 0.065625 0.06875
1 0.56796875 0.54609375 0.08515625 0.0875
1 0.47109375 0.5375 0.07265625 0.065625
1 0.371875 0.43828125 0.09765625 0.08046875
1 0.22734375 0.428125 0.08671875 0.08046875
1 0.0890625 0.63203125 0.0828125 0.0453125
1 0.12890625 0.715625 0.05 0.04765625
1 0.6953125 0.66328125 0.06796875 0.06640625
1 0.66640625 0.72265625 0.08515625 0.06796875
1 0.7140625 0.7265625 0.04140625 0.0703125
1 0.4765625 0.76484375 0.0625 0.06171875
1 0.49921875 0.8015625 0.0859375 0.08125
1 0.4484375 0.44765625 0.08125 0.078125
1 0.39609375 0.5078125 0.0828125 0.0640625
1 0.6875 0.54453125 0.084375 0.0625