1 0.51875 0.23203125 0.05 0.05625
1 0.5015625 0.19453125 0.08046875 0.0515625
1 0.87109375 0.28125 0.0578125 0.05390625
1 0.7625 0.56953125 0.090625 0.08671875
1 0.6234375 0.5515625 0.1 0.071875
1 0.61328125 0.484375 0.08984375 0.0703125
1 0.52578125 0.46171875 0.07578125 0.07421875
1 0.41640625 0.44140625 0.090625 0.075
1 0.365625 0.5109375 0.0546875 0.0546875
1 0.30390625 0.32265625 0.06328125 0.0515625
1 0.3375 0.28359375 0.0671875 0.0484375
1 0.29765625 0.27109375 0.05703125 0.0390625
1 0.12890625 0.5328125 0.07109375 0.0828125
1 0.115625 0.58515625 0.09765625 0.06953125
1 0.0625 0.52421875 0.0671875 0.08671875
1 0.03046875 0.565625 0.03984375 0.0578125
1 0.24765625 0.68359375 0.09609375 0.05390625
1 0.29921875 0.6890625 0.059375 0.053125
1 0.3 0.56171875 0.05 0.034375
1 0.51171875 0.759375 0.10078125 0.09296875
1 0.5578125 0.71875 0.0703125 0.07578125
1 0.61015625 0.78515625 0.11640625 0.0859375
1 0.88515625 0.8359375 0.0953125 0.0703125
1 0.8765625 0.9078125 0.09453125 0.053125
1 0.95078125 0.95859375 0.0984375 0.0828125
1 0.91796875 0.3640625 0.0703125 0.0546875