1 0.2265625 0.05078125 0.128125 0.1015625
1 0.246875 0.1015625 0.078125 0.0515625
1 0.4734375 0.075 0.13046875 0.1109375
1 0.41484375 0.12421875 0.1 0.08671875
1 0.3828125 0.034375 0.14140625 0.06875
1 0.8046875 0.0625 0.13671875 0.1125
1 0.65390625 0.04140625 0.15546875 0.0828125
1 0.7609375 0.1421875 0.0875 0.06875
1 0.93828125 0.2328125 0.0953125 0.06875
1 0.484375 0.3671875 0.1046875 0.096875
1 0.47109375 0.459375 0.1421875 0.08515625
1 0.278125 0.6171875 0.103125 0.09140625
1 0.06640625 0.60390625 0.084375 0.08046875
1 0.2453125 0.696875 0.0953125 0.08515625
1 0.50703125 0.61796875 0.10703125 0.08671875
1 0.48359375 0.72734375 0.11953125 0.09296875
1 0.49140625 0.6625 0.0390625 0.0421875
1 0.78125 0.68515625 0.1390625 0.109375
1 0.5984375 0.76328125 0.0875 0.06875
1 0.65390625 0.83046875 0.11328125 0.1328125
1 0.71875 0.8328125 0.07265625 0.1109375
1 0.65390625 0.95234375 0.11328125 0.09375
1 0.884375 0.5125 0.1265625 0.11015625
1 0.821875 0.5046875 0.06015625 0.06328125
1 0.80703125 0.44375 0.05703125 0.0859375
1 0.91953125 0.44765625 0.07421875 0.09921875
1 0.978125 0.33984375 0.04375 0.0765625
1 0.8171875 0.2484375 0.0875 0.06796875