1 0.3875 0.08671875 0.06015625 0.0796875
1 0.30625 0.25234375 0.0609375 0.10390625
1 0.3859375 0.2765625 0.06015625 0.08125
1 0.34609375 0.2703125 0.0390625 0.08515625
1 0.38046875 0.50703125 0.07734375 0.09296875
1 0.3375 0.49921875 0.03046875 0.05078125
1 0.27421875 0.47421875 0.0859375 0.084375
1 0.23359375 0.596875 0.07109375 0.08125
1 0.16484375 0.66171875 0.0984375 0.1046875
1 0.1671875 0.7265625 0.08125 0.0484375
1 0.040625 0.65390625 0.05 0.08046875
1 0.3171875 0.77890625 0.0875 0.09921875
1 0.49609375 0.8828125 0.06328125 0.11171875
1 0.48984375 0.81640625 0.0421875 0.03671875
1 0.55234375 0.80546875 0.0640625 0.06796875
1 0.55078125 0.9390625 0.06640625 0.04140625
1 0.76328125 0.946875 0.04609375 0.0796875
1 0.7640625 0.83515625 0.04375 0.06875
1 0.6578125 0.9859375 0.053125 0.028125
1 0.9390625 0.82265625 0.0875 0.10234375
1 0.83828125 0.7421875 0.040625 0.05234375
1 0.965625 0.6859375 0.06875 0.06484375
1 0.53984375 0.47890625 0.06640625 0.1078125
1 0.6046875 0.46171875 0.05859375 0.0546875
1 0.93046875 0.47734375 0.1015625 0.11328125
1 0.96953125 0.37421875 0.0609375 0.1203125
1 0.88984375 0.41484375 0.06875 0.10859375
1 0.94609375 0.23046875 0.08359375 0.10390625
1 0.89375 0.25234375 0.040625 0.06875
1 0.5734375 0.609375 0.03125 0.07578125
1 0.61640625 0.634375 0.04140625 0.04921875
1 0.6390625 0.52578125 0.05546875 0.0328125