1 0.9234375 0.3921875 0.09296875 0.08359375
1 0.73828125 0.3015625 0.0890625 0.084375
1 0.71171875 0.38515625 0.0734375 0.0703125
1 0.5046875 0.38828125 0.0875 0.075
1 0.51875 0.28359375 0.11484375 0.1234375
1 0.34375 0.17109375 0.10625 0.11640625
1 0.40859375 0.24140625 0.09609375 0.09609375
1 0.28359375 0.16484375 0.071875 0.07734375
1 0.346875 0.034375 0.07578125 0.06875
1 0.22265625 0.33046875 0.12578125 0.12578125
1 0.53046875 0.5265625 0.11796875 0.1125
1 0.1234375 0.4875 0.07109375 0.0984375
1 0.2015625 0.528125 0.0890625 0.13203125
1 0.07109375 0.53671875 0.05703125 0.07890625
1 0.06015625 0.76484375 0.06171875 0.0765625
1 0.16328125 0.94609375 0.12890625 0.103125
1 0.32890625 0.95234375 0.06015625 0.0953125
1 0.52421875 0.9296875 0.11015625 0.1078125
1 0.6109375 0.88203125 0.1390625 0.0765625
1 0.6203125 0.9578125 0.14296875 0.084375
1 0.76328125 0.93125 0.12421875 0.11171875
1 0.38203125 0.59453125 0.0703125 0.06171875
1 0.24765625 0.8390625 0.08984375 0.0546875
1 0.58046875 0.6890625 0.0625 0.0703125