1 0.39140625 0.0859375 0.0625 0.08671875
1 0.29765625 0.25546875 0.0703125 0.11015625
1 0.38515625 0.2828125 0.0625 0.08828125
1 0.9359375 0.23828125 0.1109375 0.10703125
1 0.96484375 0.3609375 0.0703125 0.10859375
1 0.93671875 0.4765625 0.1 0.1
1 0.8921875 0.37734375 0.0703125 0.07578125
1 0.9625 0.65546875 0.0734375 0.08671875
1 0.94296875 0.81875 0.0875 0.10859375
1 0.8484375 0.75546875 0.053125 0.08203125
1 0.76015625 0.940625 0.065625 0.0625
1 0.75 0.82421875 0.075 0.0703125
1 0.78671875 0.7 0.04296875 0.0703125
1 0.68828125 0.44765625 0.08515625 0.0828125
1 0.53671875 0.4796875 0.075 0.10546875
1 0.6125 0.4890625 0.059375 0.1203125
1 0.6 0.625 0.0640625 0.075
1 0.32265625 0.78359375 0.09296875 0.12265625
1 0.55078125 0.80859375 0.06484375 0.06171875
1 0.48828125 0.8640625 0.06171875 0.1390625
1 0.55390625 0.928125 0.05234375 0.06015625
1 0.37734375 0.49453125 0.096875 0.09765625
1 0.27265625 0.49140625 0.0921875 0.121875
1 0.24375 0.60390625 0.08046875 0.08984375
1 0.159375 0.68203125 0.08203125 0.15546875
1 0.04296875 0.6578125 0.07109375 0.09140625