1 0.94140625 0.228125 0.10625 0.1078125
1 0.89375 0.24453125 0.04765625 0.05546875
1 0.38671875 0.07890625 0.08046875 0.0921875
1 0.29765625 0.2515625 0.0828125 0.08515625
1 0.38515625 0.28359375 0.0609375 0.075
1 0.346875 0.26875 0.03828125 0.07734375
1 0.965625 0.371875 0.06796875 0.1203125
1 0.93125 0.475 0.09765625 0.1265625
1 0.89921875 0.4015625 0.09765625 0.0859375
1 0.9578125 0.65234375 0.084375 0.071875
1 0.9390625 0.8203125 0.103125 0.1078125
1 0.8484375 0.75390625 0.059375 0.0875
1 0.74375 0.828125 0.07421875 0.0546875
1 0.76796875 0.9421875 0.084375 0.08984375
1 0.55078125 0.80546875 0.07734375 0.0671875
1 0.49296875 0.81953125 0.07421875 0.0421875
1 0.50078125 0.87578125 0.1 0.09609375
1 0.54140625 0.93359375 0.05859375 0.05625
1 0.6609375 0.9859375 0.05234375 0.028125
1 0.321875 0.7828125 0.0890625 0.1078125
1 0.24453125 0.6046875 0.07890625 0.103125
1 0.16796875 0.6578125 0.1125 0.10234375
1 0.1703125 0.7234375 0.11171875 0.053125
1 0.04453125 0.65078125 0.06875 0.07265625
1 0.2765625 0.48125 0.08984375 0.090625
1 0.3328125 0.490625 0.0359375 0.046875
1 0.37265625 0.48984375 0.07890625 0.0828125
1 0.54609375 0.4765625 0.08359375 0.103125
1 0.603125 0.4515625 0.05859375 0.05390625
1 0.596875 0.62578125 0.06796875 0.07734375