1 0.63203125 0.4234375 0.0796875 0.06171875
1 0.6375 0.4671875 0.05859375 0.07421875
1 0.56796875 0.4640625 0.053125 0.0625
1 0.33671875 0.32109375 0.08203125 0.06484375
1 0.2640625 0.32890625 0.07421875 0.08046875
1 0.31796875 0.2515625 0.096875 0.06875
1 0.2546875 0.25078125 0.06640625 0.05234375
1 0.2671875 0.153125 0.075 0.08046875
1 0.428125 0.4890625 0.0984375 0.1125
1 0.43046875 0.625 0.109375 0.09609375
1 0.32265625 0.79140625 0.09609375 0.0875
1 0.34453125 0.86640625 0.1078125 0.1421875
1 0.22421875 0.92109375 0.1171875 0.1390625
1 0.09375 0.80859375 0.1015625 0.10078125
1 0.16796875 0.83125 0.06875 0.103125
1 0.03359375 0.9078125 0.06640625 0.1203125
1 0.4484375 0.740625 0.0703125 0.09765625
1 0.49453125 0.76015625 0.0609375 0.06796875
1 0.4484375 0.809375 0.04921875 0.07578125
1 0.71796875 0.715625 0.0875 0.1171875
1 0.78125 0.67109375 0.0640625 0.103125