1 0.94375 0.04140625 0.1046875 0.0828125
1 0.8859375 0.1375 0.10390625 0.10234375
1 0.90078125 0.26328125 0.08671875 0.11015625
1 0.80546875 0.3015625 0.09453125 0.1265625
1 0.90078125 0.63984375 0.08359375 0.10546875
1 0.85 0.94296875 0.05390625 0.05703125
1 0.78984375 0.93671875 0.0484375 0.08203125
1 0.64921875 0.6875 0.05625 0.075
1 0.61953125 0.78671875 0.04296875 0.08984375
1 0.53515625 0.8 0.11015625 0.1296875
1 0.715625 0.2796875 0.0515625 0.0671875
1 0.64296875 0.4046875 0.1234375 0.134375
1 0.525 0.3828125 0.07578125 0.1203125
1 0.2890625 0.41796875 0.09765625 0.1296875
1 0.2890625 0.5765625 0.1796875 0.1890625
1 0.23828125 0.6953125 0.06953125 0.04375
1 0.07734375 0.309375 0.10234375 0.103125
1 0.08828125 0.4265625 0.08046875 0.06015625
1 0.03828125 0.4921875 0.05 0.07265625
1 0.01875 0.959375 0.0375 0.08125
1 0.54140625 0.96953125 0.115625 0.06015625
1 0.37265625 0.1140625 0.0484375 0.05625