1 0.81796875 0.3046875 0.0890625 0.11640625
1 0.89765625 0.26015625 0.1109375 0.1234375
1 0.884375 0.1234375 0.10390625 0.1328125
1 0.94140625 0.05234375 0.1015625 0.10234375
1 0.71484375 0.2703125 0.059375 0.05859375
1 0.665625 0.4078125 0.07734375 0.125
1 0.609375 0.37890625 0.0875 0.12734375
1 0.53046875 0.38515625 0.07421875 0.1078125
1 0.28515625 0.41328125 0.0796875 0.13671875
1 0.34765625 0.5515625 0.07734375 0.16171875
1 0.265625 0.57109375 0.109375 0.121875
1 0.24140625 0.615625 0.09296875 0.1046875
1 0.05 0.34375 0.06796875 0.071875
1 0.07734375 0.43359375 0.0421875 0.08671875
1 0.04140625 0.490625 0.034375 0.05703125
1 0.503125 0.7921875 0.078125 0.1203125
1 0.571875 0.79765625 0.05 0.1328125
1 0.6171875 0.784375 0.04453125 0.084375
1 0.64375 0.6921875 0.05546875 0.075
1 0.890625 0.64453125 0.03671875 0.0921875
1 0.93046875 0.6296875 0.0484375 0.0734375
1 0.79375 0.921875 0.0671875 0.08203125
1 0.015625 0.9578125 0.03125 0.084375