1 0.9421875 0.053125 0.0984375 0.10546875
1 0.890625 0.13515625 0.10078125 0.10859375
1 0.90078125 0.25703125 0.08203125 0.10859375
1 0.82109375 0.309375 0.08203125 0.10625
1 0.77578125 0.27265625 0.05 0.07734375
1 0.71015625 0.27421875 0.04765625 0.07578125
1 0.6953125 0.34375 0.040625 0.04140625
1 0.90703125 0.6390625 0.084375 0.1078125
1 0.65546875 0.41328125 0.071875 0.12734375
1 0.609375 0.396875 0.09375 0.1171875
1 0.52265625 0.38046875 0.08984375 0.10625
1 0.65234375 0.6796875 0.05078125 0.07421875
1 0.61875 0.7875 0.06015625 0.084375
1 0.56875 0.7953125 0.05234375 0.11875
1 0.51640625 0.79375 0.07734375 0.10546875
1 0.78046875 0.93046875 0.04453125 0.0765625
1 0.8546875 0.940625 0.0640625 0.09296875
1 0.5109375 0.9671875 0.0484375 0.065625
1 0.57734375 0.9703125 0.03515625 0.0453125
1 0.284375 0.41015625 0.09765625 0.13046875
1 0.33671875 0.55078125 0.08203125 0.13125
1 0.271875 0.5703125 0.11171875 0.13046875
1 0.24140625 0.63203125 0.08671875 0.08828125
1 0.23828125 0.690625 0.0640625 0.05078125
1 0.09453125 0.29140625 0.0421875 0.0609375
1 0.05625 0.33828125 0.05 0.06953125
1 0.07578125 0.44765625 0.0578125 0.09453125
1 0.04296875 0.4953125 0.05078125 0.08203125
1 0.0234375 0.94921875 0.0421875 0.1015625