1 0.94609375 0.32109375 0.0890625 0.07578125
1 0.88359375 0.3 0.0609375 0.04921875
1 0.78125 0.4078125 0.0953125 0.06640625
1 0.734375 0.334375 0.05546875 0.08046875
1 0.78046875 0.08359375 0.0828125 0.0484375
1 0.646875 0.36875 0.07265625 0.0734375
1 0.59375 0.378125 0.03984375 0.0671875
1 0.51328125 0.47109375 0.07109375 0.065625
1 0.53984375 0.5296875 0.065625 0.07109375
1 0.503125 0.60234375 0.08359375 0.0875
1 0.41484375 0.58046875 0.0625 0.05546875
1 0.11171875 0.34921875 0.11640625 0.08359375
1 0.2609375 0.29921875 0.0734375 0.05234375
1 0.5078125 0.196875 0.05078125 0.05078125
1 0.94765625 0.94296875 0.0765625 0.0921875
1 0.334375 0.64453125 0.06640625 0.06015625
1 0.365625 0.74296875 0.0484375 0.0546875
1 0.6515625 0.6390625 0.07109375 0.0546875