1 0.971875 0.43671875 0.05546875 0.0890625
1 0.78671875 0.39296875 0.0890625 0.1171875
1 0.8078125 0.30546875 0.05546875 0.06328125
1 0.7625 0.303125 0.04921875 0.04921875
1 0.57890625 0.1578125 0.06875 0.065625
1 0.08125 0.18671875 0.06875 0.09140625
1 0.15 0.434375 0.03359375 0.05859375
1 0.2265625 0.4703125 0.0484375 0.07265625
1 0.24375 0.5484375 0.06484375 0.08671875
1 0.23359375 0.6359375 0.09921875 0.096875
1 0.153125 0.58828125 0.0703125 0.10390625
1 0.03671875 0.6140625 0.07265625 0.1015625
1 0.08515625 0.6125 0.04609375 0.0953125
1 0.1265625 0.6765625 0.0265625 0.05859375
1 0.08359375 0.76640625 0.04296875 0.05546875
1 0.12109375 0.84296875 0.06015625 0.06640625
1 0.4203125 0.71015625 0.07578125 0.10234375
1 0.484375 0.703125 0.053125 0.0671875
1 0.590625 0.5515625 0.065625 0.06953125
1 0.7390625 0.51015625 0.0875 0.09453125
1 0.76171875 0.6328125 0.053125 0.0828125
1 0.68671875 0.6609375 0.071875 0.0890625
1 0.590625 0.87109375 0.0484375 0.0734375
1 0.5609375 0.79453125 0.05625 0.05859375
1 0.53515625 0.884375 0.0515625 0.0828125