1 0.8140625 0.0828125 0.11796875 0.09921875
1 0.39296875 0.0296875 0.12421875 0.05859375
1 0.38359375 0.0859375 0.121875 0.0578125
1 0.45703125 0.24296875 0.10859375 0.084375
1 0.37109375 0.23203125 0.1234375 0.1046875
1 0.2953125 0.415625 0.12109375 0.1046875
1 0.61328125 0.79765625 0.12734375 0.0953125
1 0.484375 0.7328125 0.13203125 0.103125
1 0.33515625 0.675 0.0890625 0.084375
1 0.375 0.76328125 0.08359375 0.05859375
1 0.1234375 0.59375 0.0859375 0.06640625
1 0.12109375 0.53984375 0.0875 0.05859375
1 0.56484375 0.97265625 0.0796875 0.0546875
1 0.15703125 0.12421875 0.0734375 0.06015625