1 0.02890625 0.50390625 0.05703125 0.08671875
1 0.01484375 0.284375 0.0296875 0.0734375
1 0.321875 0.421875 0.04296875 0.0953125
1 0.13828125 0.45078125 0.05859375 0.0734375
1 0.43203125 0.67265625 0.06484375 0.06875
1 0.42265625 0.75703125 0.0671875 0.10390625
1 0.2421875 0.809375 0.07578125 0.09296875
1 0.18125 0.815625 0.05234375 0.04296875
1 0.1625 0.8921875 0.0578125 0.08046875
1 0.35546875 0.96640625 0.0625 0.0609375
1 0.47890625 0.8953125 0.04609375 0.0609375
1 0.30859375 0.90703125 0.034375 0.04765625
1 0.56015625 0.753125 0.0765625 0.109375
1 0.57734375 0.59375 0.0484375 0.06171875
1 0.7125 0.6 0.0375 0.065625
1 0.64375 0.56953125 0.03515625 0.05859375
1 0.49140625 0.1953125 0.08125 0.109375
1 0.4875 0.421875 0.08984375 0.1046875
1 0.45625 0.35546875 0.0546875 0.06953125
1 0.53984375 0.33125 0.08828125 0.11875
1 0.659375 0.4109375 0.06953125 0.08203125
1 0.70546875 0.39921875 0.02890625 0.05
1 0.72734375 0.4421875 0.04765625 0.03515625
1 0.871875 0.346875 0.0453125 0.03515625