1 0.4859375 0.18828125 0.09765625 0.11328125
1 0.53203125 0.328125 0.0984375 0.1265625
1 0.49453125 0.42421875 0.0984375 0.09453125
1 0.4640625 0.35234375 0.06953125 0.06171875
1 0.32578125 0.41796875 0.04921875 0.09765625
1 0.14921875 0.46171875 0.0953125 0.10546875
1 0.0296875 0.49140625 0.059375 0.1109375
1 0.01171875 0.27890625 0.0234375 0.0796875
1 0.6609375 0.409375 0.07890625 0.096875
1 0.86796875 0.346875 0.05546875 0.0515625
1 0.58046875 0.59375 0.0671875 0.08671875
1 0.5640625 0.74765625 0.08203125 0.10703125
1 0.43515625 0.6640625 0.0703125 0.08359375
1 0.421875 0.753125 0.07578125 0.09609375
1 0.48203125 0.89296875 0.06796875 0.06640625
1 0.24765625 0.80546875 0.0796875 0.08984375
1 0.18203125 0.8125 0.05 0.034375
1 0.1640625 0.88046875 0.0453125 0.0734375
1 0.3015625 0.92421875 0.04765625 0.075
1 0.346875 0.95703125 0.05859375 0.08359375
1 0.72265625 0.43515625 0.04765625 0.0796875