1 0.96640625 0.4953125 0.06640625 0.09296875
1 0.98125 0.7109375 0.0375 0.09140625
1 0.85234375 0.52734375 0.09296875 0.1203125
1 0.78046875 0.53203125 0.0828125 0.08671875
1 0.69296875 0.57265625 0.10703125 0.11953125
1 0.5078125 0.80546875 0.10859375 0.12734375
1 0.521875 0.5765625 0.09453125 0.10078125
1 0.4671875 0.66171875 0.11875 0.1109375
1 0.35 0.584375 0.059375 0.09921875
1 0.278125 0.5765625 0.06640625 0.0796875
1 0.5890625 0.2375 0.09609375 0.11640625
1 0.571875 0.31953125 0.0828125 0.0828125
1 0.44296875 0.2375 0.11875 0.1
1 0.4265625 0.39453125 0.07421875 0.06171875
1 0.284375 0.40234375 0.046875 0.0671875
1 0.3578125 0.43125 0.05 0.06640625
1 0.52109375 0.1078125 0.05546875 0.06953125
1 0.65546875 0.0359375 0.0953125 0.071875
1 0.69375 0.07734375 0.05859375 0.07265625
1 0.8453125 0.11328125 0.05234375 0.09609375
1 0.75625 0.1890625 0.07734375 0.0875