1 0.86328125 0.46015625 0.09453125 0.09765625
1 0.7203125 0.28359375 0.12421875 0.10078125
1 0.6203125 0.28125 0.115625 0.09140625
1 0.59921875 0.18671875 0.1 0.09921875
1 0.4484375 0.2859375 0.1015625 0.084375
1 0.44453125 0.3703125 0.11015625 0.07734375
1 0.61484375 0.49765625 0.0890625 0.07109375
1 0.43984375 0.61796875 0.1015625 0.103125
1 0.4578125 0.51796875 0.07890625 0.06796875
1 0.521875 0.60078125 0.08828125 0.0734375
1 0.45859375 0.46171875 0.090625 0.07421875
1 0.29453125 0.45546875 0.07734375 0.07734375
1 0.07109375 0.32578125 0.1046875 0.0734375
1 0.0296875 0.3703125 0.05859375 0.09609375
1 0.3609375 0.76875 0.1359375 0.0953125
1 0.69453125 0.7234375 0.0875 0.084375
1 0.65859375 0.78828125 0.121875 0.0765625
1 0.5703125 0.85625 0.10625 0.0734375
1 0.3734375 0.83125 0.11171875 0.065625
1 0.18046875 0.84296875 0.05703125 0.05234375
1 0.26171875 0.79921875 0.06953125 0.071875
1 0.89375 0.95546875 0.1125 0.084375
1 0.15546875 0.06640625 0.1078125 0.07734375