1 0.728125 0.30546875 0.05390625 0.096875
1 0.7984375 0.34296875 0.05 0.08671875
1 0.46484375 0.13203125 0.07578125 0.0921875
1 0.28359375 0.28203125 0.08203125 0.09296875
1 0.26328125 0.384375 0.07890625 0.10625
1 0.203125 0.396875 0.090625 0.0921875
1 0.29453125 0.54453125 0.04453125 0.09609375
1 0.36640625 0.55234375 0.07734375 0.10078125
1 0.4859375 0.38203125 0.04375 0.07421875
1 0.75625 0.64765625 0.07265625 0.0984375
1 0.8234375 0.62890625 0.0625 0.0921875
1 0.85078125 0.5578125 0.06875 0.0421875
1 0.61015625 0.565625 0.0890625 0.09921875
1 0.59921875 0.48203125 0.05234375 0.065625
1 0.51953125 0.53515625 0.0515625 0.0875
1 0.46875 0.54375 0.046875 0.071875
1 0.4828125 0.6 0.08046875 0.05703125
1 0.4671875 0.70703125 0.09140625 0.06875
1 0.38828125 0.69609375 0.040625 0.05703125
1 0.43359375 0.753125 0.05625 0.0375
1 0.32265625 0.934375 0.059375 0.08515625
1 0.36796875 0.96953125 0.0640625 0.0609375
1 0.425 0.9734375 0.05546875 0.05234375
1 0.85234375 0.41796875 0.06171875 0.0875
1 0.95234375 0.096875 0.07578125 0.084375