1 0.65546875 0.23359375 0.13203125 0.09140625
1 0.63359375 0.17265625 0.09921875 0.071875
1 0.41953125 0.14296875 0.0765625 0.0765625
1 0.35703125 0.20703125 0.12734375 0.065625
1 0.30625 0.26328125 0.11640625 0.08203125
1 0.57265625 0.38046875 0.115625 0.0765625
1 0.48671875 0.39609375 0.09921875 0.06953125
1 0.5234375 0.46328125 0.11875 0.11328125
1 0.56640625 0.62734375 0.10390625 0.090625
1 0.546875 0.53828125 0.06875 0.05546875
1 0.5390625 0.69609375 0.1015625 0.07734375
1 0.3890625 0.72734375 0.121875 0.08203125
1 0.40390625 0.796875 0.1296875 0.0875
1 0.26953125 0.7078125 0.1015625 0.08046875
1 0.13203125 0.5453125 0.13046875 0.10234375
1 0.38203125 0.51015625 0.06015625 0.06328125
1 0.72265625 0.5359375 0.08515625 0.06640625
1 0.609375 0.51328125 0.07265625 0.0640625
1 0.71171875 0.6125 0.084375 0.06640625
1 0.9359375 0.66875 0.0796875 0.0765625
1 0.97578125 0.63125 0.04765625 0.06015625
1 0.81875 0.17734375 0.0578125 0.07578125
1 0.74609375 0.196875 0.05234375 0.06171875
1 0.471875 0.03046875 0.075 0.0609375
1 0.11328125 0.053125 0.09296875 0.09375