1 0.196875 0.40078125 0.06953125 0.0984375
1 0.26640625 0.38359375 0.0890625 0.1171875
1 0.28359375 0.28046875 0.07421875 0.09296875
1 0.4625 0.1390625 0.08125 0.090625
1 0.72421875 0.3078125 0.0578125 0.08515625
1 0.8 0.34609375 0.06328125 0.07265625
1 0.95078125 0.109375 0.0875 0.0796875
1 0.86171875 0.41796875 0.05234375 0.0796875
1 0.48671875 0.38359375 0.0453125 0.07734375
1 0.49453125 0.434375 0.0296875 0.05
1 0.51796875 0.53671875 0.0578125 0.10234375
1 0.4625 0.54140625 0.0453125 0.06328125
1 0.37265625 0.55625 0.07421875 0.10234375
1 0.29375 0.54140625 0.05 0.08984375
1 0.38046875 0.70546875 0.03203125 0.0625
1 0.46015625 0.71640625 0.0578125 0.071875
1 0.61171875 0.56484375 0.08046875 0.11015625
1 0.5984375 0.4890625 0.0453125 0.05234375
1 0.7703125 0.64609375 0.0640625 0.08671875
1 0.82578125 0.6359375 0.07265625 0.1015625
1 0.85078125 0.56015625 0.0703125 0.0578125
1 0.79921875 0.73125 0.0515625 0.0484375
1 0.8359375 0.8078125 0.04140625 0.0546875
1 0.375 0.9734375 0.05625 0.05234375
1 0.32890625 0.9359375 0.0484375 0.06640625
1 0.43046875 0.978125 0.0484375 0.04375
1 0.9703125 0.4703125 0.04765625 0.0375
1 0.0640625 0.80859375 0.0390625 0.0375