1 0.671875 0.159375 0.1390625 0.11328125
1 0.56015625 0.17734375 0.13359375 0.1015625
1 0.5484375 0.11171875 0.0890625 0.071875
1 0.31328125 0.05 0.12578125 0.08203125
1 0.2671875 0.16640625 0.10859375 0.10625
1 0.4484375 0.32890625 0.12890625 0.11796875
1 0.2421875 0.3546875 0.121875 0.1
1 0.334375 0.4453125 0.09765625 0.07734375
1 0.55625 0.678125 0.0875 0.05859375
1 0.7 0.540625 0.0828125 0.1140625
1 0.3265625 0.75234375 0.06171875 0.05703125
1 0.1421875 0.63359375 0.08671875 0.065625
1 0.42890625 0.778125 0.06875 0.0765625