1 0.15859375 0.321875 0.0953125 0.10859375
1 0.17578125 0.44296875 0.10234375 0.115625
1 0.10859375 0.45078125 0.065625 0.09140625
1 0.05703125 0.68359375 0.0828125 0.11640625
1 0.1671875 0.7609375 0.08515625 0.11171875
1 0.3609375 0.74921875 0.06875 0.078125
1 0.334375 0.55546875 0.1046875 0.11796875
1 0.33359375 0.65546875 0.04453125 0.07421875
1 0.44609375 0.66171875 0.07734375 0.090625
1 0.371875 0.43125 0.03671875 0.09140625
1 0.54921875 0.31015625 0.08046875 0.11171875
1 0.49140625 0.4640625 0.0984375 0.12734375
1 0.55390625 0.44609375 0.04140625 0.05
1 0.68203125 0.43984375 0.0484375 0.07890625
1 0.775 0.584375 0.05703125 0.08671875
1 0.7453125 0.66796875 0.04609375 0.07265625
1 0.63515625 0.84453125 0.04765625 0.08671875
1 0.50546875 0.896875 0.05078125 0.05390625
1 0.909375 0.4171875 0.04140625 0.059375