1 0.33203125 0.55625 0.08671875 0.12421875
1 0.18203125 0.4390625 0.09296875 0.10859375
1 0.1640625 0.325 0.08359375 0.10703125
1 0.12109375 0.4578125 0.028125 0.0921875
1 0.05546875 0.6828125 0.0578125 0.11640625
1 0.1734375 0.73359375 0.0671875 0.0703125
1 0.3671875 0.75859375 0.0625 0.08515625
1 0.446875 0.6734375 0.06171875 0.0703125
1 0.33515625 0.6546875 0.021875 0.06875
1 0.74375 0.67265625 0.05625 0.07265625
1 0.78125 0.5828125 0.04765625 0.07109375
1 0.67578125 0.44453125 0.03203125 0.075
1 0.5546875 0.296875 0.0515625 0.05078125
1 0.63515625 0.85078125 0.04921875 0.06875
1 0.51328125 0.89296875 0.03125 0.05546875
1 0.48359375 0.90078125 0.0203125 0.04921875
1 0.9171875 0.41171875 0.03828125 0.05390625
1 0.37265625 0.41875 0.0515625 0.06640625