1 0.48359375 0.2171875 0.0609375 0.06875
1 0.3984375 0.11015625 0.0375 0.05
1 0.4078125 0.1609375 0.015625 0.04453125
1 0.321875 0.3234375 0.0484375 0.06875
1 0.315625 0.39375 0.0453125 0.0578125
1 0.2828125 0.33046875 0.02734375 0.0640625
1 0.37734375 0.484375 0.03515625 0.0421875
1 0.4390625 0.49765625 0.02109375 0.025
1 0.5265625 0.40078125 0.034375 0.03671875
1 0.53046875 0.47265625 0.02578125 0.0328125
1 0.6828125 0.59765625 0.01875 0.025
1 0.6734375 0.503125 0.021875 0.04921875
1 0.9453125 0.33515625 0.03671875 0.04609375
1 0.775 0.1890625 0.03828125 0.04765625
1 0.7765625 0.23671875 0.02890625 0.0359375
1 0.37265625 0.640625 0.02109375 0.04921875
1 0.85546875 0.6484375 0.02265625 0.04296875
1 0.4953125 0.459375 0.02578125 0.03359375
1 0.10390625 0.6421875 0.02578125 0.0390625