1 0.97421875 0.1671875 0.05078125 0.16875
1 0.98203125 0.31796875 0.0359375 0.10625
1 0.63828125 0.4828125 0.13046875 0.15546875
1 0.50390625 0.30078125 0.11875 0.16953125
1 0.4265625 0.071875 0.10625 0.14375
1 0.6796875 0.67109375 0.096875 0.1140625
1 0.43203125 0.65625 0.07734375 0.12890625
1 0.3296875 0.66796875 0.1078125 0.14375
1 0.24921875 0.58125 0.08125 0.08671875
1 0.07421875 0.64765625 0.06328125 0.07109375
1 0.0140625 0.7953125 0.028125 0.1234375
1 0.034375 0.88359375 0.059375 0.08671875
1 0.0125 0.66015625 0.025 0.1140625
1 0.23125 0.6625 0.03046875 0.0609375