1 0.153125 0.3234375 0.11484375 0.1390625
1 0.22890625 0.2546875 0.10625 0.15078125
1 0.06171875 0.321875 0.0796875 0.11875
1 0.21328125 0.45625 0.11171875 0.15390625
1 0.32890625 0.68203125 0.11875 0.1359375
1 0.33515625 0.78515625 0.13671875 0.128125
1 0.3296875 0.896875 0.1203125 0.14375
1 0.64609375 0.7421875 0.11328125 0.096875
1 0.6765625 0.77578125 0.06171875 0.08828125
1 0.67578125 0.8453125 0.05 0.07265625
1 0.75390625 0.85234375 0.05703125 0.10234375
1 0.82734375 0.625 0.05390625 0.075
1 0.86953125 0.665625 0.05859375 0.0703125
1 0.865625 0.50703125 0.09375 0.12109375
1 0.596875 0.21328125 0.078125 0.08359375
1 0.63515625 0.1703125 0.065625 0.0875
1 0.55625 0.4390625 0.0671875 0.103125
1 0.659375 0.31796875 0.07109375 0.075
1 0.58515625 0.55390625 0.0609375 0.10234375
1 0.97578125 0.890625 0.04765625 0.0671875
1 0.0296875 0.45 0.05859375 0.12109375