1 0.6421875 0.1703125 0.0671875 0.07578125
1 0.6 0.21640625 0.0578125 0.08515625
1 0.6453125 0.31640625 0.06796875 0.06171875
1 0.8625 0.50703125 0.06796875 0.11015625
1 0.77734375 0.45 0.07578125 0.0765625
1 0.78046875 0.58515625 0.05390625 0.0796875
1 0.82578125 0.63125 0.05625 0.078125
1 0.878125 0.66875 0.06796875 0.05625
1 0.9796875 0.88984375 0.03984375 0.06328125
1 0.75625 0.8609375 0.0609375 0.07109375
1 0.678125 0.84296875 0.0671875 0.06171875
1 0.63984375 0.73203125 0.08046875 0.0984375
1 0.6828125 0.778125 0.0546875 0.07109375
1 0.328125 0.915625 0.109375 0.1453125
1 0.32421875 0.78359375 0.09765625 0.0984375
1 0.3203125 0.67578125 0.08046875 0.0828125
1 0.20859375 0.48515625 0.0875 0.125
1 0.28125 0.48046875 0.05234375 0.09765625
1 0.55859375 0.54765625 0.05859375 0.09375
1 0.58828125 0.54765625 0.03046875 0.08046875
1 0.6046875 0.45859375 0.03125 0.084375
1 0.6828125 0.490625 0.0546875 0.07265625
1 0.709375 0.52265625 0.04140625 0.06640625
1 0.54140625 0.43046875 0.078125 0.07265625
1 0.23671875 0.26328125 0.10859375 0.14765625
1 0.15625 0.33828125 0.1171875 0.15
1 0.065625 0.33125 0.0828125 0.128125
1 0.02421875 0.45390625 0.04375 0.128125
1 0.9765625 0.18671875 0.046875 0.0515625