1 0.6984375 0.54140625 0.09609375 0.11640625
1 0.76328125 0.64453125 0.08671875 0.13515625
1 0.27265625 0.6703125 0.05390625 0.07421875
1 0.21875 0.721875 0.053125 0.0765625
1 0.1328125 0.68359375 0.06796875 0.09140625
1 0.0765625 0.58671875 0.1046875 0.1109375
1 0.153125 0.57109375 0.0609375 0.053125
1 0.0890625 0.46484375 0.0828125 0.10625
1 0.21171875 0.51640625 0.05546875 0.0921875
1 0.16171875 0.378125 0.05703125 0.07734375
1 0.25078125 0.35390625 0.04296875 0.103125
1 0.2078125 0.90078125 0.0578125 0.06015625