1 0.92734375 0.40546875 0.10625 0.13671875
1 0.90078125 0.52265625 0.13203125 0.1265625
1 0.846875 0.43125 0.07265625 0.0875
1 0.79765625 0.48359375 0.10703125 0.12265625
1 0.87265625 0.31015625 0.07578125 0.128125
1 0.78828125 0.27109375 0.07734375 0.08671875
1 0.7296875 0.34453125 0.071875 0.0796875
1 0.80078125 0.0984375 0.05546875 0.07734375
1 0.2328125 0.34375 0.1296875 0.109375
1 0.290625 0.45078125 0.09609375 0.11015625
1 0.31484375 0.3359375 0.08125 0.07734375
1 0.8484375 0.62890625 0.11328125 0.11953125
1 0.76171875 0.65 0.09921875 0.10390625