1 0.61640625 0.571875 0.065625 0.090625
1 0.565625 0.48515625 0.06953125 0.07265625
1 0.51953125 0.5484375 0.0625 0.07578125
1 0.8828125 0.4296875 0.06484375 0.06328125
1 0.8453125 0.33203125 0.05859375 0.0703125
1 0.7140625 0.053125 0.06875 0.06171875
1 0.17109375 0.13359375 0.06953125 0.06796875
1 0.17265625 0.2859375 0.07265625 0.06796875
1 0.259375 0.44921875 0.0390625 0.05859375
1 0.55625 0.8234375 0.07265625 0.10859375
1 0.54765625 0.921875 0.0875 0.09296875
1 0.4625 0.64375 0.06015625 0.075
1 0.80859375 0.2609375 0.06015625 0.06015625
1 0.82109375 0.12734375 0.05234375 0.05
1 0.346875 0.21484375 0.07578125 0.06015625