1 0.81015625 0.446875 0.0890625 0.06015625
1 0.92265625 0.45 0.09140625 0.0875
1 0.55 0.378125 0.11328125 0.08828125
1 0.49453125 0.43828125 0.08203125 0.084375
1 0.5515625 0.47109375 0.1 0.0765625
1 0.6375 0.53359375 0.04375 0.046875
1 0.42421875 0.11484375 0.08125 0.06796875
1 0.340625 0.159375 0.09921875 0.065625
1 0.26796875 0.18046875 0.05625 0.05
1 0.0484375 0.2890625 0.05859375 0.075
1 0.134375 0.82734375 0.08125 0.0796875
1 0.45390625 0.73984375 0.05390625 0.0375
1 0.2859375 0.8375 0.06484375 0.0671875
1 0.20703125 0.65546875 0.03515625 0.05546875
1 0.35078125 0.465625 0.06171875 0.0390625