1 0.4296875 0.5 0.06875 0.078125
1 0.4796875 0.44453125 0.06640625 0.075
1 0.378125 0.4328125 0.040625 0.0828125
1 0.4359375 0.1828125 0.0578125 0.06640625
1 0.44765625 0.084375 0.04609375 0.08359375
1 0.4796875 0.065625 0.03046875 0.0546875
1 0.82578125 0.86953125 0.06953125 0.09296875
1 0.659375 0.79140625 0.04296875 0.0296875
1 0.47265625 0.6328125 0.02578125 0.04609375
1 0.4375 0.5625 0.04375 0.03046875
1 0.74609375 0.553125 0.025 0.05625
1 0.828125 0.721875 0.034375 0.06875
1 0.2875 0.95 0.05 0.0640625
1 0.175 0.86171875 0.04296875 0.0375
1 0.1890625 0.7421875 0.053125 0.06015625
1 0.15078125 0.665625 0.05234375 0.0640625
1 0.115625 0.58671875 0.04453125 0.053125
1 0.8796875 0.359375 0.04453125 0.0421875
1 0.14375 0.19375 0.046875 0.04375