1 0.8703125 0.17265625 0.0765625 0.0765625
1 0.50703125 0.5734375 0.065625 0.0671875
1 0.45234375 0.5109375 0.07734375 0.07109375
1 0.428125 0.6140625 0.07734375 0.0578125
1 0.6453125 0.534375 0.06328125 0.03828125
1 0.5546875 0.25546875 0.053125 0.0296875
1 0.3671875 0.4578125 0.05234375 0.04453125
1 0.184375 0.56171875 0.096875 0.07578125
1 0.0796875 0.5546875 0.07421875 0.05625
1 0.0609375 0.51875 0.053125 0.028125
1 0.6640625 0.84609375 0.0859375 0.06953125
1 0.56484375 0.878125 0.0734375 0.07421875
1 0.7328125 0.81953125 0.0515625 0.0484375
1 0.94921875 0.70625 0.06953125 0.05
1 0.79609375 0.33125 0.05078125 0.05859375
1 0.7078125 0.1609375 0.0609375 0.06875
1 0.36015625 0.1234375 0.06328125 0.05234375