1 0.978125 0.2265625 0.04375 0.0875
1 0.93984375 0.375 0.10546875 0.10546875
1 0.68359375 0.40078125 0.07890625 0.1421875
1 0.58125 0.36484375 0.10390625 0.14609375
1 0.390625 0.421875 0.08828125 0.11484375
1 0.80625 0.6328125 0.0890625 0.1328125
1 0.7109375 0.640625 0.08515625 0.09921875
1 0.7125 0.74375 0.0609375 0.0890625
1 0.790625 0.75390625 0.07265625 0.10078125
1 0.56484375 0.5828125 0.09375 0.12890625
1 0.48984375 0.62109375 0.0546875 0.11015625
1 0.48046875 0.7625 0.1109375 0.16484375
1 0.46484375 0.90546875 0.09921875 0.1078125
1 0.37890625 0.81328125 0.0609375 0.07265625
1 0.06953125 0.81328125 0.04765625 0.05234375
1 0.83671875 0.0140625 0.03515625 0.01640625
1 0.84453125 0.04921875 0.028125 0.03359375
1 0.8046875 0.0671875 0.01640625 0.02265625
1 0.81171875 0.11953125 0.03046875 0.03359375
1 0.8140625 0.1640625 0.01640625 0.01875
1 0.75625 0.11796875 0.02265625 0.03046875
1 0.90546875 0.14765625 0.028125 0.0234375