1 0.7953125 0.65390625 0.075 0.10703125
1 0.79609375 0.73984375 0.05390625 0.09609375
1 0.71328125 0.64765625 0.075 0.084375
1 0.70703125 0.7171875 0.0453125 0.06796875
1 0.72890625 0.7671875 0.04375 0.05234375
1 0.5609375 0.58515625 0.1 0.115625
1 0.496875 0.61875 0.07421875 0.103125
1 0.4453125 0.64453125 0.0453125 0.07421875
1 0.46796875 0.73828125 0.09609375 0.115625
1 0.4953125 0.80078125 0.075 0.07578125
1 0.46171875 0.90234375 0.09609375 0.1015625
1 0.3796875 0.809375 0.075 0.0578125
1 0.07578125 0.80859375 0.05 0.05625
1 0.39296875 0.41875 0.07890625 0.1171875
1 0.57734375 0.375 0.075 0.121875
1 0.6703125 0.3921875 0.11484375 0.1296875
1 0.9390625 0.36875 0.08203125 0.08828125
1 0.98125 0.20546875 0.0375 0.04609375
1 0.8421875 0.0578125 0.03046875 0.034375
1 0.81640625 0.11484375 0.02890625 0.0328125