1 0.975 0.21953125 0.05 0.0609375
1 0.93671875 0.36875 0.09609375 0.0875
1 0.66953125 0.39375 0.10703125 0.140625
1 0.58515625 0.359375 0.0953125 0.12109375
1 0.38984375 0.4234375 0.0734375 0.103125
1 0.55703125 0.58515625 0.0875 0.12421875
1 0.50234375 0.62265625 0.06640625 0.11875
1 0.8015625 0.64375 0.07890625 0.10390625
1 0.77890625 0.734375 0.078125 0.0984375
1 0.72421875 0.76796875 0.04375 0.04609375
1 0.70703125 0.72421875 0.0546875 0.06484375
1 0.71796875 0.65 0.07578125 0.08515625
1 0.68828125 0.79140625 0.0296875 0.0390625
1 0.4625 0.709375 0.09765625 0.18125
1 0.49375 0.79765625 0.06796875 0.10546875
1 0.46015625 0.9046875 0.07578125 0.1140625
1 0.3703125 0.80625 0.0703125 0.06875
1 0.07109375 0.8078125 0.05234375 0.04921875
1 0.84296875 0.04453125 0.028125 0.03046875
1 0.81171875 0.1046875 0.01875 0.01640625
1 0.83984375 0.0671875 0.021875 0.0171875
1 0.81328125 0.16015625 0.021875 0.02109375
1 0.84140625 0.00859375 0.025 0.0171875