1 0.67265625 0.390625 0.11328125 0.134375
1 0.5859375 0.3625 0.11015625 0.1203125
1 0.38984375 0.4265625 0.09609375 0.1
1 0.56171875 0.58515625 0.1 0.128125
1 0.503125 0.61640625 0.078125 0.10625
1 0.4390625 0.6390625 0.07265625 0.07578125
1 0.46328125 0.74453125 0.11015625 0.12265625
1 0.49296875 0.8 0.084375 0.09453125
1 0.46171875 0.8921875 0.08125 0.11796875
1 0.4203125 0.82734375 0.03515625 0.046875
1 0.3671875 0.8125 0.08359375 0.059375
1 0.07421875 0.8078125 0.0515625 0.05546875
1 0.70703125 0.640625 0.0859375 0.0953125
1 0.71171875 0.7171875 0.06953125 0.07265625
1 0.72734375 0.759375 0.0359375 0.05
1 0.7828125 0.73671875 0.078125 0.11171875
1 0.78984375 0.65 0.08125 0.10390625
1 0.9375 0.3578125 0.10390625 0.10078125
1 0.9734375 0.209375 0.053125 0.04921875