1 0.9765625 0.4765625 0.046875 0.071875
1 0.96953125 0.56171875 0.0609375 0.0703125
1 0.9890625 0.62421875 0.021875 0.078125
1 0.70625 0.46875 0.03515625 0.06953125
1 0.58515625 0.52109375 0.07265625 0.0796875
1 0.6078125 0.5703125 0.05078125 0.071875
1 0.7953125 0.809375 0.065625 0.0796875
1 0.7734375 0.8359375 0.040625 0.04765625
1 0.9890625 0.8234375 0.021875 0.04609375
1 0.9765625 0.87421875 0.046875 0.0671875
1 0.39609375 0.60234375 0.028125 0.0609375
1 0.2609375 0.5890625 0.046875 0.06015625
1 0.07109375 0.5953125 0.0578125 0.06484375
1 0.03828125 0.5515625 0.071875 0.0609375
1 0.02578125 0.6109375 0.04609375 0.08671875
1 0.0890625 0.47109375 0.05859375 0.06015625
1 0.17578125 0.41875 0.05859375 0.07109375
1 0.11640625 0.37578125 0.05859375 0.09140625
1 0.1484375 0.053125 0.06171875 0.06484375