1 0.97421875 0.48203125 0.0515625 0.0765625
1 0.97109375 0.59453125 0.05703125 0.14140625
1 0.98046875 0.8546875 0.03828125 0.10703125
1 0.78515625 0.82578125 0.0734375 0.078125
1 0.709375 0.475 0.04296875 0.04609375
1 0.5859375 0.54453125 0.09765625 0.11328125
1 0.38359375 0.60234375 0.03203125 0.06484375
1 0.26171875 0.59296875 0.0546875 0.05390625
1 0.08671875 0.61328125 0.0625 0.06484375
1 0.0328125 0.54296875 0.065625 0.0609375
1 0.025 0.61484375 0.04921875 0.07109375
1 0.08984375 0.46875 0.065625 0.0609375
1 0.18046875 0.4265625 0.0671875 0.06875
1 0.109375 0.38515625 0.059375 0.084375
1 0.1546875 0.05390625 0.0546875 0.0796875
1 0.72265625 0.9 0.046875 0.05859375