1 0.63359375 0.37578125 0.14140625 0.13671875
1 0.61015625 0.23828125 0.1328125 0.11796875
1 0.52109375 0.3109375 0.11953125 0.10703125
1 0.61640625 0.0671875 0.06953125 0.0890625
1 0.7953125 0.5578125 0.08671875 0.0734375
1 0.90546875 0.5734375 0.115625 0.09375
1 0.78828125 0.65078125 0.0984375 0.07265625
1 0.734375 0.48984375 0.08203125 0.0828125
1 0.2609375 0.5375 0.121875 0.11796875
1 0.31875 0.73984375 0.0984375 0.08125
1 0.3296875 0.8109375 0.07265625 0.06875
1 0.25234375 0.884375 0.12109375 0.0921875
1 0.28828125 0.9734375 0.14921875 0.05234375
1 0.403125 0.9734375 0.103125 0.05234375
1 0.04609375 0.403125 0.0921875 0.1
1 0.37734375 0.3703125 0.07265625 0.0828125