1 0.95703125 0.6078125 0.08515625 0.09921875
1 0.75078125 0.465625 0.125 0.1078125
1 0.7296875 0.559375 0.09453125 0.07109375
1 0.63828125 0.62734375 0.05546875 0.084375
1 0.47421875 0.68984375 0.1109375 0.103125
1 0.3796875 0.74921875 0.1296875 0.1
1 0.37109375 0.62890625 0.10234375 0.1296875
1 0.2609375 0.50625 0.09453125 0.09375
1 0.21171875 0.44765625 0.13046875 0.08828125
1 0.20625 0.3578125 0.09765625 0.09453125
1 0.0921875 0.43203125 0.1 0.07890625
1 0.68046875 0.26328125 0.08125 0.07578125
1 0.66875 0.20078125 0.06328125 0.06796875
1 0.75078125 0.10625 0.11484375 0.08828125
1 0.709375 0.0296875 0.153125 0.059375
1 0.3890625 0.92890625 0.084375 0.08515625