1 0.553125 0.78671875 0.05546875 0.0625
1 0.53671875 0.81875 0.04453125 0.06328125
1 0.3703125 0.6328125 0.084375 0.090625
1 0.3953125 0.4765625 0.05 0.08203125
1 0.4375 0.5390625 0.06953125 0.05703125
1 0.35234375 0.33203125 0.05859375 0.075
1 0.325 0.334375 0.0375 0.053125
1 0.228125 0.3859375 0.05078125 0.0453125
1 0.321875 0.89375 0.046875 0.046875
1 0.3734375 0.78046875 0.03671875 0.0546875
1 0.20625 0.80390625 0.04375 0.0484375
1 0.0796875 0.88984375 0.053125 0.0546875
1 0.03359375 0.90625 0.040625 0.06171875