1 0.63515625 0.375 0.0546875 0.0765625
1 0.62265625 0.209375 0.0296875 0.04375
1 0.6828125 0.10703125 0.03828125 0.03671875
1 0.4671875 0.18125 0.03984375 0.0515625
1 0.453125 0.2203125 0.04140625 0.05546875
1 0.925 0.12421875 0.03203125 0.04375
1 0.81484375 0.10703125 0.03046875 0.015625
1 0.84375 0.06640625 0.028125 0.03984375
1 0.6046875 0.53515625 0.03515625 0.05
1 0.56015625 0.46484375 0.02734375 0.06875
1 0.65546875 0.6734375 0.02578125 0.0328125
1 0.671875 0.678125 0.01640625 0.02109375
1 0.7640625 0.61171875 0.01953125 0.04765625
1 0.80234375 0.63359375 0.0421875 0.0546875
1 0.93359375 0.5203125 0.0328125 0.0359375
1 0.87265625 0.3078125 0.034375 0.0375