1 0.640625 0.3734375 0.0453125 0.075
1 0.93046875 0.12265625 0.025 0.03984375
1 0.44765625 0.21875 0.02421875 0.0453125
1 0.46015625 0.18203125 0.02734375 0.04765625
1 0.67734375 0.678125 0.0171875 0.05234375
1 0.65390625 0.66640625 0.02890625 0.046875
1 0.77421875 0.6125 0.02890625 0.0546875
1 0.6 0.53203125 0.0171875 0.071875
1 0.56640625 0.4765625 0.03125 0.06328125
1 0.62265625 0.2078125 0.01953125 0.04140625
1 0.6140625 0.24296875 0.0203125 0.0359375
1 0.6828125 0.1109375 0.028125 0.0515625
1 0.821875 0.11484375 0.02578125 0.03671875
1 0.8453125 0.0796875 0.0140625 0.0421875
1 0.89609375 0.0453125 0.01484375 0.03125
1 0.93671875 0.5203125 0.015625 0.04765625
1 0.8796875 0.31171875 0.02578125 0.03515625
1 0.728125 0.30859375 0.0234375 0.046875
1 0.290625 0.1296875 0.025 0.0359375
1 0.796875 0.1984375 0.03359375 0.04453125
1 0.90390625 0.5421875 0.02578125 0.0296875
1 0.75546875 0.56484375 0.01796875 0.0296875