1 0.44296875 0.653125 0.0546875 0.07421875
1 0.36171875 0.68046875 0.0484375 0.07109375
1 0.671875 0.52109375 0.090625 0.11640625
1 0.68359375 0.70078125 0.078125 0.10234375
1 0.665625 0.6109375 0.078125 0.065625
1 0.57734375 0.61171875 0.0703125 0.07109375
1 0.59609375 0.68984375 0.08125 0.1171875
1 0.73828125 0.8015625 0.0359375 0.0421875
1 0.9671875 0.97109375 0.059375 0.04296875
1 0.4703125 0.0921875 0.0421875 0.06796875
1 0.90546875 0.44296875 0.0375 0.0265625
1 0.2859375 0.30390625 0.078125 0.07265625
1 0.15859375 0.378125 0.04140625 0.04921875