1 0.7984375 0.453125 0.09765625 0.12578125
1 0.8515625 0.64375 0.09765625 0.1234375
1 0.9421875 0.6203125 0.09296875 0.1125
1 0.70078125 0.625 0.0953125 0.1234375
1 0.4109375 0.653125 0.08046875 0.1046875
1 0.48203125 0.46328125 0.09921875 0.0984375
1 0.26484375 0.359375 0.065625 0.125
1 0.21015625 0.365625 0.08984375 0.10625
1 0.16171875 0.32734375 0.05078125 0.06015625
1 0.3484375 0.634375 0.04140625 0.07734375
1 0.24453125 0.68203125 0.0578125 0.10390625
1 0.1828125 0.76328125 0.0828125 0.06875
1 0.22265625 0.88359375 0.05546875 0.0640625
1 0.11640625 0.9078125 0.05625 0.0640625
1 0.1234375 0.83671875 0.04453125 0.06171875
1 0.16953125 0.70625 0.034375 0.08359375