1 0.790625 0.45 0.08828125 0.11640625
1 0.9375 0.6078125 0.11484375 0.15078125
1 0.8453125 0.64296875 0.1046875 0.125
1 0.69296875 0.62734375 0.096875 0.1375
1 0.47265625 0.46171875 0.1015625 0.109375
1 0.41328125 0.6515625 0.09765625 0.1078125
1 0.41875 0.5640625 0.08671875 0.090625
1 0.346875 0.625 0.04453125 0.084375
1 0.2640625 0.36328125 0.06640625 0.11640625
1 0.21015625 0.36015625 0.0828125 0.1015625
1 0.16484375 0.32734375 0.04609375 0.0796875
1 0.25 0.6796875 0.07265625 0.1140625
1 0.17109375 0.7 0.03984375 0.07890625
1 0.1859375 0.76953125 0.08671875 0.05703125
1 0.2234375 0.87109375 0.04609375 0.0875
1 0.13125 0.834375 0.0671875 0.06171875
1 0.1125 0.903125 0.065625 0.0625