1 0.64765625 0.2375 0.025 0.04296875
1 0.7625 0.1421875 0.0265625 0.05703125
1 0.5609375 0.221875 0.05078125 0.06875
1 0.528125 0.22578125 0.03046875 0.0671875
1 0.4328125 0.628125 0.04296875 0.07265625
1 0.35078125 0.62578125 0.0390625 0.0546875
1 0.33046875 0.4484375 0.0390625 0.03359375
1 0.3421875 0.38984375 0.04453125 0.0625
1 0.3390625 0.49921875 0.0390625 0.0375
1 0.76015625 0.58828125 0.02734375 0.046875
1 0.7671875 0.54375 0.03125 0.0453125
1 0.5953125 0.58359375 0.01640625 0.0453125
1 0.53359375 0.8484375 0.040625 0.046875
1 0.9796875 0.48203125 0.03046875 0.0328125