1 0.8640625 0.60703125 0.1546875 0.19375
1 0.853125 0.7765625 0.13203125 0.1546875
1 0.7734375 0.84921875 0.14453125 0.1703125
1 0.7578125 0.53046875 0.12421875 0.1734375
1 0.3703125 0.24296875 0.15859375 0.22265625
1 0.234375 0.328125 0.2015625 0.1640625
1 0.0921875 0.37890625 0.184375 0.20234375
1 0.0515625 0.1140625 0.103125 0.22734375
1 0.22578125 0.18046875 0.11015625 0.15625
1 0.0875 0.9015625 0.11640625 0.1640625
1 0.596875 0.44609375 0.10078125 0.14921875
1 0.50078125 0.296875 0.12265625 0.159375
1 0.6359375 0.646875 0.0671875 0.14453125