1 0.6640625 0.5515625 0.196875 0.221875
1 0.778125 0.36953125 0.1421875 0.19375
1 0.8234375 0.4890625 0.11015625 0.1125
1 0.8640625 0.36796875 0.05859375 0.153125
1 0.77265625 0.2015625 0.159375 0.178125
1 0.69765625 0.1421875 0.15234375 0.175
1 0.61015625 0.23203125 0.1 0.1375
1 0.55859375 0.11484375 0.103125 0.1265625
1 0.3765625 0.43984375 0.12265625 0.1421875
1 0.2765625 0.37265625 0.12734375 0.146875
1 0.35859375 0.71015625 0.1203125 0.18125
1 0.2234375 0.78359375 0.2125 0.184375
1 0.053125 0.41171875 0.10625 0.1609375
1 0.0375 0.20234375 0.075 0.16953125
1 0.67421875 0.87734375 0.08984375 0.11015625