1 0.7703125 0.2046875 0.19140625 0.2203125
1 0.6328125 0.27265625 0.125 0.14921875
1 0.73046875 0.6140625 0.1546875 0.1859375
1 0.62265625 0.54375 0.1046875 0.13203125
1 0.35703125 0.440625 0.20234375 0.27109375
1 0.18125 0.503125 0.1234375 0.12890625
1 0.22734375 0.615625 0.15078125 0.19375
1 0.13203125 0.60390625 0.0828125 0.128125
1 0.30234375 0.8671875 0.171875 0.20234375
1 0.2234375 0.784375 0.1484375 0.1484375
1 0.378125 0.765625 0.1265625 0.13203125
1 0.4484375 0.8359375 0.1453125 0.18671875
1 0.9421875 0.57734375 0.115625 0.1546875
1 0.96484375 0.79140625 0.0703125 0.1640625