1 0.81953125 0.2875 0.10078125 0.0796875
1 0.73046875 0.22890625 0.0921875 0.12265625
1 0.6359375 0.28046875 0.1390625 0.128125
1 0.63828125 0.8265625 0.1921875 0.25625
1 0.5609375 0.65703125 0.12578125 0.18828125
1 0.396875 0.75 0.1765625 0.21875
1 0.51171875 0.46171875 0.178125 0.24609375
1 0.3296875 0.453125 0.16953125 0.2328125
1 0.25234375 0.68046875 0.140625 0.1640625
1 0.3875 0.19609375 0.08515625 0.16328125
1 0.1859375 0.13828125 0.14609375 0.16796875
1 0.2828125 0.2375 0.1125 0.13125
1 0.4234375 0.11484375 0.0734375 0.07265625