1 0.7890625 0.5109375 0.15546875 0.19453125
1 0.86796875 0.59140625 0.1125 0.1453125
1 0.6625 0.88125 0.1828125 0.2375
1 0.4921875 0.734375 0.0828125 0.1296875
1 0.3875 0.91796875 0.1609375 0.1640625
1 0.55390625 0.8296875 0.0828125 0.146875
1 0.89609375 0.771875 0.0640625 0.06796875
1 0.55703125 0.28984375 0.0921875 0.11640625
1 0.50234375 0.35546875 0.07578125 0.1015625
1 0.221875 0.31875 0.084375 0.12421875
1 0.1078125 0.51328125 0.07734375 0.1265625
1 0.265625 0.92421875 0.06484375 0.12265625
1 0.59375 0.4171875 0.04921875 0.05546875