1 0.78984375 0.5109375 0.12890625 0.20859375
1 0.87109375 0.58671875 0.09921875 0.1421875
1 0.88203125 0.6703125 0.040625 0.04296875
1 0.89375 0.765625 0.06015625 0.07421875
1 0.6609375 0.88828125 0.19140625 0.22265625
1 0.665625 0.76015625 0.1046875 0.07265625
1 0.49296875 0.72265625 0.10078125 0.12578125
1 0.38828125 0.91640625 0.16796875 0.1671875
1 0.27578125 0.909375 0.0921875 0.1375
1 0.21796875 0.315625 0.08828125 0.14453125
1 0.4921875 0.35 0.09296875 0.10625
1 0.56015625 0.2796875 0.09609375 0.12109375
1 0.10546875 0.51171875 0.0875 0.1359375
1 0.6203125 0.10078125 0.06171875 0.06640625