1 0.79375 0.51796875 0.17421875 0.2078125
1 0.86953125 0.59765625 0.11953125 0.17578125
1 0.89375 0.76796875 0.06796875 0.071875
1 0.65078125 0.88359375 0.1953125 0.2328125
1 0.665625 0.76875 0.13984375 0.12734375
1 0.5140625 0.784375 0.16484375 0.22421875
1 0.39296875 0.92265625 0.18515625 0.1546875
1 0.271875 0.9078125 0.09453125 0.15234375
1 0.55859375 0.2859375 0.0984375 0.1203125
1 0.48828125 0.36171875 0.0875 0.11328125
1 0.31953125 0.34765625 0.075 0.11953125
1 0.2140625 0.32109375 0.090625 0.146875
1 0.103125 0.49375 0.14765625 0.18515625
1 0.625 0.11015625 0.06796875 0.10234375