1 0.3984375 0.25859375 0.18828125 0.15703125
1 0.59140625 0.3484375 0.340625 0.2359375
1 0.7625 0.275 0.25546875 0.18515625
1 0.809375 0.10078125 0.1515625 0.1140625
1 0.7921875 0.04453125 0.184375 0.0890625
1 0.6203125 0.03515625 0.13046875 0.0703125
1 0.9046875 0.6078125 0.12421875 0.1140625
1 0.40859375 0.55 0.225 0.175
1 0.41953125 0.64921875 0.20390625 0.13984375
1 0.2078125 0.63125 0.17578125 0.14140625
1 0.22421875 0.89609375 0.10625 0.1265625
1 0.03359375 0.8921875 0.06640625 0.10390625
1 0.98125 0.6828125 0.0375 0.15859375