1 0.5203125 0.1265625 0.11171875 0.13359375
1 0.33828125 0.22109375 0.09609375 0.115625
1 0.4796875 0.27265625 0.084375 0.10078125
1 0.521875 0.46328125 0.1109375 0.1359375
1 0.46875 0.5765625 0.159375 0.1484375
1 0.39296875 0.471875 0.11953125 0.1421875
1 0.62421875 0.51484375 0.11171875 0.12578125
1 0.65390625 0.64609375 0.140625 0.15390625
1 0.6625 0.7671875 0.1203125 0.125
1 0.54765625 0.8453125 0.10859375 0.13046875
1 0.04921875 0.5671875 0.09765625 0.15078125
1 0.2328125 0.41015625 0.10234375 0.146875
1 0.015625 0.434375 0.03125 0.115625
1 0.80078125 0.8890625 0.0703125 0.10078125
1 0.82578125 0.9734375 0.078125 0.05234375
1 0.034375 0.34765625 0.06796875 0.1203125