1 0.521875 0.14609375 0.16953125 0.1625
1 0.478125 0.28515625 0.12421875 0.13671875
1 0.33984375 0.21796875 0.109375 0.125
1 0.396875 0.4765625 0.121875 0.140625
1 0.52578125 0.42421875 0.128125 0.159375
1 0.621875 0.51328125 0.0921875 0.1078125
1 0.484375 0.57578125 0.20078125 0.16796875
1 0.6421875 0.646875 0.15859375 0.203125
1 0.671875 0.7796875 0.14921875 0.128125
1 0.53359375 0.8578125 0.1703125 0.16640625
1 0.23671875 0.41328125 0.13203125 0.14765625
1 0.053125 0.571875 0.10625 0.1546875
1 0.01796875 0.4515625 0.0359375 0.10625
1 0.80234375 0.8859375 0.10625 0.1171875
1 0.04765625 0.33984375 0.084375 0.10703125