1 0.35 0.6546875 0.19296875 0.15
1 0.49296875 0.62578125 0.13203125 0.11875
1 0.4203125 0.46484375 0.16796875 0.16015625
1 0.175 0.53984375 0.1796875 0.1609375
1 0.22109375 0.6625 0.1015625 0.13359375
1 0.86171875 0.5078125 0.19765625 0.14375
1 0.703125 0.45859375 0.13125 0.1421875
1 0.775 0.321875 0.14140625 0.10234375
1 0.596875 0.23046875 0.153125 0.128125
1 0.43203125 0.05546875 0.1828125 0.1109375
1 0.56015625 0.0125 0.12265625 0.025
1 0.65625 0.03984375 0.10625 0.07890625
1 0.521875 0.3890625 0.13203125 0.11484375
1 0.5671875 0.5296875 0.1640625 0.134375
1 0.115625 0.796875 0.125 0.0875
1 0.03046875 0.81171875 0.0609375 0.0953125