1 0.9453125 0.4265625 0.109375 0.17890625
1 0.97734375 0.52890625 0.0453125 0.121875
1 0.76640625 0.57734375 0.125 0.14453125
1 0.67421875 0.75625 0.09453125 0.134375
1 0.4828125 0.8453125 0.121875 0.16796875
1 0.60546875 0.5171875 0.11171875 0.17421875
1 0.534375 0.70078125 0.17265625 0.1296875
1 0.53125 0.41171875 0.18203125 0.1609375
1 0.4671875 0.5515625 0.1828125 0.16171875
1 0.3671875 0.4765625 0.1265625 0.140625
1 0.33828125 0.34375 0.15390625 0.190625
1 0.44453125 0.32421875 0.0953125 0.103125
1 0.47109375 0.1515625 0.1421875 0.21015625
1 0.32734375 0.2015625 0.153125 0.15078125
1 0.20390625 0.09921875 0.11484375 0.12109375
1 0.17421875 0.021875 0.08125 0.04375