1 0.5015625 0.1375 0.14609375 0.1578125
1 0.34375 0.23515625 0.109375 0.14453125
1 0.459375 0.29921875 0.128125 0.15625
1 0.52734375 0.42890625 0.1296875 0.15859375
1 0.6296875 0.5125 0.078125 0.10234375
1 0.65625 0.653125 0.14453125 0.17109375
1 0.6484375 0.77421875 0.13203125 0.10703125
1 0.540625 0.83203125 0.14296875 0.19609375
1 0.79609375 0.89296875 0.08984375 0.0953125
1 0.82578125 0.9703125 0.0875 0.059375
1 0.4640625 0.57890625 0.16796875 0.165625
1 0.54296875 0.67734375 0.07265625 0.08203125
1 0.39453125 0.4625 0.11328125 0.1453125
1 0.23828125 0.41640625 0.1125 0.14296875
1 0.05234375 0.5609375 0.10390625 0.159375
1 0.01328125 0.4515625 0.0265625 0.115625
1 0.04140625 0.3265625 0.07734375 0.140625
1 0.15390625 0.74140625 0.06328125 0.071875