1 0.65859375 0.653125 0.1390625 0.19296875
1 0.6640625 0.77421875 0.11484375 0.09296875
1 0.56875 0.84140625 0.071875 0.1171875
1 0.5484375 0.66640625 0.07734375 0.07421875
1 0.47109375 0.57421875 0.1421875 0.146875
1 0.628125 0.5109375 0.07890625 0.10078125
1 0.52734375 0.45625 0.1203125 0.084375
1 0.3984375 0.46171875 0.10859375 0.1265625
1 0.22890625 0.41328125 0.096875 0.12265625
1 0.53671875 0.1203125 0.0875 0.1234375
1 0.49453125 0.2796875 0.07265625 0.065625
1 0.32421875 0.22109375 0.07421875 0.14375
1 0.79609375 0.87734375 0.07265625 0.09609375
1 0.8234375 0.978125 0.07734375 0.04375
1 0.05390625 0.565625 0.10703125 0.14765625
1 0.01875 0.44765625 0.0375 0.0859375
1 0.04296875 0.34140625 0.0640625 0.07265625