1 0.18515625 0.65546875 0.06796875 0.13984375
1 0.27109375 0.63046875 0.07578125 0.153125
1 0.43125 0.65703125 0.05390625 0.10390625
1 0.44296875 0.57890625 0.078125 0.08515625
1 0.4890625 0.4828125 0.11953125 0.0671875
1 0.65859375 0.8 0.1125 0.19921875
1 0.73828125 0.85859375 0.134375 0.16015625
1 0.83359375 0.91015625 0.1375 0.1796875
1 0.965625 0.52734375 0.06875 0.10703125
1 0.4796875 0.2984375 0.1015625 0.11171875
1 0.13515625 0.54765625 0.04765625 0.0765625
1 0.6609375 0.33515625 0.059375 0.13984375
1 0.6765625 0.20234375 0.05078125 0.06171875
1 0.6015625 0.04765625 0.096875 0.0546875