1 0.66171875 0.79765625 0.1453125 0.22265625
1 0.74296875 0.853125 0.115625 0.15234375
1 0.8359375 0.91796875 0.1359375 0.1640625
1 0.953125 0.52890625 0.09296875 0.121875
1 0.48203125 0.53203125 0.1265625 0.16640625
1 0.43515625 0.67265625 0.0703125 0.1109375
1 0.190625 0.653125 0.0875 0.15234375
1 0.2703125 0.625 0.08203125 0.14375
1 0.47734375 0.29140625 0.1015625 0.11796875
1 0.67734375 0.19921875 0.046875 0.07734375
1 0.1359375 0.55703125 0.08046875 0.071875
1 0.65234375 0.35078125 0.05625 0.1125