1 0.90859375 0.24453125 0.16875 0.18828125
1 0.9171875 0.421875 0.165625 0.15859375
1 0.91484375 0.62890625 0.1015625 0.1359375
1 0.94921875 0.55703125 0.05859375 0.08828125
1 0.71015625 0.08203125 0.1359375 0.1640625
1 0.48671875 0.35703125 0.184375 0.1578125
1 0.453125 0.553125 0.15390625 0.13828125
1 0.10546875 0.54921875 0.1359375 0.1421875
1 0.271875 0.76328125 0.0796875 0.09609375
1 0.16015625 0.9375 0.14921875 0.12421875
1 0.02109375 0.9265625 0.03125 0.12421875
1 0.34296875 0.75234375 0.03515625 0.06328125