1 0.37265625 0.41015625 0.0515625 0.05078125
1 0.41796875 0.39765625 0.06328125 0.05234375
1 0.2984375 0.209375 0.053125 0.04921875
1 0.2359375 0.2625 0.05546875 0.04921875
1 0.2703125 0.3203125 0.04453125 0.03046875
1 0.27265625 0.4484375 0.05 0.046875
1 0.425 0.57734375 0.0828125 0.06484375
1 0.396875 0.603125 0.07421875 0.04140625
1 0.40234375 0.6265625 0.06328125 0.0515625
1 0.4125 0.8390625 0.084375 0.0765625
1 0.47734375 0.81328125 0.05390625 0.05703125
1 0.3203125 0.88359375 0.06015625 0.0640625
1 0.525 0.78203125 0.053125 0.04765625
1 0.58125 0.7609375 0.04765625 0.04296875
1 0.60859375 0.715625 0.06484375 0.03125
1 0.72578125 0.6359375 0.03828125 0.0328125
1 0.81640625 0.671875 0.04453125 0.05078125
1 0.5140625 0.3234375 0.0578125 0.04765625
1 0.56875 0.259375 0.03828125 0.053125
1 0.47578125 0.015625 0.03984375 0.02421875
1 0.39375 0.021875 0.04921875 0.04375
1 0.7640625 0.12109375 0.0609375 0.04296875
1 0.134375 0.48828125 0.05 0.04140625
1 0.22578125 0.190625 0.04140625 0.0375
1 0.15390625 0.13125 0.04609375 0.03203125
1 0.190625 0.0703125 0.05625 0.03203125