1 0.58046875 0.37421875 0.05234375 0.05859375
1 0.5984375 0.39921875 0.0671875 0.05
1 0.584375 0.4265625 0.0484375 0.04609375
1 0.665625 0.11875 0.07265625 0.0703125
1 0.584375 0.1734375 0.0859375 0.06171875
1 0.5296875 0.1890625 0.07265625 0.04609375
1 0.471875 0.21484375 0.0640625 0.04296875
1 0.421875 0.24140625 0.04921875 0.0375
1 0.403125 0.28359375 0.06953125 0.05859375
1 0.17578125 0.32734375 0.053125 0.03359375
1 0.6265625 0.57734375 0.0796875 0.06484375
1 0.58671875 0.58359375 0.04765625 0.03984375
1 0.74375 0.6734375 0.046875 0.03359375
1 0.7609375 0.72734375 0.05 0.0453125
1 0.709375 0.76640625 0.0328125 0.03828125
1 0.72578125 0.53515625 0.059375 0.04375