1 0.5828125 0.38046875 0.034375 0.05546875
1 0.59921875 0.409375 0.0359375 0.04921875
1 0.3921875 0.38359375 0.021875 0.0609375
1 0.42265625 0.4015625 0.04453125 0.065625
1 0.3671875 0.41953125 0.04140625 0.08046875
1 0.18515625 0.47890625 0.03984375 0.06015625
1 0.1671875 0.4203125 0.0421875 0.0859375
1 0.1171875 0.34140625 0.04765625 0.1
1 0.21796875 0.52421875 0.02578125 0.03828125
1 0.2421875 0.5796875 0.0421875 0.05390625
1 0.2796875 0.58828125 0.03671875 0.0703125
1 0.32421875 0.81953125 0.025 0.0484375
1 0.5421875 0.26875 0.03984375 0.0546875
1 0.6859375 0.2671875 0.0390625 0.03046875
1 0.7203125 0.253125 0.03828125 0.06171875
1 0.77890625 0.28828125 0.0375 0.04609375
1 0.79609375 0.225 0.03046875 0.04296875
1 0.98125 0.3953125 0.0375 0.0640625