1 0.83203125 0.04296875 0.15703125 0.0859375
1 0.41328125 0.38828125 0.12421875 0.15703125
1 0.37265625 0.25859375 0.08828125 0.09296875
1 0.15546875 0.3671875 0.13671875 0.12421875
1 0.26328125 0.52109375 0.15703125 0.2359375
1 0.37578125 0.65703125 0.1515625 0.196875
1 0.44609375 0.5859375 0.0703125 0.090625
1 0.51953125 0.734375 0.096875 0.12109375
1 0.6765625 0.59375 0.090625 0.084375
1 0.68359375 0.76015625 0.12734375 0.15
1 0.1484375 0.78125 0.07890625 0.090625
1 0.06875 0.8890625 0.1375 0.19375