1 0.796875 0.11015625 0.196875 0.16015625
1 0.69609375 0.23515625 0.18671875 0.1421875
1 0.36328125 0.246875 0.13515625 0.0875
1 0.34609375 0.31015625 0.1421875 0.1015625
1 0.3359375 0.4296875 0.159375 0.121875
1 0.4734375 0.38671875 0.140625 0.115625
1 0.521875 0.30546875 0.084375 0.0703125
1 0.4953125 0.2171875 0.06875 0.05859375
1 0.45078125 0.60078125 0.10703125 0.08984375
1 0.73515625 0.5078125 0.1421875 0.11796875
1 0.4859375 0.4890625 0.09765625 0.0953125
1 0.2140625 0.5953125 0.13984375 0.10078125
1 0.3296875 0.8 0.1265625 0.09453125
1 0.65234375 0.83203125 0.0890625 0.10546875
1 0.93203125 0.9640625 0.1359375 0.071875
1 0.9625 0.9078125 0.07421875 0.059375
1 0.05 0.38359375 0.0890625 0.10390625