1 0.4 0.21328125 0.10234375 0.12734375
1 0.57421875 0.3390625 0.12265625 0.16640625
1 0.68671875 0.35859375 0.07578125 0.13828125
1 0.7609375 0.36875 0.059375 0.13125
1 0.78046875 0.49609375 0.059375 0.06640625
1 0.77265625 0.69375 0.1234375 0.1953125
1 0.89375 0.8046875 0.17890625 0.20859375
1 0.490625 0.7296875 0.096875 0.1390625
1 0.50234375 0.47421875 0.0796875 0.071875
1 0.390625 0.45 0.09609375 0.13359375
1 0.203125 0.31875 0.08984375 0.1296875
1 0.1890625 0.65078125 0.053125 0.09609375
1 0.0359375 0.93046875 0.071875 0.1359375
1 0.0890625 0.95390625 0.04921875 0.08515625
1 0.415625 0.5421875 0.04921875 0.078125
1 0.68984375 0.5265625 0.05625 0.11875
1 0.95546875 0.015625 0.0890625 0.03125