1 0.7796875 0.30234375 0.18359375 0.17109375
1 0.94375 0.29921875 0.11171875 0.1640625
1 0.95703125 0.42421875 0.08515625 0.09453125
1 0.31015625 0.23125 0.11875 0.0921875
1 0.20234375 0.31171875 0.15390625 0.1359375
1 0.30703125 0.39375 0.1078125 0.0765625
1 0.45234375 0.44765625 0.08359375 0.065625
1 0.446875 0.66171875 0.16875 0.13828125
1 0.26640625 0.75390625 0.18125 0.09765625
1 0.1515625 0.6953125 0.128125 0.08203125
1 0.08828125 0.625 0.1390625 0.1125
1 0.165625 0.82109375 0.18203125 0.14765625
1 0.81328125 0.91484375 0.1390625 0.11640625
1 0.90859375 0.85390625 0.1265625 0.12265625
1 0.4203125 0.79765625 0.13671875 0.10546875