1 0.865625 0.1921875 0.11015625 0.10546875
1 0.85625 0.30703125 0.1328125 0.1046875
1 0.896875 0.37421875 0.1359375 0.09609375
1 0.73515625 0.228125 0.13203125 0.1078125
1 0.5234375 0.32265625 0.15625 0.1265625
1 0.5546875 0.54609375 0.090625 0.0875
1 0.68203125 0.61328125 0.0890625 0.071875
1 0.77109375 0.69375 0.15 0.1265625
1 0.665625 0.76015625 0.11484375 0.09921875
1 0.21640625 0.69375 0.18671875 0.153125
1 0.0546875 0.67109375 0.109375 0.1328125
1 0.0359375 0.5671875 0.071875 0.084375
1 0.0203125 0.79453125 0.03984375 0.109375
1 0.10078125 0.128125 0.13125 0.1
1 0.178125 0.06796875 0.10546875 0.11796875
1 0.56171875 0.1921875 0.07265625 0.121875