1 0.69375 0.7828125 0.1984375 0.2203125
1 0.70703125 0.94140625 0.1984375 0.1171875
1 0.571875 0.95625 0.11015625 0.08671875
1 0.12421875 0.89140625 0.12109375 0.12265625
1 0.06015625 0.81328125 0.10390625 0.109375
1 0.3265625 0.47734375 0.15703125 0.16953125
1 0.2375 0.24375 0.1234375 0.1390625
1 0.184375 0.13046875 0.10703125 0.13671875
1 0.3078125 0.15546875 0.15078125 0.16484375
1 0.37578125 0.0921875 0.10625 0.15078125
1 0.6984375 0.21796875 0.1375 0.16640625
1 0.59765625 0.29375 0.08046875 0.07890625
1 0.7671875 0.32421875 0.1265625 0.1078125
1 0.55625 0.42890625 0.07734375 0.09296875