1 0.9359375 0.18125 0.10703125 0.10390625
1 0.86484375 0.0953125 0.09453125 0.1140625
1 0.42578125 0.0421875 0.0875 0.084375
1 0.3125 0.0625 0.1546875 0.11484375
1 0.17578125 0.01796875 0.1078125 0.0359375
1 0.30546875 0.21640625 0.15234375 0.17890625
1 0.66953125 0.528125 0.14375 0.175
1 0.44921875 0.56484375 0.09453125 0.1140625
1 0.38671875 0.70390625 0.06640625 0.1
1 0.30859375 0.77109375 0.12890625 0.13671875
1 0.22421875 0.6859375 0.1015625 0.103125
1 0.7578125 0.7359375 0.1203125 0.15546875
1 0.80234375 0.8609375 0.1375 0.11953125
1 0.70078125 0.84921875 0.08984375 0.15078125
1 0.61953125 0.9078125 0.1015625 0.1421875
1 0.81640625 0.5703125 0.0859375 0.0859375
1 0.028125 0.33359375 0.05546875 0.11875