1 0.659375 0.5609375 0.103125 0.128125
1 0.6984375 0.48671875 0.08984375 0.096875
1 0.87578125 0.09453125 0.10390625 0.12890625
1 0.93359375 0.1796875 0.1015625 0.1125
1 0.42578125 0.0421875 0.0890625 0.08203125
1 0.31171875 0.06171875 0.1390625 0.12109375
1 0.3046875 0.21484375 0.15 0.1828125
1 0.434375 0.55703125 0.04140625 0.09296875
1 0.3921875 0.696875 0.07421875 0.08515625
1 0.31953125 0.79453125 0.1375 0.078125
1 0.23515625 0.68671875 0.12890625 0.10234375
1 0.765625 0.746875 0.12265625 0.13671875
1 0.7015625 0.8484375 0.10703125 0.1375
1 0.80625 0.87265625 0.109375 0.11640625
1 0.62421875 0.903125 0.1078125 0.1296875