1 0.81953125 0.46484375 0.26328125 0.26015625
1 0.75625 0.29765625 0.21640625 0.10859375
1 0.57734375 0.503125 0.1953125 0.1765625
1 0.50703125 0.2921875 0.21953125 0.171875
1 0.33359375 0.1625 0.10234375 0.09296875
1 0.37578125 0.7609375 0.1484375 0.13828125
1 0.56328125 0.74140625 0.203125 0.190625
1 0.83359375 0.7640625 0.153125 0.12890625
1 0.81875 0.640625 0.12265625 0.0953125
1 0.78203125 0.8953125 0.18828125 0.17265625
1 0.63125 0.921875 0.22734375 0.15625
1 0.4625 0.9671875 0.125 0.06015625
1 0.159375 0.603125 0.1 0.10546875
1 0.26953125 0.2296875 0.1015625 0.084375