1 0.57109375 0.82109375 0.20390625 0.259375
1 0.6765625 0.7578125 0.14296875 0.2546875
1 0.45546875 0.83515625 0.1046875 0.24921875
1 0.7015625 0.5 0.17578125 0.165625
1 0.4921875 0.5703125 0.1578125 0.1609375
1 0.24140625 0.57109375 0.184375 0.190625
1 0.02421875 0.56640625 0.0484375 0.053125
1 0.071875 0.6421875 0.14375 0.20390625
1 0.11796875 0.8078125 0.2359375 0.1921875
1 0.221875 0.3703125 0.11796875 0.16875
1 0.828125 0.334375 0.09375 0.08046875
1 0.365625 0.8328125 0.10703125 0.12734375
1 0.0296875 0.453125 0.059375 0.140625