1 0.7078125 0.0296875 0.1890625 0.05859375
1 0.8328125 0.05078125 0.15859375 0.1015625
1 0.26640625 0.06953125 0.20234375 0.1390625
1 0.08515625 0.06484375 0.1328125 0.1296875
1 0.32421875 0.28359375 0.13125 0.10625
1 0.44375 0.2609375 0.1140625 0.09765625
1 0.58203125 0.421875 0.203125 0.175
1 0.3875 0.578125 0.2265625 0.18984375
1 0.41484375 0.72578125 0.1953125 0.15859375
1 0.21171875 0.6765625 0.1890625 0.14609375
1 0.8734375 0.6796875 0.253125 0.16796875
1 0.9265625 0.8109375 0.146875 0.11640625
1 0.6625 0.3109375 0.13515625 0.059375
1 0.6890625 0.25390625 0.0921875 0.05703125