1 0.72578125 0.5875 0.165625 0.175
1 0.5625 0.596875 0.234375 0.22734375
1 0.71171875 0.78515625 0.17578125 0.1921875
1 0.42734375 0.74765625 0.15625 0.13359375
1 0.30546875 0.67421875 0.14765625 0.125
1 0.26875 0.57109375 0.121875 0.10078125
1 0.08828125 0.734375 0.1765625 0.175
1 0.071875 0.89609375 0.14375 0.13125
1 0.03125 0.28125 0.0625 0.184375
1 0.04921875 0.15390625 0.0875 0.171875
1 0.33359375 0.3359375 0.1875 0.15859375
1 0.42578125 0.40703125 0.21171875 0.21484375
1 0.703125 0.12265625 0.18984375 0.2109375
1 0.8265625 0.07890625 0.14375 0.1578125
1 0.54765625 0.05234375 0.06640625 0.0765625