1 0.7125 0.32265625 0.10078125 0.13828125
1 0.7359375 0.44140625 0.08984375 0.1046875
1 0.5765625 0.571875 0.1796875 0.19609375
1 0.43046875 0.37890625 0.171875 0.22734375
1 0.2796875 0.40390625 0.15 0.19296875
1 0.3171875 0.1625 0.12734375 0.10234375
1 0.93515625 0.25234375 0.1296875 0.1546875
1 0.94765625 0.1015625 0.1046875 0.0859375
1 0.971875 0.70625 0.05546875 0.17109375
1 0.97109375 0.84453125 0.0578125 0.11953125
1 0.72421875 0.6984375 0.065625 0.0796875
1 0.2765625 0.8921875 0.10078125 0.21484375
1 0.190625 0.9234375 0.09609375 0.15234375
1 0.36640625 0.8296875 0.05703125 0.1953125