1 0.6421875 0.49921875 0.14765625 0.2015625
1 0.53125 0.5328125 0.096875 0.146875
1 0.9109375 0.65078125 0.12578125 0.1640625
1 0.83046875 0.7359375 0.11484375 0.115625
1 0.96953125 0.5703125 0.0609375 0.09296875
1 0.56484375 0.1640625 0.084375 0.10703125
1 0.50546875 0.2421875 0.05625 0.05
1 0.3625 0.17421875 0.04140625 0.05859375
1 0.3640625 0.49609375 0.10390625 0.084375
1 0.37734375 0.58828125 0.07265625 0.09765625
1 0.3328125 0.628125 0.05703125 0.103125
1 0.41015625 0.66796875 0.06875 0.09609375
1 0.19921875 0.7953125 0.115625 0.14375
1 0.11328125 0.66953125 0.13046875 0.1265625
1 0.02109375 0.7125 0.04140625 0.0890625
1 0.40390625 0.8046875 0.08203125 0.1296875
1 0.57890625 0.8984375 0.11328125 0.146875
1 0.57890625 0.96953125 0.1046875 0.0609375
1 0.0609375 0.95625 0.046875 0.08671875