1 0.90859375 0.65390625 0.1234375 0.17421875
1 0.97734375 0.57578125 0.0453125 0.0640625
1 0.828125 0.74453125 0.13203125 0.1140625
1 0.6390625 0.50546875 0.13203125 0.1703125
1 0.53359375 0.53984375 0.09375 0.14453125
1 0.5625 0.15390625 0.08515625 0.10703125
1 0.51640625 0.22890625 0.08125 0.05703125
1 0.5875 0.084375 0.0546875 0.04296875
1 0.3609375 0.17265625 0.0421875 0.0765625
1 0.625 0.35625 0.059375 0.08046875
1 0.38125 0.58984375 0.0859375 0.1078125
1 0.36171875 0.5078125 0.11484375 0.1171875
1 0.4109375 0.67265625 0.07109375 0.0953125
1 0.33984375 0.63515625 0.09375 0.12734375
1 0.4109375 0.8046875 0.1015625 0.14140625
1 0.58359375 0.8984375 0.12734375 0.1515625
1 0.58984375 0.97578125 0.10859375 0.0484375
1 0.2 0.79921875 0.11171875 0.14375
1 0.1140625 0.671875 0.12578125 0.13828125
1 0.01875 0.70390625 0.0375 0.0828125
1 0.0546875 0.959375 0.05625 0.08125