1 0.22109375 0.12265625 0.175 0.24453125
1 0.08515625 0.35703125 0.16171875 0.228125
1 0.0671875 0.05234375 0.13359375 0.1046875
1 0.1390625 0.21796875 0.06015625 0.07421875
1 0.46875 0.284375 0.1203125 0.11484375
1 0.4875 0.58203125 0.1265625 0.13671875
1 0.3609375 0.71875 0.09140625 0.21328125
1 0.2578125 0.6921875 0.04921875 0.15625
1 0.43046875 0.6640625 0.109375 0.1046875
1 0.4140625 0.934375 0.20234375 0.13046875
1 0.97109375 0.17734375 0.0578125 0.1484375
1 0.45703125 0.03359375 0.10546875 0.0671875