1 0.80078125 0.5453125 0.178125 0.24140625
1 0.71875 0.72265625 0.14765625 0.16328125
1 0.79375 0.76953125 0.12109375 0.12890625
1 0.96796875 0.55078125 0.0640625 0.16640625
1 0.64140625 0.559375 0.1890625 0.190625
1 0.51875 0.48359375 0.13515625 0.15390625
1 0.40390625 0.38046875 0.1296875 0.17578125
1 0.5328125 0.0953125 0.12734375 0.15625
1 0.63125 0.1 0.1109375 0.1453125
1 0.85078125 0.171875 0.1125 0.16640625
1 0.11484375 0.378125 0.1546875 0.15703125
1 0.25625 0.6078125 0.1234375 0.13046875
1 0.11953125 0.70859375 0.15859375 0.2046875
1 0.16328125 0.859375 0.23125 0.2015625
1 0.98671875 0.7796875 0.0265625 0.13828125
1 0.115625 0.084375 0.14609375 0.1609375
1 0.3859375 0.58359375 0.07265625 0.09375