1 0.16171875 0.86953125 0.140625 0.17734375
1 0.11171875 0.7171875 0.1265625 0.14453125
1 0.10859375 0.378125 0.1015625 0.12421875
1 0.1 0.08828125 0.0984375 0.1390625
1 0.1921875 0.01640625 0.06953125 0.0328125
1 0.37890625 0.3625 0.06484375 0.11015625
1 0.2609375 0.60625 0.08671875 0.12734375
1 0.5265625 0.08359375 0.0890625 0.1125
1 0.5140625 0.48125 0.10390625 0.13515625
1 0.6328125 0.57109375 0.11875 0.159375
1 0.80078125 0.53515625 0.1390625 0.15
1 0.73203125 0.71796875 0.1171875 0.159375
1 0.796875 0.76796875 0.059375 0.08984375
1 0.90703125 0.7796875 0.04921875 0.059375
1 0.984375 0.77265625 0.03125 0.153125
1 0.975 0.53359375 0.05 0.1109375
1 0.8546875 0.14609375 0.09140625 0.08671875
1 0.80625 0.3125 0.065625 0.06796875
1 0.4328125 0.40703125 0.059375 0.096875
1 0.38359375 0.5796875 0.0609375 0.08359375