1 0.89140625 0.28125 0.171875 0.19296875
1 0.8390625 0.1328125 0.15703125 0.2
1 0.884375 0.63359375 0.11015625 0.1671875
1 0.75078125 0.39375 0.12109375 0.1140625
1 0.615625 0.63203125 0.1328125 0.190625
1 0.496875 0.52890625 0.12421875 0.159375
1 0.37734375 0.41328125 0.2 0.21171875
1 0.3015625 0.309375 0.19296875 0.221875
1 0.203125 0.20625 0.15078125 0.165625
1 0.234375 0.47734375 0.2390625 0.2171875
1 0.0296875 0.2234375 0.05859375 0.1640625
1 0.0421875 0.4578125 0.06328125 0.22578125
1 0.48046875 0.90078125 0.1234375 0.11484375
1 0.89609375 0.896875 0.159375 0.14375
1 0.159375 0.83671875 0.13671875 0.140625
1 0.81875 0.97265625 0.1015625 0.0546875