1 0.67734375 0.56171875 0.046875 0.09296875
1 0.65234375 0.540625 0.03515625 0.05
1 0.6453125 0.48984375 0.02578125 0.0390625
1 0.64609375 0.3984375 0.05 0.06875
1 0.6171875 0.33671875 0.05078125 0.09609375
1 0.640625 0.31953125 0.03828125 0.08828125
1 0.921875 0.33828125 0.05234375 0.06171875
1 0.93828125 0.371875 0.046875 0.053125
1 0.4046875 0.4453125 0.05234375 0.04609375
1 0.29140625 0.409375 0.05390625 0.0640625
1 0.271875 0.46015625 0.05859375 0.075
1 0.271875 0.5765625 0.0421875 0.05703125
1 0.36875 0.7546875 0.0453125 0.06796875
1 0.54453125 0.1546875 0.0390625 0.06171875