1 0.53671875 0.2703125 0.0546875 0.04765625
1 0.5859375 0.29140625 0.06796875 0.053125
1 0.5421875 0.4140625 0.06015625 0.053125
1 0.4171875 0.26796875 0.05546875 0.04921875
1 0.24140625 0.36640625 0.08203125 0.04296875
1 0.6703125 0.63984375 0.07734375 0.08359375
1 0.59765625 0.6484375 0.090625 0.05703125
1 0.528125 0.6484375 0.06875 0.05703125
1 0.45859375 0.63984375 0.04765625 0.03515625
1 0.45 0.66875 0.07421875 0.03984375
1 0.66640625 0.9359375 0.0578125 0.0515625
1 0.62578125 0.93359375 0.06796875 0.04609375