1 0.6109375 0.03203125 0.06171875 0.0625
1 0.5421875 0.19296875 0.0484375 0.1125
1 0.56015625 0.30078125 0.040625 0.07578125
1 0.5390625 0.44375 0.04296875 0.08515625
1 0.49453125 0.45234375 0.05234375 0.09453125
1 0.52109375 0.5296875 0.0375 0.07578125
1 0.73671875 0.671875 0.04296875 0.05859375
1 0.31171875 0.5328125 0.0546875 0.06796875
1 0.32421875 0.29375 0.0484375 0.084375
1 0.4734375 0.21875 0.01796875 0.040625
1 0.11640625 0.7078125 0.04140625 0.05
1 0.1921875 0.1296875 0.025 0.05703125
1 0.3859375 0.39765625 0.025 0.046875
1 0.5703125 0.60078125 0.0296875 0.02734375