1 0.3671875 0.48671875 0.03671875 0.05625
1 0.39140625 0.46484375 0.03203125 0.06171875
1 0.41171875 0.44140625 0.02421875 0.07265625
1 0.34296875 0.33203125 0.02890625 0.0453125
1 0.28359375 0.27265625 0.02890625 0.046875
1 0.25625 0.27421875 0.04140625 0.0765625
1 0.12890625 0.23046875 0.040625 0.05078125
1 0.18984375 0.3859375 0.0421875 0.0640625
1 0.209375 0.67109375 0.02578125 0.065625
1 0.89140625 0.30859375 0.040625 0.05625
1 0.90390625 0.35859375 0.03515625 0.06328125
1 0.740625 0.2171875 0.02890625 0.05546875
1 0.71640625 0.2234375 0.0328125 0.05859375
1 0.771875 0.40078125 0.028125 0.04453125
1 0.90625 0.24609375 0.03046875 0.0421875