1 0.7125 0.17109375 0.0859375 0.06875
1 0.6203125 0.2234375 0.0828125 0.0453125
1 0.58828125 0.1765625 0.078125 0.04765625
1 0.57890625 0.12109375 0.06484375 0.04296875
1 0.55 0.03828125 0.04453125 0.0375
1 0.49921875 0.015625 0.06015625 0.03046875
1 0.56640625 0.35390625 0.05 0.03828125
1 0.56875 0.3984375 0.0921875 0.04765625
1 0.49765625 0.36796875 0.046875 0.046875
1 0.5671875 0.57734375 0.07265625 0.0546875
1 0.61484375 0.56796875 0.04140625 0.0359375
1 0.22421875 0.478125 0.06875 0.05234375