1 0.78046875 0.625 0.0546875 0.09296875
1 0.82265625 0.5921875 0.03671875 0.07109375
1 0.825 0.71171875 0.06328125 0.0984375
1 0.88671875 0.5796875 0.02734375 0.0640625
1 0.98203125 0.50546875 0.0359375 0.05859375
1 0.64453125 0.56328125 0.04921875 0.0578125
1 0.63359375 0.50078125 0.05 0.0625
1 0.5984375 0.57421875 0.04609375 0.08046875
1 0.4359375 0.56171875 0.05390625 0.06875
1 0.42890625 0.61328125 0.0359375 0.0515625
1 0.50078125 0.33046875 0.0375 0.0640625
1 0.5265625 0.21796875 0.0484375 0.0515625
1 0.446875 0.2765625 0.03671875 0.0671875
1 0.175 0.42109375 0.034375 0.0453125