1 0.78125 0.6203125 0.053125 0.07109375
1 0.8171875 0.58984375 0.03984375 0.06328125
1 0.82421875 0.71171875 0.07421875 0.09921875
1 0.6453125 0.56796875 0.03828125 0.05703125
1 0.60703125 0.5671875 0.046875 0.0921875
1 0.6328125 0.49765625 0.03359375 0.07109375
1 0.43125 0.56015625 0.0359375 0.07890625
1 0.421875 0.61875 0.03828125 0.05703125
1 0.51796875 0.2203125 0.0234375 0.0390625
1 0.45703125 0.27890625 0.02890625 0.06484375
1 0.1765625 0.41953125 0.02734375 0.053125
1 0.9875 0.509375 0.025 0.059375
1 0.8796875 0.5796875 0.04140625 0.0640625