1 0.52109375 0.4 0.09296875 0.0578125
1 0.5 0.4578125 0.0875 0.04453125
1 0.5546875 0.46328125 0.06953125 0.04453125
1 0.58125 0.4984375 0.09140625 0.0515625
1 0.4828125 0.51171875 0.096875 0.05
1 0.42734375 0.5515625 0.07578125 0.071875
1 0.390625 0.48828125 0.07734375 0.04609375
1 0.62421875 0.6421875 0.0640625 0.0453125
1 0.27578125 0.59453125 0.0671875 0.0453125
1 0.18515625 0.58359375 0.0609375 0.0453125
1 0.18203125 0.61875 0.05 0.0359375
1 0.059375 0.40859375 0.08125 0.0578125
1 0.3859375 0.30625 0.04609375 0.05546875
1 0.34921875 0.2890625 0.04296875 0.0375
1 0.36484375 0.0546875 0.053125 0.03828125
1 0.0734375 0.15078125 0.0625 0.03359375
1 0.2703125 0.93828125 0.05078125 0.0609375