1 0.4796875 0.590625 0.1109375 0.065625
1 0.5234375 0.63515625 0.0546875 0.04140625
1 0.41484375 0.4984375 0.07265625 0.0625
1 0.43984375 0.53125 0.053125 0.0578125
1 0.51484375 0.48671875 0.08046875 0.06484375
1 0.5671875 0.453125 0.07265625 0.040625
1 0.5546875 0.5203125 0.0484375 0.0421875
1 0.61328125 0.6875 0.0375 0.02890625
1 0.6546875 0.71875 0.05078125 0.03828125
1 0.553125 0.684375 0.06640625 0.04921875
1 0.9234375 0.58046875 0.09765625 0.04921875
1 0.803125 0.415625 0.0484375 0.0234375
1 0.8015625 0.3796875 0.078125 0.0375
1 0.7296875 0.4 0.05703125 0.02421875
1 0.640625 0.9359375 0.03828125 0.06796875
1 0.36796875 0.353125 0.0578125 0.03203125
1 0.73359375 0.0671875 0.07421875 0.0578125