1 0.59296875 0.51640625 0.0546875 0.0875
1 0.5453125 0.51171875 0.04453125 0.0671875
1 0.5296875 0.56796875 0.0453125 0.0671875
1 0.496875 0.58515625 0.0453125 0.08046875
1 0.48203125 0.48671875 0.0515625 0.0921875
1 0.4515625 0.425 0.03359375 0.06328125
1 0.51328125 0.4171875 0.0296875 0.06484375
1 0.64765625 0.47578125 0.03125 0.053125
1 0.68984375 0.390625 0.03125 0.053125
1 0.7171875 0.34296875 0.0421875 0.05546875
1 0.58828125 0.071875 0.04609375 0.06640625
1 0.4109375 0.190625 0.0375 0.0640625
1 0.384375 0.1828125 0.03203125 0.0546875
1 0.35390625 0.63046875 0.03515625 0.06484375
1 0.06796875 0.26953125 0.03984375 0.0359375
1 0.40703125 0.2703125 0.034375 0.05859375
1 0.846875 0.07578125 0.0515625 0.06875
1 0.9453125 0.35625 0.05 0.05