1 0.325 0.2125 0.03671875 0.0625
1 0.34921875 0.196875 0.03125 0.07265625
1 0.37421875 0.2984375 0.02890625 0.06640625
1 0.40234375 0.30859375 0.03203125 0.07421875
1 0.51328125 0.190625 0.03515625 0.06875
1 0.53203125 0.1046875 0.02890625 0.0609375
1 0.54453125 0.2890625 0.021875 0.0515625
1 0.84921875 0.34296875 0.0234375 0.03125
1 0.83203125 0.525 0.02421875 0.03984375
1 0.85859375 0.52578125 0.028125 0.04140625
1 0.33984375 0.478125 0.0296875 0.03984375
1 0.3484375 0.3703125 0.0296875 0.0328125
1 0.43515625 0.39921875 0.0296875 0.05
1 0.30859375 0.465625 0.0265625 0.03671875
1 0.1703125 0.4765625 0.02421875 0.03125
1 0.07578125 0.53671875 0.03125 0.02734375
1 0.06953125 0.56875 0.02734375 0.0328125
1 0.25 0.5765625 0.0328125 0.0359375
1 0.2703125 0.53359375 0.02578125 0.0390625
1 0.21953125 0.70234375 0.034375 0.034375
1 0.2546875 0.70234375 0.0375 0.0296875
1 0.203125 0.584375 0.0203125 0.0296875
1 0.51796875 0.48046875 0.02265625 0.0390625