1 0.228125 0.58671875 0.025 0.0515625
1 0.38828125 0.64609375 0.03046875 0.0421875
1 0.65625 0.50390625 0.02265625 0.05546875
1 0.36015625 0.340625 0.0265625 0.0484375
1 0.33671875 0.33203125 0.0203125 0.02734375
1 0.30625 0.33984375 0.034375 0.03359375
1 0.45859375 0.30234375 0.01953125 0.04375
1 0.38359375 0.2921875 0.03359375 0.0453125
1 0.809375 0.196875 0.0328125 0.0453125
1 0.5328125 0.0546875 0.01640625 0.0375
1 0.16328125 0.49296875 0.02890625 0.04765625
1 0.065625 0.74375 0.01640625 0.02421875
1 0.08203125 0.74609375 0.02265625 0.0328125
1 0.46640625 0.82421875 0.03046875 0.0421875