1 0.6578125 0.5984375 0.184375 0.22421875
1 0.815625 0.63359375 0.10546875 0.11328125
1 0.8 0.73125 0.14921875 0.11640625
1 0.78828125 0.8921875 0.25859375 0.209375
1 0.1859375 0.61015625 0.09453125 0.11953125
1 0.30078125 0.65859375 0.0625 0.09375
1 0.26640625 0.596875 0.05859375 0.05
1 0.24140625 0.484375 0.115625 0.12421875
1 0.096875 0.5625 0.05 0.071875
1 0.353125 0.17890625 0.10390625 0.1484375
1 0.60078125 0.04296875 0.1140625 0.0859375
1 0.62109375 0.08046875 0.11171875 0.11640625
1 0.8078125 0.16328125 0.0796875 0.11171875
1 0.91171875 0.1078125 0.10078125 0.1171875