1 0.6390625 0.6171875 0.20390625 0.2734375
1 0.81796875 0.625 0.10546875 0.12578125
1 0.78359375 0.74453125 0.171875 0.13671875
1 0.7859375 0.8890625 0.26015625 0.22109375
1 0.5046875 0.9125 0.2625 0.175
1 0.309375 0.66875 0.0859375 0.1296875
1 0.1875 0.62109375 0.09296875 0.11796875
1 0.24296875 0.48828125 0.1125 0.134375
1 0.1078125 0.55859375 0.10234375 0.0796875
1 0.07890625 0.471875 0.04453125 0.06328125
1 0.34375 0.18515625 0.11953125 0.140625
1 0.596875 0.04609375 0.11171875 0.0921875
1 0.61484375 0.07890625 0.121875 0.11484375
1 0.7890625 0.1546875 0.1265625 0.14375
1 0.91171875 0.103125 0.11328125 0.13359375