1 0.6078125 0.51640625 0.1546875 0.125
1 0.61640625 0.6234375 0.15546875 0.109375
1 0.7765625 0.56484375 0.171875 0.1453125
1 0.75234375 0.4765625 0.14921875 0.07578125
1 0.95703125 0.31875 0.08515625 0.15546875
1 0.590625 0.28984375 0.07265625 0.1140625
1 0.50390625 0.30625 0.10625 0.0984375
1 0.4046875 0.16953125 0.12109375 0.11875
1 0.4546875 0.56953125 0.12578125 0.09765625
1 0.484375 0.6671875 0.12578125 0.084375
1 0.675 0.8671875 0.10625 0.11640625
1 0.9546875 0.86484375 0.06484375 0.06953125
1 0.09921875 0.06796875 0.1234375 0.11796875