1 0.87421875 0.31953125 0.12734375 0.13046875
1 0.62890625 0.38125 0.12265625 0.1578125
1 0.5140625 0.3875 0.14375 0.18125
1 0.5734375 0.5328125 0.090625 0.16796875
1 0.66875 0.51796875 0.090625 0.14921875
1 0.5765625 0.221875 0.16171875 0.1859375
1 0.48046875 0.25625 0.10859375 0.15859375
1 0.33046875 0.0453125 0.1765625 0.090625
1 0.2921875 0.38515625 0.13046875 0.1390625
1 0.30625 0.4921875 0.1375 0.1296875
1 0.18984375 0.5734375 0.15078125 0.13125
1 0.0671875 0.8984375 0.11328125 0.16796875
1 0.8734375 0.04140625 0.0609375 0.0828125