1 0.48984375 0.615625 0.14765625 0.18359375
1 0.38984375 0.6234375 0.1234375 0.15703125
1 0.4359375 0.77265625 0.16796875 0.17265625
1 0.53046875 0.740625 0.10078125 0.16796875
1 0.43359375 0.46015625 0.13125 0.1453125
1 0.33828125 0.4671875 0.09609375 0.1484375
1 0.7078125 0.4984375 0.11484375 0.09921875
1 0.79375 0.40078125 0.09375 0.121875
1 0.94375 0.09375 0.11171875 0.16484375
1 0.13046875 0.67421875 0.14375 0.13046875
1 0.67578125 0.95234375 0.15625 0.0953125
1 0.1265625 0.95078125 0.06640625 0.059375