1 0.47109375 0.4671875 0.146875 0.1984375
1 0.521875 0.2875 0.0984375 0.0828125
1 0.38671875 0.634375 0.0875 0.1171875
1 0.5 0.653125 0.09765625 0.0828125
1 0.48671875 0.7296875 0.11953125 0.12109375
1 0.584375 0.8109375 0.0875 0.1390625
1 0.47265625 0.88203125 0.09921875 0.14375
1 0.5765625 0.946875 0.05546875 0.08359375
1 0.30625 0.96875 0.05625 0.06171875
1 0.35234375 0.97578125 0.02578125 0.034375
1 0.38125 0.7875 0.09921875 0.121875
1 0.2921875 0.78515625 0.0671875 0.0875
1 0.24296875 0.72890625 0.0890625 0.1015625
1 0.07109375 0.29921875 0.08828125 0.15625