1 0.78125 0.48203125 0.11796875 0.140625
1 0.95078125 0.4234375 0.0984375 0.1578125
1 0.68515625 0.46640625 0.08984375 0.109375
1 0.659375 0.6 0.07578125 0.08828125
1 0.89765625 0.64921875 0.11484375 0.13359375
1 0.81015625 0.7953125 0.13203125 0.1484375
1 0.615625 0.78671875 0.11171875 0.12734375
1 0.38359375 0.640625 0.09453125 0.10625
1 0.21875 0.678125 0.07578125 0.08984375
1 0.171875 0.7421875 0.10859375 0.090625
1 0.14765625 0.8015625 0.0609375 0.06015625
1 0.05 0.76015625 0.0625 0.078125
1 0.1609375 0.63203125 0.05546875 0.07265625
1 0.1515625 0.55390625 0.090625 0.125
1 0.21796875 0.48203125 0.09453125 0.13359375
1 0.28046875 0.46484375 0.08125 0.14375
1 0.3015625 0.046875 0.0375 0.0609375
1 0.9515625 0.04765625 0.096875 0.0953125
1 0.5046875 0.42109375 0.09765625 0.07734375