1 0.19296875 0.1953125 0.09765625 0.15390625
1 0.365625 0.2125 0.09609375 0.0875
1 0.2296875 0.51796875 0.13359375 0.14296875
1 0.05 0.56875 0.1 0.12734375
1 0.7109375 0.5140625 0.0828125 0.08203125
1 0.7796875 0.50859375 0.09765625 0.09765625
1 0.4984375 0.56328125 0.0734375 0.06328125
1 0.63828125 0.384375 0.09296875 0.10625
1 0.78125 0.3265625 0.0640625 0.0921875
1 0.7859375 0.2375 0.0515625 0.08359375
1 0.84140625 0.26328125 0.08359375 0.08203125
1 0.8453125 0.190625 0.06953125 0.09765625
1 0.84375 0.3640625 0.05546875 0.0546875
1 0.84453125 0.4515625 0.08828125 0.09140625
1 0.93203125 0.23359375 0.05 0.0703125
1 0.69375 0.94765625 0.0859375 0.05859375
1 0.040625 0.95234375 0.08125 0.06015625