1 0.81796875 0.04375 0.14765625 0.0875
1 0.52890625 0.30390625 0.1890625 0.17890625
1 0.4921875 0.41484375 0.178125 0.15078125
1 0.57109375 0.49375 0.16640625 0.14296875
1 0.61015625 0.37890625 0.15390625 0.13125
1 0.34609375 0.3125 0.20703125 0.1484375
1 0.13515625 0.0671875 0.11015625 0.12265625
1 0.04609375 0.0421875 0.0921875 0.084375
1 0.88046875 0.31640625 0.15546875 0.10234375
1 0.90078125 0.45234375 0.159375 0.12421875
1 0.8515625 0.78515625 0.125 0.128125
1 0.70859375 0.56796875 0.13125 0.11484375
1 0.32890625 0.6703125 0.10859375 0.08046875
1 0.2609375 0.7234375 0.10078125 0.06328125
1 0.48984375 0.9453125 0.14765625 0.1078125
1 0.1546875 0.575 0.1765625 0.134375
1 0.178125 0.65546875 0.12265625 0.08671875
1 0.05 0.63203125 0.07265625 0.078125
1 0.09921875 0.46875 0.1234375 0.0671875
1 0.0640625 0.0875 0.04375 0.05546875