1 0.7859375 0.1484375 0.08671875 0.121875
1 0.9390625 0.4921875 0.11875 0.1265625
1 0.68125 0.67734375 0.075 0.10078125
1 0.728125 0.63125 0.046875 0.07734375
1 0.72578125 0.746875 0.08828125 0.08046875
1 0.64609375 0.82421875 0.07421875 0.10546875
1 0.56015625 0.86484375 0.09140625 0.1171875
1 0.621875 0.89921875 0.03203125 0.04453125
1 0.621875 0.95546875 0.0625 0.059375
1 0.4984375 0.80078125 0.10546875 0.0734375
1 0.45703125 0.903125 0.090625 0.10625
1 0.31015625 0.65859375 0.125 0.14765625
1 0.41953125 0.5140625 0.10078125 0.140625
1 0.50546875 0.42734375 0.1 0.11875
1 0.57734375 0.303125 0.0875 0.07578125
1 0.39296875 0.37421875 0.08125 0.11875
1 0.29296875 0.47109375 0.121875 0.17890625
1 0.19765625 0.640625 0.05703125 0.134375
1 0.06015625 0.86875 0.0890625 0.10234375
1 0.090625 0.925 0.0515625 0.05078125
1 0.046875 0.9640625 0.09296875 0.06953125
1 0.18046875 0.54296875 0.05546875 0.053125
1 0.03046875 0.1765625 0.0609375 0.13125
1 0.325 0.10546875 0.09453125 0.14140625
1 0.43515625 0.10078125 0.1125 0.12890625
1 0.44609375 0.21953125 0.04609375 0.046875
1 0.1796875 0.028125 0.1046875 0.05546875
1 0.85625 0.58203125 0.08125 0.078125