1 0.78671875 0.15 0.09765625 0.12109375
1 0.9421875 0.490625 0.115625 0.13984375
1 0.86015625 0.5703125 0.09296875 0.090625
1 0.4515625 0.10078125 0.10390625 0.1328125
1 0.32421875 0.1015625 0.0890625 0.14453125
1 0.16953125 0.02421875 0.08046875 0.0484375
1 0.0296875 0.178125 0.05859375 0.14140625
1 0.58125 0.3171875 0.10078125 0.1125
1 0.434375 0.21171875 0.046875 0.05234375
1 0.49609375 0.421875 0.115625 0.14375
1 0.39609375 0.37109375 0.08984375 0.1265625
1 0.67578125 0.66875 0.08046875 0.10859375
1 0.734375 0.63125 0.05078125 0.08671875
1 0.72578125 0.74609375 0.07734375 0.0953125
1 0.64921875 0.81875 0.0796875 0.10703125
1 0.5640625 0.8578125 0.0875 0.13671875
1 0.62890625 0.94765625 0.0578125 0.0765625
1 0.6328125 0.89375 0.03828125 0.04453125
1 0.4203125 0.51328125 0.11640625 0.13671875
1 0.29921875 0.47421875 0.11875 0.16953125
1 0.30703125 0.6546875 0.1296875 0.16484375
1 0.1921875 0.640625 0.06875 0.12421875
1 0.17265625 0.5421875 0.0390625 0.0515625
1 0.4953125 0.7921875 0.096875 0.071875
1 0.4625 0.9015625 0.08515625 0.10859375
1 0.06875 0.86875 0.08828125 0.08671875
1 0.0953125 0.921875 0.03984375 0.0421875
1 0.04609375 0.9578125 0.07890625 0.084375