1 0.9484375 0.67578125 0.103125 0.15859375
1 0.75859375 0.8359375 0.1234375 0.13984375
1 0.684375 0.7515625 0.09609375 0.11640625
1 0.59296875 0.69921875 0.11640625 0.13359375
1 0.515625 0.68515625 0.07890625 0.12421875
1 0.59296875 0.54453125 0.11640625 0.14375
1 0.51171875 0.4359375 0.10234375 0.14453125
1 0.36953125 0.45546875 0.1453125 0.1671875
1 0.2875 0.575 0.109375 0.12890625
1 0.409375 0.70546875 0.07890625 0.08125
1 0.253125 0.9 0.071875 0.0890625
1 0.3140625 0.91015625 0.04140625 0.05234375
1 0.03828125 0.95703125 0.0765625 0.08515625
1 0.02265625 0.8765625 0.0453125 0.0953125
1 0.37265625 0.190625 0.09765625 0.1328125