1 0.55078125 0.375 0.18984375 0.15625
1 0.41796875 0.2890625 0.15234375 0.12265625
1 0.5515625 0.4921875 0.16875 0.13359375
1 0.4453125 0.5828125 0.14921875 0.10859375
1 0.82890625 0.384375 0.1703125 0.10625
1 0.315625 0.5078125 0.13046875 0.08515625
1 0.3109375 0.58515625 0.1953125 0.134375
1 0.2359375 0.6734375 0.13046875 0.11875
1 0.17109375 0.7640625 0.17109375 0.1125
1 0.321875 0.9453125 0.171875 0.109375
1 0.10625 0.24375 0.11640625 0.08046875
1 0.29375 0.40703125 0.10703125 0.08125
1 0.046875 0.040625 0.08828125 0.08125