1 0.7078125 0.55078125 0.12109375 0.12890625
1 0.6375 0.6671875 0.07890625 0.11171875
1 0.76796875 0.678125 0.13828125 0.1140625
1 0.81953125 0.771875 0.1234375 0.10703125
1 0.6984375 0.80390625 0.11328125 0.1171875
1 0.58984375 0.78125 0.11328125 0.125
1 0.51484375 0.921875 0.09609375 0.13671875
1 0.40703125 0.7953125 0.1234375 0.1765625
1 0.2703125 0.778125 0.09140625 0.10390625
1 0.23359375 0.6703125 0.0671875 0.10546875
1 0.30390625 0.7328125 0.05859375 0.0515625
1 0.98203125 0.41953125 0.0359375 0.08828125
1 0.22734375 0.47109375 0.06328125 0.084375