1 0.5671875 0.09921875 0.04453125 0.075
1 0.615625 0.08125 0.05 0.0671875
1 0.565625 0.03828125 0.0375 0.04921875
1 0.63671875 0.31015625 0.05078125 0.07890625
1 0.571875 0.32734375 0.03984375 0.0515625
1 0.73203125 0.4578125 0.0703125 0.0734375
1 0.63984375 0.45234375 0.03828125 0.0578125
1 0.62421875 0.48984375 0.04140625 0.04921875
1 0.62265625 0.52578125 0.0484375 0.0484375
1 0.53203125 0.8546875 0.01953125 0.02890625
1 0.1953125 0.946875 0.0625 0.06484375
1 0.06171875 0.84609375 0.04296875 0.05
1 0.06875 0.465625 0.06875 0.06640625
1 0.028125 0.51328125 0.05546875 0.07265625
1 0.14140625 0.2234375 0.03203125 0.03046875