1 0.66171875 0.62890625 0.1453125 0.1671875
1 0.79453125 0.71015625 0.18671875 0.1921875
1 0.90234375 0.58046875 0.10859375 0.19921875
1 0.92265625 0.375 0.075 0.1078125
1 0.48515625 0.34140625 0.10625 0.1375
1 0.39375 0.3734375 0.115625 0.15859375
1 0.50234375 0.7703125 0.09296875 0.13046875
1 0.43828125 0.809375 0.10859375 0.1234375
1 0.3046875 0.77421875 0.10859375 0.1328125
1 0.20234375 0.75078125 0.03671875 0.0703125
1 0.290625 0.8546875 0.05859375 0.059375
1 0.13359375 0.8984375 0.06953125 0.06171875
1 0.06953125 0.91484375 0.08046875 0.0625
1 0.1890625 0.83359375 0.06328125 0.07578125
1 0.5953125 0.9078125 0.09140625 0.10078125
1 0.56171875 0.9375 0.07265625 0.06484375
1 0.73046875 0.90703125 0.084375 0.07421875