1 0.61875 0.34140625 0.14375 0.1375
1 0.709375 0.19765625 0.1765625 0.1421875
1 0.5703125 0.09765625 0.20234375 0.11953125
1 0.9046875 0.25859375 0.08046875 0.071875
1 0.75859375 0.47734375 0.13046875 0.12578125
1 0.8171875 0.54375 0.1359375 0.0984375
1 0.7625 0.7 0.10546875 0.0921875
1 0.3796875 0.6234375 0.15078125 0.103125
1 0.34765625 0.5125 0.125 0.10625
1 0.265625 0.62578125 0.0671875 0.0546875
1 0.75859375 0.778125 0.071875 0.0765625
1 0.8140625 0.809375 0.0765625 0.06953125
1 0.87734375 0.859375 0.0859375 0.07890625
1 0.90703125 0.90625 0.0859375 0.0765625
1 0.8796875 0.6296875 0.06875 0.05703125
1 0.85234375 0.70625 0.040625 0.05
1 0.92109375 0.38671875 0.0984375 0.09921875
1 0.3625 0.08359375 0.09609375 0.0796875
1 0.97578125 0.26796875 0.04765625 0.08671875