1 0.69921875 0.3921875 0.09765625 0.13203125
1 0.8125 0.46328125 0.1 0.1296875
1 0.90234375 0.3125 0.07109375 0.0796875
1 0.640625 0.41953125 0.04453125 0.07421875
1 0.67734375 0.6546875 0.11796875 0.1828125
1 0.52578125 0.5578125 0.15078125 0.1859375
1 0.5671875 0.721875 0.11015625 0.1453125
1 0.4609375 0.690625 0.1171875 0.1359375
1 0.253125 0.66171875 0.10625 0.1109375
1 0.18203125 0.69453125 0.06484375 0.11796875
1 0.21875 0.7640625 0.0796875 0.0703125
1 0.246875 0.846875 0.0671875 0.11328125
1 0.2234375 0.30234375 0.1046875 0.10078125
1 0.1375 0.184375 0.078125 0.1
1 0.07421875 0.9859375 0.0640625 0.028125