1 0.90078125 0.33046875 0.1109375 0.1359375
1 0.796875 0.26328125 0.10078125 0.15078125
1 0.87890625 0.1671875 0.11484375 0.13046875
1 0.7703125 0.1125 0.11640625 0.10078125
1 0.69609375 0.16171875 0.07421875 0.11875
1 0.51171875 0.09765625 0.0578125 0.103125
1 0.55 0.2421875 0.11328125 0.0828125
1 0.3859375 0.171875 0.11640625 0.1453125
1 0.32109375 0.26484375 0.109375 0.1546875
1 0.3828125 0.3140625 0.09921875 0.10390625
1 0.32265625 0.4421875 0.17578125 0.16171875
1 0.134375 0.553125 0.14609375 0.13828125
1 0.0375 0.33671875 0.075 0.134375
1 0.0640625 0.71796875 0.128125 0.1984375