1 0.865625 0.4203125 0.1265625 0.15078125
1 0.9296875 0.28671875 0.13984375 0.1890625
1 0.9625 0.646875 0.07421875 0.13125
1 0.696875 0.55625 0.13203125 0.14453125
1 0.6328125 0.678125 0.08046875 0.0875
1 0.57734375 0.715625 0.05703125 0.10390625
1 0.70234375 0.73515625 0.06796875 0.140625
1 0.60546875 0.83515625 0.10703125 0.1234375
1 0.48671875 0.896875 0.11953125 0.11640625
1 0.471875 0.740625 0.0875 0.10546875
1 0.31015625 0.84765625 0.0828125 0.10546875
1 0.21015625 0.7453125 0.07734375 0.1109375
1 0.21953125 0.87421875 0.06875 0.09765625
1 0.13671875 0.83359375 0.09765625 0.1046875
1 0.10703125 0.66796875 0.08359375 0.11328125
1 0.121875 0.73671875 0.06875 0.0671875