1 0.80390625 0.44453125 0.04375 0.09609375
1 0.53984375 0.6609375 0.0921875 0.10234375
1 0.61171875 0.72734375 0.11640625 0.13828125
1 0.5546875 0.828125 0.078125 0.0984375
1 0.61875 0.83984375 0.05625 0.0875
1 0.771875 0.91015625 0.08984375 0.0953125
1 0.89140625 0.80859375 0.09375 0.10859375
1 0.87109375 0.909375 0.1015625 0.11953125
1 0.9640625 0.95703125 0.07109375 0.0859375
1 0.96953125 0.884375 0.0609375 0.103125
1 0.8953125 0.97890625 0.053125 0.04140625
1 0.6765625 0.9609375 0.065625 0.078125
1 0.4375 0.8515625 0.07578125 0.0796875
1 0.20078125 0.78125 0.0421875 0.08125
1 0.11171875 0.84375 0.06328125 0.08984375
1 0.20390625 0.68984375 0.03359375 0.0671875
1 0.2453125 0.67109375 0.06015625 0.075
1 0.17421875 0.41484375 0.0640625 0.10859375
1 0.146875 0.45234375 0.06640625 0.09921875
1 0.1765625 0.49765625 0.01953125 0.07890625
1 0.225 0.521875 0.02734375 0.1