1 0.78203125 0.31640625 0.08671875 0.11328125
1 0.390625 0.26796875 0.13515625 0.1609375
1 0.46796875 0.3421875 0.09921875 0.12265625
1 0.5546875 0.16015625 0.06953125 0.11484375
1 0.43984375 0.16875 0.07421875 0.1171875
1 0.3640625 0.146875 0.071875 0.08359375
1 0.3234375 0.03671875 0.078125 0.0734375
1 0.22578125 0.0984375 0.0828125 0.08359375
1 0.125 0.07734375 0.1375 0.13671875
1 0.1203125 0.20703125 0.11875 0.1609375
1 0.0328125 0.10703125 0.065625 0.13984375
1 0.04453125 0.034375 0.0890625 0.06875
1 0.88828125 0.16328125 0.06484375 0.10078125
1 0.83984375 0.5609375 0.10078125 0.1390625