1 0.61171875 0.7453125 0.11328125 0.1453125
1 0.55859375 0.6515625 0.1140625 0.128125
1 0.87890625 0.8015625 0.0875 0.12890625
1 0.9609375 0.88203125 0.078125 0.1140625
1 0.9546875 0.95390625 0.090625 0.0921875
1 0.87734375 0.91875 0.1171875 0.13984375
1 0.76875 0.9125 0.07578125 0.09453125
1 0.68515625 0.95703125 0.0953125 0.07734375
1 0.55625 0.8265625 0.08359375 0.10546875
1 0.6265625 0.834375 0.10703125 0.0875
1 0.4453125 0.8484375 0.06953125 0.09609375
1 0.23203125 0.66875 0.10078125 0.10859375
1 0.10625 0.84140625 0.08984375 0.090625
1 0.20859375 0.5234375 0.0921875 0.11796875
1 0.19296875 0.409375 0.103125 0.11796875
1 0.14609375 0.4546875 0.115625 0.1234375