1 0.61640625 0.74140625 0.12578125 0.13359375
1 0.540625 0.653125 0.090625 0.1171875
1 0.54765625 0.83984375 0.09140625 0.1359375
1 0.63125 0.846875 0.09296875 0.0875
1 0.76640625 0.90546875 0.08046875 0.10703125
1 0.884375 0.7984375 0.1015625 0.128125
1 0.8671875 0.896875 0.10390625 0.13515625
1 0.9671875 0.8796875 0.065625 0.1375
1 0.96015625 0.946875 0.0796875 0.10625
1 0.8859375 0.97421875 0.06875 0.0515625
1 0.68046875 0.959375 0.08984375 0.08125
1 0.4375 0.8515625 0.0703125 0.09765625
1 0.221875 0.6796875 0.08828125 0.09140625
1 0.1828125 0.74765625 0.05 0.04921875
1 0.20546875 0.7734375 0.05546875 0.065625
1 0.11796875 0.85390625 0.08046875 0.10546875
1 0.20546875 0.51015625 0.11796875 0.115625
1 0.1953125 0.39921875 0.1015625 0.1125
1 0.1421875 0.446875 0.0625 0.096875
1 0.79140625 0.4609375 0.0765625 0.1078125