1 0.7984375 0.440625 0.0875 0.10625
1 0.6140625 0.7390625 0.12890625 0.13125
1 0.54375 0.65625 0.12265625 0.115625
1 0.55546875 0.83671875 0.11953125 0.09296875
1 0.43828125 0.859375 0.08125 0.08515625
1 0.678125 0.9578125 0.07578125 0.084375
1 0.7765625 0.9078125 0.0765625 0.08046875
1 0.896875 0.821875 0.103125 0.115625
1 0.88125 0.91484375 0.103125 0.11015625
1 0.96953125 0.8734375 0.0609375 0.1078125
1 0.96015625 0.9640625 0.0765625 0.071875
1 0.228125 0.67421875 0.08828125 0.0765625
1 0.10546875 0.846875 0.0671875 0.08203125
1 0.203125 0.78203125 0.090625 0.07890625
1 0.13515625 0.45234375 0.0625 0.09296875
1 0.1671875 0.39296875 0.05234375 0.08984375
1 0.16640625 0.4953125 0.03984375 0.071875
1 0.23046875 0.51796875 0.0453125 0.11640625
1 0.678125 0.259375 0.071875 0.06328125