1 0.55546875 0.89375 0.1984375 0.16953125
1 0.36484375 0.91484375 0.234375 0.1640625
1 0.65078125 0.95 0.14375 0.1
1 0.8078125 0.5859375 0.1375 0.146875
1 0.91015625 0.66328125 0.1796875 0.1578125
1 0.3953125 0.71796875 0.15625 0.090625
1 0.49453125 0.6984375 0.08203125 0.06171875
1 0.15546875 0.5 0.13046875 0.11328125
1 0.04921875 0.46328125 0.0875 0.1359375
1 0.084375 0.5203125 0.06171875 0.0671875
1 0.18984375 0.2421875 0.096875 0.09765625
1 0.14296875 0.11171875 0.12890625 0.10859375
1 0.2484375 0.14296875 0.13359375 0.12890625
1 0.18984375 0.03671875 0.1234375 0.0734375
1 0.49140625 0.1921875 0.19296875 0.153125
1 0.93203125 0.0625 0.1359375 0.09140625
1 0.88671875 0.1609375 0.06171875 0.075
1 0.778125 0.3171875 0.121875 0.1046875
1 0.646875 0.3609375 0.07265625 0.06875
1 0.73359375 0.540625 0.1390625 0.09765625
1 0.9328125 0.91015625 0.134375 0.1609375