1 0.5734375 0.1828125 0.13828125 0.1609375
1 0.6734375 0.09609375 0.1421875 0.1578125
1 0.54765625 0.2515625 0.08125 0.1328125
1 0.3171875 0.22421875 0.10078125 0.07890625
1 0.16875 0.10625 0.09765625 0.0828125
1 0.05234375 0.05625 0.10390625 0.11171875
1 0.1984375 0.4921875 0.09921875 0.1234375
1 0.89609375 0.4453125 0.1546875 0.17890625
1 0.965625 0.3359375 0.06796875 0.11171875
1 0.92578125 0.63984375 0.14765625 0.1921875
1 0.7234375 0.621875 0.08125 0.1265625
1 0.71015625 0.5109375 0.065625 0.07109375
1 0.4890625 0.84921875 0.07734375 0.1015625
1 0.475 0.94921875 0.0921875 0.09921875
1 0.23671875 0.81015625 0.06328125 0.0875
1 0.13984375 0.75703125 0.09765625 0.11953125
1 0.125 0.85546875 0.10625 0.09921875
1 0.03359375 0.7953125 0.0671875 0.1109375
1 0.3703125 0.340625 0.06953125 0.0921875
1 0.9625 0.9171875 0.06328125 0.05078125