1 0.91015625 0.44453125 0.1625 0.1765625
1 0.93125 0.64921875 0.1375 0.19453125
1 0.6 0.1828125 0.12890625 0.15625
1 0.67421875 0.08671875 0.1265625 0.17265625
1 0.553125 0.26484375 0.07109375 0.11875
1 0.3765625 0.3375 0.078125 0.0828125
1 0.31171875 0.22734375 0.08984375 0.0765625
1 0.05703125 0.06484375 0.1046875 0.12734375
1 0.20625 0.48203125 0.096875 0.1140625
1 0.13828125 0.7578125 0.10703125 0.096875
1 0.0359375 0.8046875 0.071875 0.128125
1 0.12734375 0.8625 0.0953125 0.09296875
1 0.2296875 0.80078125 0.06875 0.0625
1 0.4921875 0.8234375 0.07734375 0.05859375
1 0.47890625 0.95703125 0.1 0.0859375
1 0.53203125 0.915625 0.0328125 0.04296875
1 0.471875 0.88125 0.059375 0.06328125
1 0.71796875 0.61953125 0.075 0.13984375
1 0.70625 0.521875 0.05234375 0.0921875
1 0.96796875 0.92265625 0.0640625 0.0390625