1 0.95859375 0.334375 0.0828125 0.1171875
1 0.89453125 0.4421875 0.15390625 0.175
1 0.98828125 0.49140625 0.02265625 0.09453125
1 0.928125 0.653125 0.14375 0.2
1 0.73125 0.6265625 0.09921875 0.1203125
1 0.69921875 0.51171875 0.0421875 0.04453125
1 0.6703125 0.08125 0.14140625 0.1625
1 0.5984375 0.1859375 0.11171875 0.1421875
1 0.54921875 0.2546875 0.0921875 0.11171875
1 0.38828125 0.209375 0.0484375 0.08984375
1 0.31171875 0.2140625 0.09765625 0.0953125
1 0.1734375 0.096875 0.09609375 0.09765625
1 0.0625 0.0703125 0.125 0.125
1 0.19140625 0.5078125 0.13125 0.1421875
1 0.13359375 0.7578125 0.09609375 0.10859375
1 0.0375 0.8140625 0.075 0.115625
1 0.12265625 0.859375 0.10078125 0.09453125
1 0.2375 0.81171875 0.06328125 0.11015625
1 0.4890625 0.8484375 0.06328125 0.08515625
1 0.5265625 0.91015625 0.04765625 0.059375
1 0.46953125 0.953125 0.0953125 0.09375
1 0.96171875 0.95078125 0.0765625 0.0875
1 0.978125 0.8578125 0.04375 0.08828125
1 0.38125 0.3375 0.08359375 0.10703125
1 0.92421875 0.075 0.12265625 0.1296875