1 0.90078125 0.44765625 0.153125 0.19140625
1 0.965625 0.33671875 0.06875 0.1296875
1 0.9265625 0.6515625 0.146875 0.19921875
1 0.72421875 0.62265625 0.10625 0.13203125
1 0.703125 0.51015625 0.05078125 0.07265625
1 0.66875 0.08515625 0.146875 0.1703125
1 0.5890625 0.18203125 0.1203125 0.1625
1 0.546875 0.24765625 0.09375 0.125
1 0.31328125 0.21171875 0.09375 0.0921875
1 0.1609375 0.0953125 0.08203125 0.09140625
1 0.05390625 0.06953125 0.1078125 0.1390625
1 0.1953125 0.51171875 0.1140625 0.16015625
1 0.13359375 0.75859375 0.103125 0.115625
1 0.03671875 0.809375 0.07265625 0.128125
1 0.12578125 0.86171875 0.1 0.10859375
1 0.234375 0.81015625 0.07265625 0.0984375
1 0.48046875 0.85 0.0984375 0.115625
1 0.478125 0.9515625 0.0890625 0.08828125
1 0.528125 0.91484375 0.0515625 0.06328125
1 0.95546875 0.93046875 0.0890625 0.06796875
1 0.91875 0.0703125 0.12265625 0.13515625
1 0.359375 0.32890625 0.07890625 0.09140625