1 0.6796875 0.046875 0.125 0.09375
1 0.890625 0.4546875 0.1421875 0.165625
1 0.78125 0.68125 0.1 0.1203125
1 0.73046875 0.6703125 0.05625 0.10390625
1 0.64453125 0.65 0.08046875 0.103125
1 0.64375 0.73984375 0.11015625 0.1359375
1 0.58515625 0.7921875 0.090625 0.103125
1 0.546875 0.69375 0.1296875 0.13203125
1 0.53828125 0.5875 0.10234375 0.1203125
1 0.48359375 0.734375 0.07421875 0.11953125
1 0.4015625 0.79453125 0.1328125 0.0984375
1 0.23046875 0.69921875 0.0828125 0.0671875
1 0.1953125 0.57265625 0.1421875 0.12109375
1 0.14140625 0.7390625 0.07890625 0.08984375
1 0.1453125 0.49921875 0.1171875 0.13046875
1 0.69609375 0.15703125 0.08125 0.0765625
1 0.43515625 0.26015625 0.08828125 0.11796875
1 0.21875 0.17890625 0.07265625 0.084375
1 0.21875 0.046875 0.1 0.08828125