1 0.89296875 0.45625 0.1171875 0.1640625
1 0.79140625 0.67890625 0.09453125 0.1140625
1 0.72265625 0.65546875 0.05859375 0.08671875
1 0.63984375 0.65 0.09453125 0.09765625
1 0.64453125 0.7375 0.10546875 0.11328125
1 0.578125 0.78828125 0.078125 0.08046875
1 0.54765625 0.7046875 0.09765625 0.121875
1 0.546875 0.596875 0.10625 0.14609375
1 0.4734375 0.71953125 0.078125 0.07734375
1 0.39765625 0.7921875 0.096875 0.0890625
1 0.2109375 0.56171875 0.12265625 0.140625
1 0.13359375 0.49765625 0.1125 0.1125
1 0.2265625 0.68671875 0.0953125 0.0859375
1 0.13515625 0.7390625 0.06875 0.07890625
1 0.6859375 0.05234375 0.13984375 0.10390625
1 0.2203125 0.0375 0.09375 0.0734375
1 0.2109375 0.196875 0.075 0.103125
1 0.69375 0.1625 0.07109375 0.0828125
1 0.46640625 0.275 0.0421875 0.12109375
1 0.9078125 0.60703125 0.0453125 0.10234375