1 0.8875 0.459375 0.1265625 0.17578125
1 0.78359375 0.69140625 0.0921875 0.115625
1 0.73046875 0.65703125 0.046875 0.1078125
1 0.63671875 0.6515625 0.08203125 0.10546875
1 0.64453125 0.74609375 0.08515625 0.1
1 0.58671875 0.79453125 0.06640625 0.09453125
1 0.56484375 0.70234375 0.09375 0.096875
1 0.55 0.58984375 0.090625 0.115625
1 0.471875 0.7203125 0.059375 0.08046875
1 0.38046875 0.80078125 0.0546875 0.08125
1 0.221875 0.6984375 0.065625 0.08515625
1 0.14375 0.7375 0.05234375 0.078125
1 0.2125 0.571875 0.1 0.134375
1 0.13125 0.51015625 0.09375 0.14296875
1 0.21875 0.1828125 0.06484375 0.084375
1 0.21484375 0.046875 0.0828125 0.09375
1 0.678125 0.046875 0.13125 0.09375
1 0.46484375 0.2703125 0.040625 0.10390625
1 0.41171875 0.25 0.02421875 0.09375
1 0.69765625 0.153125 0.06640625 0.06953125