1 0.6875 0.21640625 0.1109375 0.09453125
1 0.6484375 0.27734375 0.11796875 0.06171875
1 0.7484375 0.34765625 0.09921875 0.1015625
1 0.79375 0.41171875 0.08359375 0.075
1 0.709375 0.44609375 0.11796875 0.08984375
1 0.65234375 0.3515625 0.11015625 0.09375
1 0.6 0.459375 0.11640625 0.08984375
1 0.7296875 0.54296875 0.06796875 0.065625
1 0.80703125 0.60625 0.09453125 0.08984375
1 0.696875 0.765625 0.09296875 0.08828125
1 0.73828125 0.8546875 0.0640625 0.09140625
1 0.56875 0.784375 0.12421875 0.11171875
1 0.50625 0.865625 0.1265625 0.103125
1 0.1875 0.77421875 0.0703125 0.08515625
1 0.04765625 0.775 0.09453125 0.103125
1 0.04921875 0.2953125 0.09765625 0.16796875
1 0.453125 0.10859375 0.1640625 0.12890625
1 0.5796875 0.090625 0.11484375 0.07265625
1 0.1484375 0.30625 0.0734375 0.08203125
1 0.25078125 0.5640625 0.10078125 0.10234375