1 0.92109375 0.390625 0.02109375 0.034375
1 0.9875 0.45 0.0203125 0.02734375
1 0.946875 0.5515625 0.04609375 0.03203125
1 0.75 0.56015625 0.0375 0.05234375
1 0.678125 0.5625 0.015625 0.03828125
1 0.0515625 0.5 0.01953125 0.05078125
1 0.059375 0.559375 0.0234375 0.03203125
1 0.21953125 0.65859375 0.03125 0.0375
1 0.26328125 0.45078125 0.01640625 0.0390625
1 0.20546875 0.38359375 0.0484375 0.0390625
1 0.5109375 0.43984375 0.034375 0.03671875
1 0.1171875 0.21640625 0.03203125 0.0234375
1 0.7921875 0.28046875 0.01796875 0.02265625
1 0.615625 0.1046875 0.0421875 0.06015625
1 0.7015625 0.6875 0.028125 0.04453125
1 0.953125 0.434375 0.02421875 0.05