1 0.98984375 0.4515625 0.01875 0.03046875
1 0.9609375 0.421875 0.028125 0.0421875
1 0.92890625 0.3921875 0.03515625 0.03203125
1 0.94921875 0.54453125 0.03125 0.046875
1 0.7546875 0.5640625 0.0296875 0.046875
1 0.67734375 0.56015625 0.02109375 0.034375
1 0.2265625 0.65859375 0.034375 0.03515625
1 0.009375 0.7 0.01875 0.04296875
1 0.05546875 0.5671875 0.03125 0.03984375
1 0.05 0.50234375 0.02890625 0.05703125
1 0.20234375 0.5515625 0.0265625 0.0296875
1 0.2125 0.38828125 0.03359375 0.04609375
1 0.50546875 0.44140625 0.03359375 0.04140625
1 0.615625 0.103125 0.040625 0.04453125
1 0.1203125 0.21640625 0.02265625 0.0265625
1 0.8015625 0.28359375 0.025 0.02265625