1 0.096875 0.31484375 0.16640625 0.16953125
1 0.1453125 0.55703125 0.1578125 0.16796875
1 0.3953125 0.73515625 0.0875 0.0875
1 0.4359375 0.840625 0.09921875 0.15390625
1 0.53984375 0.79921875 0.1515625 0.18828125
1 0.02265625 0.6953125 0.034375 0.11953125
1 0.021875 0.853125 0.04375 0.11484375
1 0.03671875 0.909375 0.0734375 0.06875
1 0.11484375 0.75390625 0.0796875 0.06640625
1 0.65390625 0.4703125 0.065625 0.0578125
1 0.72421875 0.46171875 0.0828125 0.11171875
1 0.6078125 0.53671875 0.0796875 0.06875
1 0.653125 0.60625 0.0640625 0.06875
1 0.78671875 0.4703125 0.059375 0.0640625
1 0.84453125 0.625 0.046875 0.1234375
1 0.96171875 0.29609375 0.07578125 0.1203125
1 0.8890625 0.20390625 0.13515625 0.09609375