1 0.9734375 0.2890625 0.053125 0.13671875
1 0.90546875 0.18828125 0.1265625 0.11328125
1 0.8 0.4796875 0.096875 0.09609375
1 0.91328125 0.4765625 0.1109375 0.11640625
1 0.8375 0.6234375 0.08359375 0.12109375
1 0.6203125 0.56484375 0.09375 0.1328125
1 0.6875 0.46875 0.14453125 0.10078125
1 0.5359375 0.79296875 0.12578125 0.17578125
1 0.43671875 0.84375 0.10390625 0.1390625
1 0.40546875 0.74140625 0.0828125 0.103125
1 0.36640625 0.82265625 0.03046875 0.07578125
1 0.52890625 0.70234375 0.12890625 0.096875
1 0.146875 0.54453125 0.14765625 0.16328125
1 0.23125 0.46953125 0.05859375 0.08828125
1 0.06484375 0.53359375 0.05 0.11953125
1 0.08984375 0.309375 0.13984375 0.1640625
1 0.11328125 0.74921875 0.07578125 0.078125
1 0.021875 0.69140625 0.04375 0.1109375
1 0.01875 0.8578125 0.0375 0.12265625
1 0.04296875 0.90859375 0.0703125 0.0828125
1 0.503125 0.48125 0.06875 0.08984375
1 0.7171875 0.7390625 0.06015625 0.07265625
1 0.975 0.75390625 0.05 0.0796875