1 0.8140625 0.2890625 0.1515625 0.19140625
1 0.92109375 0.27578125 0.08203125 0.14375
1 0.9171875 0.559375 0.165625 0.22109375
1 0.75703125 0.55390625 0.14296875 0.1671875
1 0.64921875 0.38125 0.071875 0.0890625
1 0.59765625 0.70234375 0.08046875 0.12265625
1 0.5703125 0.8234375 0.02578125 0.07734375
1 0.60390625 0.821875 0.03359375 0.0578125
1 0.43984375 0.9046875 0.1015625 0.09609375
1 0.3796875 0.81953125 0.065625 0.10625
1 0.465625 0.96171875 0.0984375 0.0765625
1 0.4984375 0.21953125 0.1171875 0.165625