1 0.64453125 0.43828125 0.12578125 0.13828125
1 0.7703125 0.359375 0.08515625 0.125
1 0.68828125 0.56875 0.0859375 0.06875
1 0.45546875 0.65234375 0.0734375 0.07578125
1 0.446875 0.76328125 0.07734375 0.09609375
1 0.3734375 0.73828125 0.0703125 0.08203125
1 0.34765625 0.82890625 0.07109375 0.10859375
1 0.51171875 0.95390625 0.10390625 0.0921875
1 0.05625 0.30703125 0.1015625 0.1421875
1 0.03671875 0.42734375 0.0734375 0.1234375
1 0.0484375 0.078125 0.0921875 0.121875
1 0.0296875 0.16953125 0.05859375 0.07578125
1 0.1734375 0.20859375 0.08046875 0.08984375
1 0.2328125 0.2 0.065625 0.07890625
1 0.68359375 0.29765625 0.0609375 0.06484375