1 0.653125 0.44296875 0.14921875 0.153125
1 0.68203125 0.57109375 0.084375 0.078125
1 0.77734375 0.37265625 0.115625 0.146875
1 0.4484375 0.66015625 0.08125 0.08671875
1 0.453125 0.76328125 0.07890625 0.12734375
1 0.3765625 0.72734375 0.09765625 0.09296875
1 0.3390625 0.8234375 0.06484375 0.10859375
1 0.509375 0.95390625 0.1015625 0.0921875
1 0.0640625 0.30703125 0.128125 0.1421875
1 0.034375 0.42421875 0.06796875 0.13828125
1 0.04921875 0.0765625 0.0875 0.1453125
1 0.040625 0.1703125 0.08125 0.0890625
1 0.68203125 0.31015625 0.084375 0.0640625
1 0.16640625 0.18828125 0.103125 0.1234375