1 0.77578125 0.38046875 0.0625 0.1421875
1 0.6640625 0.296875 0.05703125 0.06015625
1 0.6546875 0.44140625 0.12734375 0.13984375
1 0.6828125 0.5703125 0.0765625 0.0765625
1 0.45078125 0.6609375 0.06328125 0.08984375
1 0.4484375 0.76015625 0.0703125 0.1015625
1 0.3734375 0.7296875 0.08515625 0.1109375
1 0.346875 0.8390625 0.0578125 0.103125
1 0.51953125 0.95703125 0.10078125 0.0859375
1 0.403125 0.98671875 0.07734375 0.02578125
1 0.03515625 0.42265625 0.0703125 0.11015625
1 0.05 0.3109375 0.0953125 0.1359375
1 0.04765625 0.16171875 0.090625 0.08203125
1 0.04453125 0.07890625 0.084375 0.125
1 0.1609375 0.2 0.06796875 0.10546875