1 0.76171875 0.371875 0.1015625 0.15078125
1 0.6453125 0.43828125 0.15234375 0.1765625
1 0.65234375 0.30546875 0.10078125 0.084375
1 0.6796875 0.56953125 0.08046875 0.096875
1 0.44140625 0.65078125 0.0703125 0.11328125
1 0.44921875 0.76171875 0.0859375 0.1125
1 0.51640625 0.94765625 0.121875 0.10390625
1 0.353125 0.83671875 0.084375 0.13359375
1 0.36640625 0.7125 0.07890625 0.12578125
1 0.053125 0.30625 0.10546875 0.1390625
1 0.0375 0.42890625 0.075 0.1046875
1 0.05 0.17265625 0.09609375 0.09375
1 0.0484375 0.0703125 0.096875 0.13515625
1 0.1671875 0.203125 0.084375 0.10703125