1 0.953125 0.48359375 0.09296875 0.12265625
1 0.98359375 0.59609375 0.0328125 0.1046875
1 0.7796875 0.54453125 0.13515625 0.1
1 0.8328125 0.64375 0.1140625 0.09609375
1 0.72578125 0.62578125 0.14453125 0.0875
1 0.65546875 0.546875 0.1 0.078125
1 0.584375 0.31484375 0.09609375 0.09453125
1 0.4390625 0.35390625 0.16875 0.11328125
1 0.37421875 0.23515625 0.15703125 0.1109375
1 0.31015625 0.33984375 0.09140625 0.07578125
1 0.21875 0.80625 0.12734375 0.09609375
1 0.19140625 0.89453125 0.1375 0.10234375
1 0.29921875 0.9359375 0.1453125 0.128125
1 0.41953125 0.946875 0.10859375 0.10546875
1 0.10234375 0.93984375 0.09765625 0.1015625
1 0.16875 0.9421875 0.0765625 0.09609375