1 0.1765625 0.6390625 0.15625 0.1875
1 0.35625 0.36484375 0.09453125 0.0875
1 0.27421875 0.415625 0.06328125 0.12578125
1 0.27265625 0.04140625 0.12421875 0.0828125
1 0.27578125 0.12734375 0.11953125 0.14609375
1 0.47578125 0.24921875 0.10390625 0.08046875
1 0.45078125 0.0421875 0.09609375 0.084375
1 0.2515625 0.865625 0.065625 0.103125
1 0.42109375 0.52734375 0.08046875 0.06640625
1 0.51640625 0.49765625 0.05078125 0.1125
1 0.5515625 0.4921875 0.0359375 0.07578125
1 0.58203125 0.26953125 0.05546875 0.09453125
1 0.69921875 0.3140625 0.06015625 0.08671875
1 0.65859375 0.44765625 0.06328125 0.09296875
1 0.68984375 0.5171875 0.0625 0.07734375
1 0.71953125 0.4328125 0.07421875 0.11171875
1 0.75859375 0.409375 0.040625 0.09140625
1 0.725 0.665625 0.03671875 0.0703125
1 0.7234375 0.24453125 0.0390625 0.065625
1 0.56875 0.1671875 0.04453125 0.04921875
1 0.859375 0.25546875 0.03828125 0.07734375
1 0.8859375 0.25390625 0.028125 0.05703125
1 0.8671875 0.22734375 0.028125 0.06875
1 0.85859375 0.1875 0.015625 0.06328125
1 0.871875 0.321875 0.04296875 0.05