1 0.634375 0.8421875 0.234375 0.15234375
1 0.3734375 0.65625 0.159375 0.159375
1 0.43203125 0.71171875 0.13359375 0.1140625
1 0.54609375 0.5765625 0.09453125 0.0734375
1 0.50625 0.4796875 0.1015625 0.0765625
1 0.25703125 0.5046875 0.0984375 0.07421875
1 0.2828125 0.40546875 0.11171875 0.09453125
1 0.0453125 0.525 0.090625 0.09375
1 0.02265625 0.73203125 0.0453125 0.128125
1 0.13125 0.71171875 0.12890625 0.11015625
1 0.66484375 0.26328125 0.06484375 0.071875
1 0.5140625 0.30078125 0.0625 0.06171875
1 0.4609375 0.3421875 0.0734375 0.0640625
1 0.4265625 0.27890625 0.084375 0.07578125
1 0.30234375 0.29921875 0.08671875 0.07890625
1 0.3078125 0.25 0.06171875 0.07109375
1 0.23203125 0.25859375 0.06328125 0.05703125
1 0.2578125 0.1546875 0.03515625 0.0359375
1 0.2453125 0.11640625 0.04296875 0.03828125
1 0.22890625 0.13828125 0.0421875 0.0390625
1 0.26484375 0.1140625 0.04453125 0.05
1 0.2953125 0.134375 0.0359375 0.04765625
1 0.34296875 0.12734375 0.03515625 0.0296875
1 0.17265625 0.1375 0.03515625 0.04375
1 0.8265625 0.29921875 0.06875 0.0625
1 0.54140625 0.23671875 0.06953125 0.03984375
1 0.67265625 0.71953125 0.134375 0.05078125