1 0.85 0.3484375 0.12109375 0.16171875
1 0.7546875 0.128125 0.05625 0.10390625
1 0.565625 0.45859375 0.04296875 0.0765625
1 0.6484375 0.63046875 0.11015625 0.121875
1 0.725 0.56796875 0.08046875 0.1171875
1 0.7328125 0.871875 0.11875 0.1015625
1 0.73984375 0.97265625 0.12421875 0.0546875
1 0.5359375 0.9625 0.08046875 0.075
1 0.5125 0.734375 0.06875 0.0890625
1 0.5015625 0.671875 0.04296875 0.0671875
1 0.4796875 0.4859375 0.053125 0.08671875
1 0.46171875 0.51015625 0.03828125 0.0640625
1 0.45390625 0.43046875 0.03671875 0.059375
1 0.40546875 0.7234375 0.07265625 0.1
1 0.71875 0.325 0.046875 0.1375
1 0.3296875 0.53671875 0.059375 0.059375
1 0.29609375 0.48359375 0.0546875 0.06328125
1 0.2796875 0.56640625 0.065625 0.0875
1 0.25 0.61640625 0.0375 0.0625
1 0.29921875 0.68671875 0.046875 0.07421875
1 0.253125 0.69453125 0.03515625 0.0640625
1 0.259375 0.7546875 0.0296875 0.04140625
1 0.41953125 0.828125 0.04921875 0.03671875
1 0.1453125 0.74609375 0.028125 0.03828125
1 0.109375 0.74453125 0.028125 0.03515625
1 0.13359375 0.8 0.028125 0.03828125
1 0.14140625 0.82890625 0.02890625 0.02578125
1 0.13984375 0.69609375 0.03125 0.04453125
1 0.134375 0.6578125 0.03671875 0.04375
1 0.2671875 0.33671875 0.0546875 0.0625