1 0.75390625 0.3546875 0.153125 0.19609375
1 0.94375 0.4421875 0.11171875 0.17265625
1 0.8703125 0.56875 0.07109375 0.08515625
1 0.62890625 0.42578125 0.06875 0.11328125
1 0.5453125 0.546875 0.11953125 0.153125
1 0.47109375 0.59296875 0.12109375 0.16015625
1 0.3734375 0.66953125 0.1390625 0.1640625
1 0.1640625 0.60859375 0.14765625 0.153125
1 0.09609375 0.76640625 0.06484375 0.09609375
1 0.2046875 0.7703125 0.0671875 0.071875
1 0.5859375 0.75234375 0.0953125 0.13203125
1 0.51328125 0.80625 0.05078125 0.10625
1 0.715625 0.83671875 0.08203125 0.0984375
1 0.7625 0.72421875 0.0640625 0.07578125
1 0.43203125 0.03828125 0.16796875 0.07578125
1 0.5703125 0.02734375 0.11875 0.0546875