1 0.9375 0.446875 0.125 0.1953125
1 0.75546875 0.375 0.16015625 0.1921875
1 0.8609375 0.5703125 0.0546875 0.08046875
1 0.92890625 0.61328125 0.0578125 0.07890625
1 0.63203125 0.428125 0.09609375 0.13046875
1 0.58046875 0.0265625 0.1203125 0.053125
1 0.4421875 0.040625 0.1515625 0.0703125
1 0.646875 0.259375 0.040625 0.08515625
1 0.53828125 0.54453125 0.1078125 0.1265625
1 0.475 0.5921875 0.109375 0.1609375
1 0.41015625 0.50625 0.0703125 0.07265625
1 0.38125 0.66953125 0.13125 0.14140625
1 0.38125 0.571875 0.07734375 0.06640625
1 0.153125 0.6 0.12890625 0.16328125
1 0.26484375 0.6703125 0.090625 0.11640625
1 0.16796875 0.709375 0.10859375 0.06640625
1 0.21171875 0.77578125 0.06875 0.0703125
1 0.0890625 0.76015625 0.053125 0.06171875
1 0.76015625 0.71953125 0.07578125 0.1
1 0.7125 0.840625 0.08671875 0.096875
1 0.64765625 0.73984375 0.04609375 0.07734375
1 0.575 0.75625 0.09140625 0.11484375
1 0.5265625 0.821875 0.075 0.10390625