1 0.3171875 0.3765625 0.18671875 0.1640625
1 0.40546875 0.45546875 0.1765625 0.1140625
1 0.43828125 0.51640625 0.13515625 0.11875
1 0.553125 0.6125 0.16171875 0.11875
1 0.61875 0.753125 0.22890625 0.1875
1 0.53671875 0.928125 0.1984375 0.14296875
1 0.95078125 0.46015625 0.0984375 0.16015625
1 0.971875 0.56484375 0.05625 0.1625
1 0.37265625 0.1546875 0.18515625 0.146875
1 0.2328125 0.0984375 0.10234375 0.0671875
1 0.2046875 0.21015625 0.05234375 0.0828125
1 0.18671875 0.51171875 0.09140625 0.08359375
1 0.22578125 0.57265625 0.13671875 0.125
1 0.1703125 0.7265625 0.10546875 0.11171875
1 0.28984375 0.76796875 0.1046875 0.09375
1 0.43203125 0.85546875 0.10703125 0.09296875