1 0.83828125 0.31328125 0.16796875 0.1765625
1 0.7203125 0.39375 0.14453125 0.19375
1 0.721875 0.13359375 0.18984375 0.22265625
1 0.7296875 0.5984375 0.1578125 0.19296875
1 0.6234375 0.55078125 0.175 0.1828125
1 0.55625 0.79609375 0.11015625 0.0859375
1 0.44609375 0.746875 0.15078125 0.084375
1 0.471875 0.6484375 0.11640625 0.15859375
1 0.45078125 0.84765625 0.1234375 0.0984375
1 0.31484375 0.80625 0.15390625 0.10625
1 0.23359375 0.43203125 0.15234375 0.1203125
1 0.08828125 0.4234375 0.12890625 0.146875