1 0.58359375 0.19375 0.09453125 0.1609375
1 0.53203125 0.3140625 0.0609375 0.09765625
1 0.5046875 0.4890625 0.08125 0.14921875
1 0.41640625 0.515625 0.12421875 0.14453125
1 0.390625 0.6375 0.17265625 0.13203125
1 0.378125 0.78671875 0.109375 0.13515625
1 0.1859375 0.85546875 0.0671875 0.15078125
1 0.075 0.8921875 0.1015625 0.08671875
1 0.02890625 0.9359375 0.05234375 0.109375
1 0.2890625 0.9109375 0.08828125 0.06015625
1 0.728125 0.671875 0.10625 0.0609375
1 0.7640625 0.8734375 0.071875 0.09765625
1 0.8875 0.875 0.1046875 0.121875
1 0.6796875 0.85625 0.0796875 0.09453125