1 0.5890625 0.20234375 0.084375 0.16328125
1 0.528125 0.31328125 0.06953125 0.10546875
1 0.509375 0.484375 0.05859375 0.1546875
1 0.40234375 0.51796875 0.10546875 0.15
1 0.3875 0.653125 0.12578125 0.1140625
1 0.478125 0.6390625 0.040625 0.1171875
1 0.36953125 0.79453125 0.09921875 0.16171875
1 0.1890625 0.8421875 0.053125 0.15
1 0.07734375 0.88203125 0.05703125 0.08359375
1 0.02890625 0.93984375 0.053125 0.09140625
1 0.284375 0.9265625 0.07578125 0.06953125
1 0.6828125 0.85625 0.0453125 0.08046875
1 0.73125 0.68203125 0.06171875 0.0921875
1 0.78046875 0.884375 0.05 0.1015625
1 0.89296875 0.88203125 0.07421875 0.11875
1 0.98125 0.453125 0.0375 0.06875
1 0.5578125 0.05390625 0.1015625 0.10703125