1 0.56640625 0.1921875 0.11484375 0.17421875
1 0.52578125 0.31640625 0.0734375 0.10703125
1 0.39453125 0.50625 0.10859375 0.1625
1 0.5140625 0.46953125 0.10390625 0.15078125
1 0.4828125 0.628125 0.05 0.10703125
1 0.39453125 0.65078125 0.1359375 0.121875
1 0.36953125 0.790625 0.08984375 0.1625
1 0.19375 0.83359375 0.071875 0.13671875
1 0.14609375 0.8046875 0.03828125 0.078125
1 0.08203125 0.88203125 0.075 0.0828125
1 0.028125 0.93125 0.05546875 0.096875
1 0.2796875 0.91796875 0.075 0.06171875
1 0.89296875 0.8734375 0.08359375 0.10546875
1 0.7859375 0.878125 0.06484375 0.0875
1 0.7296875 0.6625 0.07734375 0.078125
1 0.6859375 0.8484375 0.05625 0.08203125