1 0.1671875 0.6359375 0.08125 0.09375
1 0.07265625 0.62109375 0.06953125 0.1078125
1 0.28046875 0.62421875 0.10703125 0.1140625
1 0.3484375 0.7171875 0.0609375 0.090625
1 0.403125 0.73671875 0.0546875 0.08046875
1 0.38671875 0.625 0.05859375 0.08984375
1 0.46953125 0.6375 0.08046875 0.10078125
1 0.51953125 0.5640625 0.0609375 0.09921875
1 0.65390625 0.54609375 0.0859375 0.10859375
1 0.72109375 0.44375 0.1171875 0.15234375
1 0.77734375 0.56171875 0.12734375 0.109375
1 0.90078125 0.42578125 0.16171875 0.11328125
1 0.5015625 0.2515625 0.11953125 0.1640625
1 0.36171875 0.4375 0.0921875 0.0609375
1 0.315625 0.5078125 0.075 0.0890625
1 0.2828125 0.4046875 0.08203125 0.08828125
1 0.06953125 0.2640625 0.0859375 0.08203125
1 0.384375 0.4921875 0.04375 0.05859375
1 0.43046875 0.42421875 0.0609375 0.0609375
1 0.4234375 0.50546875 0.046875 0.07109375