1 0.72890625 0.4453125 0.15390625 0.171875
1 0.64609375 0.553125 0.0921875 0.128125
1 0.78046875 0.5625 0.1265625 0.1421875
1 0.6046875 0.4875 0.0625 0.0671875
1 0.5375 0.56328125 0.07734375 0.08359375
1 0.475 0.63359375 0.07578125 0.103125
1 0.3828125 0.61953125 0.078125 0.0734375
1 0.35 0.71640625 0.0765625 0.09140625
1 0.40234375 0.73359375 0.06328125 0.0671875
1 0.2859375 0.6171875 0.0921875 0.12265625
1 0.3234375 0.5140625 0.10859375 0.11953125
1 0.29296875 0.41484375 0.084375 0.11328125
1 0.36484375 0.43046875 0.05703125 0.075
1 0.3921875 0.4765625 0.07421875 0.08671875
1 0.4234375 0.440625 0.05234375 0.0796875
1 0.415625 0.4984375 0.04765625 0.06640625
1 0.5015625 0.26953125 0.134375 0.15859375
1 0.05703125 0.26875 0.08828125 0.0984375
1 0.16484375 0.51328125 0.07421875 0.06015625
1 0.1671875 0.61953125 0.08984375 0.090625
1 0.0796875 0.61796875 0.1328125 0.09296875
1 0.09140625 0.55703125 0.0609375 0.05546875
1 0.84609375 0.39140625 0.05 0.15078125
1 0.92890625 0.42734375 0.08828125 0.0953125