1 0.76328125 0.09765625 0.35859375 0.18203125
1 0.74296875 0.2984375 0.1640625 0.1359375
1 0.23203125 0.2625 0.18203125 0.14453125
1 0.23984375 0.4 0.18671875 0.1265625
1 0.1359375 0.275 0.1015625 0.08984375
1 0.05625 0.33984375 0.1015625 0.1171875
1 0.1 0.57109375 0.16328125 0.14921875
1 0.325 0.69453125 0.12265625 0.11796875
1 0.32578125 0.7875 0.1765625 0.1328125
1 0.44296875 0.70703125 0.15 0.15390625
1 0.54609375 0.7546875 0.13203125 0.1265625
1 0.6234375 0.70234375 0.1265625 0.11796875
1 0.53359375 0.95859375 0.0640625 0.075
1 0.60078125 0.9046875 0.08046875 0.06328125
1 0.6203125 0.94921875 0.0828125 0.07265625
1 0.6828125 0.9140625 0.096875 0.0875
1 0.64921875 0.9734375 0.065625 0.05234375
1 0.73359375 0.9546875 0.08046875 0.0828125
1 0.73359375 0.90078125 0.05390625 0.05625
1 0.765625 0.9328125 0.06484375 0.07734375
1 0.7640625 0.80546875 0.08828125 0.08359375
1 0.81875 0.71953125 0.1015625 0.07734375