1 0.6609375 0.578125 0.1046875 0.1453125
1 0.68671875 0.4796875 0.02734375 0.1
1 0.7484375 0.48125 0.06171875 0.121875
1 0.51484375 0.525 0.12265625 0.16796875
1 0.3859375 0.584375 0.15 0.171875
1 0.46484375 0.6796875 0.115625 0.1625
1 0.4125 0.4609375 0.08203125 0.0890625
1 0.659375 0.7953125 0.0921875 0.140625
1 0.7875 0.8328125 0.165625 0.2203125
1 0.38984375 0.75234375 0.10390625 0.1296875
1 0.4609375 0.83125 0.06875 0.1109375
1 0.09453125 0.6765625 0.06484375 0.13359375
1 0.18359375 0.684375 0.06484375 0.05625
1 0.93125 0.04453125 0.134375 0.0890625