1 0.72421875 0.51640625 0.11015625 0.10859375
1 0.76328125 0.534375 0.04921875 0.07578125
1 0.8171875 0.4859375 0.0671875 0.10078125
1 0.81328125 0.57734375 0.06875 0.0859375
1 0.8640625 0.5703125 0.06953125 0.0890625
1 0.9171875 0.60625 0.06875 0.09609375
1 0.9125 0.509375 0.04375 0.05703125
1 0.93984375 0.54609375 0.05078125 0.05
1 0.70859375 0.59921875 0.11015625 0.103125
1 0.68984375 0.64921875 0.11015625 0.12890625
1 0.61640625 0.68671875 0.103125 0.06484375
1 0.6109375 0.40625 0.090625 0.0859375
1 0.63828125 0.34140625 0.06015625 0.08984375
1 0.7140625 0.428125 0.0953125 0.08671875
1 0.459375 0.37734375 0.096875 0.11328125
1 0.51875 0.353125 0.05 0.0640625
1 0.46953125 0.26171875 0.0484375 0.06796875
1 0.29296875 0.25 0.090625 0.103125
1 0.240625 0.16875 0.096875 0.10078125
1 0.1484375 0.103125 0.1421875 0.17734375
1 0.39453125 0.74765625 0.08984375 0.0859375
1 0.26328125 0.7203125 0.1578125 0.15859375
1 0.41015625 0.90078125 0.07890625 0.0875
1 0.18125 0.521875 0.10078125 0.125
1 0.19453125 0.39453125 0.05859375 0.11015625