1 0.75625 0.25234375 0.0953125 0.15234375
1 0.61953125 0.24765625 0.07890625 0.10234375
1 0.60546875 0.09375 0.07265625 0.1109375
1 0.3828125 0.3046875 0.071875 0.08828125
1 0.315625 0.33671875 0.08046875 0.0984375
1 0.29375 0.3859375 0.07265625 0.059375
1 0.08515625 0.39609375 0.06015625 0.084375
1 0.125 0.4390625 0.06875 0.07578125
1 0.17890625 0.4234375 0.04140625 0.0859375
1 0.22890625 0.46171875 0.0625 0.090625
1 0.2859375 0.4984375 0.07421875 0.08828125
1 0.28359375 0.57734375 0.05625 0.06015625
1 0.40078125 0.58515625 0.06875 0.084375
1 0.49140625 0.66171875 0.05859375 0.09609375
1 0.5609375 0.63359375 0.0734375 0.09609375
1 0.71328125 0.7515625 0.07109375 0.07578125
1 0.7578125 0.83359375 0.071875 0.1015625
1 0.85703125 0.896875 0.11015625 0.1609375
1 0.521875 0.740625 0.03984375 0.04921875
1 0.35625 0.65703125 0.05390625 0.08984375
1 0.1875 0.5203125 0.05546875 0.05703125
1 0.0765625 0.47578125 0.0640625 0.05234375