1 0.7984375 0.0875 0.14140625 0.13046875
1 0.865625 0.17421875 0.11484375 0.09609375
1 0.73203125 0.30859375 0.08359375 0.0765625
1 0.6765625 0.35546875 0.06796875 0.05234375
1 0.6234375 0.28203125 0.1265625 0.09921875
1 0.5328125 0.25859375 0.06875 0.071875
1 0.57109375 0.3546875 0.10234375 0.1
1 0.51171875 0.39453125 0.09453125 0.07265625
1 0.51640625 0.475 0.10546875 0.07890625
1 0.46328125 0.51796875 0.10546875 0.07421875
1 0.61171875 0.46171875 0.07578125 0.06328125
1 0.4625 0.23515625 0.1203125 0.09453125
1 0.41328125 0.1734375 0.14453125 0.09453125
1 0.37734375 0.09921875 0.09921875 0.0734375
1 0.3234375 0.29921875 0.10234375 0.075
1 0.546875 0.60625 0.05390625 0.0484375
1 0.52421875 0.6328125 0.06640625 0.03203125
1 0.44921875 0.6453125 0.0453125 0.03515625
1 0.41171875 0.61875 0.0453125 0.03046875
1 0.51953125 0.821875 0.04765625 0.0265625
1 0.4484375 0.79375 0.05390625 0.028125
1 0.42421875 0.82109375 0.04375 0.02890625
1 0.403125 0.79609375 0.03828125 0.03359375
1 0.37734375 0.81796875 0.02421875 0.034375
1 0.3453125 0.72734375 0.040625 0.028125
1 0.4265625 0.90234375 0.03671875 0.0328125
1 0.55390625 0.8671875 0.03671875 0.02109375
1 0.39921875 0.8734375 0.0296875 0.01171875
1 0.31796875 0.79296875 0.03359375 0.01640625