1 0.93125 0.4578125 0.1296875 0.14609375
1 0.87734375 0.36171875 0.06953125 0.08671875
1 0.65703125 0.396875 0.0609375 0.0640625
1 0.60859375 0.4953125 0.0703125 0.096875
1 0.50078125 0.4734375 0.08203125 0.13203125
1 0.440625 0.37734375 0.08046875 0.090625
1 0.3609375 0.43515625 0.07734375 0.10859375
1 0.38046875 0.3546875 0.04140625 0.05859375
1 0.47734375 0.21796875 0.06171875 0.0921875
1 0.4234375 0.6984375 0.0953125 0.1203125
1 0.3265625 0.70703125 0.07890625 0.08828125
1 0.31796875 0.5859375 0.05390625 0.05859375
1 0.33984375 0.8484375 0.05234375 0.11328125
1 0.2546875 0.8875 0.02890625 0.0765625
1 0.25546875 0.82421875 0.0359375 0.05703125
1 0.4390625 0.86875 0.06875 0.09140625
1 0.65390625 0.79375 0.0453125 0.04765625
1 0.640625 0.5796875 0.0546875 0.07421875
1 0.84140625 0.921875 0.0640625 0.09140625
1 0.97734375 0.875 0.0453125 0.109375
1 0.328125 0.97890625 0.0390625 0.04140625