1 0.53984375 0.92578125 0.178125 0.1484375
1 0.6609375 0.8890625 0.14375 0.14921875
1 0.10390625 0.828125 0.1171875 0.08203125
1 0.51015625 0.60234375 0.09765625 0.0828125
1 0.6015625 0.6515625 0.09921875 0.08046875
1 0.415625 0.6265625 0.07890625 0.06640625
1 0.5375 0.50390625 0.1625 0.09921875
1 0.63046875 0.45234375 0.11953125 0.103125
1 0.81328125 0.48671875 0.1390625 0.0859375
1 0.56875 0.34765625 0.103125 0.0640625
1 0.30390625 0.43984375 0.18203125 0.13125
1 0.30390625 0.3234375 0.13359375 0.1015625
1 0.17109375 0.3296875 0.15078125 0.08203125
1 0.14296875 0.44765625 0.1359375 0.09921875
1 0.12890625 0.24375 0.0984375 0.059375
1 0.415625 0.3140625 0.11171875 0.06640625
1 0.19375 0.2625 0.10546875 0.04921875
1 0.67265625 0.375 0.08046875 0.06015625