1 0.61875 0.30078125 0.1765625 0.140625
1 0.57890625 0.425 0.15078125 0.1234375
1 0.55546875 0.3609375 0.11328125 0.0953125
1 0.525 0.4953125 0.14921875 0.11328125
1 0.66171875 0.44921875 0.08125 0.06953125
1 0.78828125 0.2546875 0.0671875 0.1234375
1 0.74296875 0.315625 0.09921875 0.06328125
1 0.68203125 0.1984375 0.16953125 0.1171875
1 0.60078125 0.1984375 0.103125 0.075
1 0.5234375 0.190625 0.21015625 0.1390625
1 0.4578125 0.07421875 0.165625 0.1484375
1 0.90546875 0.021875 0.1890625 0.04375
1 0.94140625 0.075 0.1171875 0.12109375
1 0.3171875 0.26328125 0.121875 0.09296875
1 0.5828125 0.6234375 0.0828125 0.04453125
1 0.54375 0.6421875 0.07421875 0.0453125
1 0.62109375 0.63515625 0.06953125 0.0625
1 0.43984375 0.64140625 0.1015625 0.0640625
1 0.46640625 0.66484375 0.05859375 0.0578125
1 0.41328125 0.83671875 0.03828125 0.05078125
1 0.4671875 0.85390625 0.0703125 0.0375
1 0.44765625 0.88203125 0.05234375 0.03984375
1 0.5515625 0.88515625 0.0421875 0.04609375
1 0.5796875 0.92890625 0.0296875 0.03125
1 0.62890625 0.9421875 0.04140625 0.0375
1 0.35546875 0.765625 0.0546875 0.06796875
1 0.32109375 0.8453125 0.01796875 0.0453125
1 0.42421875 0.93671875 0.0328125 0.03671875
1 0.440625 0.96875 0.04453125 0.04296875
1 0.39765625 0.96328125 0.04296875 0.04140625
1 0.346875 0.1125 0.15 0.13203125