1 0.93046875 0.440625 0.13125 0.16875
1 0.8328125 0.49140625 0.11953125 0.146875
1 0.7859375 0.68125 0.11015625 0.1390625
1 0.70078125 0.6140625 0.08984375 0.115625
1 0.56171875 0.57265625 0.08359375 0.12109375
1 0.6203125 0.55078125 0.059375 0.11328125
1 0.49921875 0.51171875 0.0828125 0.115625
1 0.74296875 0.8015625 0.0859375 0.090625
1 0.69375 0.73515625 0.0546875 0.0828125
1 0.7984375 0.5890625 0.059375 0.065625
1 0.98125 0.89609375 0.0375 0.159375
1 0.93671875 0.9453125 0.1265625 0.109375
1 0.7390625 0.32734375 0.078125 0.125
1 0.2265625 0.353125 0.0359375 0.02578125
1 0.3421875 0.53828125 0.040625 0.053125
1 0.4796875 0.596875 0.03984375 0.05
1 0.35 0.60859375 0.02890625 0.0328125
1 0.3234375 0.47421875 0.03359375 0.04921875
1 0.85 0.371875 0.046875 0.0796875
1 0.15546875 0.41796875 0.03984375 0.04453125
1 0.14375 0.4703125 0.034375 0.05078125
1 0.1140625 0.44609375 0.03203125 0.03359375
1 0.13046875 0.39921875 0.025 0.028125
1 0.0671875 0.41171875 0.02265625 0.03125
1 0.12265625 0.54453125 0.02734375 0.03828125
1 0.0765625 0.590625 0.015625 0.02890625
1 0.0625 0.6328125 0.03515625 0.0328125
1 0.03046875 0.45078125 0.025 0.0375