1 0.928125 0.4390625 0.1328125 0.1609375
1 0.828125 0.4921875 0.11015625 0.15
1 0.78125 0.6859375 0.12265625 0.13203125
1 0.6953125 0.6171875 0.1 0.1015625
1 0.56796875 0.575 0.090625 0.1078125
1 0.5 0.51484375 0.07265625 0.1109375
1 0.609375 0.53359375 0.05 0.084375
1 0.690625 0.725 0.04296875 0.0671875
1 0.74140625 0.7921875 0.09609375 0.1
1 0.93125 0.9484375 0.11875 0.103125
1 0.98125 0.88828125 0.0375 0.121875
1 0.7328125 0.32109375 0.07890625 0.11328125
1 0.85546875 0.37265625 0.05234375 0.0921875
1 0.3359375 0.5421875 0.0265625 0.053125
1 0.146875 0.4703125 0.028125 0.0375
1 0.1578125 0.4140625 0.0484375 0.03671875
1 0.11796875 0.446875 0.028125 0.02890625
1 0.2359375 0.34921875 0.0515625 0.0296875