1 0.3171875 0.06171875 0.0921875 0.11640625
1 0.32109375 0.55390625 0.13203125 0.16796875
1 0.24296875 0.58984375 0.0640625 0.10703125
1 0.57421875 0.4765625 0.07265625 0.10234375
1 0.5859375 0.378125 0.065625 0.08828125
1 0.6640625 0.4015625 0.0578125 0.0765625
1 0.7546875 0.396875 0.0421875 0.04609375
1 0.7671875 0.45625 0.05078125 0.06640625
1 0.784375 0.50390625 0.03125 0.05625
1 0.51328125 0.603125 0.04375 0.09765625
1 0.309375 0.7 0.0984375 0.10546875
1 0.25546875 0.846875 0.11015625 0.1328125
1 0.3984375 0.04765625 0.0546875 0.0796875
1 0.7796875 0.275 0.02578125 0.0421875
1 0.88828125 0.21484375 0.021875 0.0375