1 0.4421875 0.3359375 0.16875 0.1421875
1 0.5328125 0.57109375 0.1375 0.09453125
1 0.51953125 0.62265625 0.07421875 0.04296875
1 0.61640625 0.57890625 0.0859375 0.0578125
1 0.60859375 0.6609375 0.07109375 0.06171875
1 0.59453125 0.75078125 0.05859375 0.05390625
1 0.5421875 0.75546875 0.06484375 0.04296875
1 0.4875 0.77890625 0.03671875 0.03046875
1 0.9390625 0.3171875 0.11328125 0.0875
1 0.290625 0.30703125 0.175 0.1046875
1 0.40546875 0.25546875 0.1390625 0.0609375
1 0.14296875 0.246875 0.1734375 0.11875
1 0.73359375 0.78125 0.05390625 0.04609375
1 0.02265625 0.2453125 0.0453125 0.0734375