1 0.32890625 0.06953125 0.0796875 0.10625
1 0.32421875 0.56953125 0.11484375 0.1296875
1 0.25234375 0.5875 0.059375 0.103125
1 0.25546875 0.85390625 0.10234375 0.146875
1 0.3171875 0.7 0.08828125 0.128125
1 0.571875 0.4828125 0.06796875 0.103125
1 0.62421875 0.46640625 0.04375 0.0515625
1 0.590625 0.38671875 0.065625 0.0921875
1 0.66640625 0.40234375 0.05703125 0.07421875
1 0.7640625 0.4 0.0390625 0.05234375
1 0.7640625 0.4546875 0.0484375 0.05546875
1 0.7859375 0.51015625 0.034375 0.0453125
1 0.646875 0.1796875 0.03515625 0.06953125
1 0.24921875 0.9703125 0.06328125 0.059375
1 0.7828125 0.26328125 0.028125 0.0453125
1 0.88984375 0.2140625 0.0234375 0.0359375
1 0.859375 0.25390625 0.02578125 0.03125
1 0.52109375 0.6078125 0.0375 0.0953125
1 0.8125 0.37734375 0.0296875 0.0375
1 0.93125 0.44140625 0.021875 0.02421875