1 0.23203125 0.0640625 0.2890625 0.128125
1 0.2828125 0.153125 0.165625 0.11796875
1 0.07734375 0.07421875 0.1546875 0.1484375
1 0.1234375 0.23671875 0.171875 0.11484375
1 0.22578125 0.359375 0.2328125 0.17734375
1 0.41328125 0.503125 0.13359375 0.1078125
1 0.45390625 0.590625 0.0765625 0.07578125
1 0.546875 0.54296875 0.1234375 0.08671875
1 0.53984375 0.65 0.08203125 0.06640625
1 0.853125 0.42109375 0.13203125 0.12109375
1 0.9171875 0.36796875 0.165625 0.09453125
1 0.528125 0.7640625 0.075 0.08125
1 0.47421875 0.78046875 0.0734375 0.0609375
1 0.41328125 0.81171875 0.0484375 0.04765625
1 0.70859375 0.82578125 0.04140625 0.04375
1 0.4265625 0.7609375 0.053125 0.03671875