1 0.7671875 0.46328125 0.046875 0.065625
1 0.771875 0.5375 0.05546875 0.0703125
1 0.80546875 0.59453125 0.04921875 0.0453125
1 0.6484375 0.4484375 0.0765625 0.06796875
1 0.54296875 0.44765625 0.07265625 0.103125
1 0.5890625 0.54375 0.05859375 0.0609375
1 0.51640625 0.57734375 0.10546875 0.1125
1 0.42109375 0.153125 0.11171875 0.15546875
1 0.3859375 0.078125 0.0921875 0.15625
1 0.08046875 0.1140625 0.103125 0.1140625
1 0.346875 0.775 0.13359375 0.15078125
1 0.171875 0.72109375 0.07734375 0.1328125
1 0.04921875 0.66640625 0.09765625 0.115625
1 0.06328125 0.790625 0.1265625 0.209375
1 0.0671875 0.9203125 0.11328125 0.159375
1 0.2484375 0.85859375 0.07109375 0.1203125
1 0.82265625 0.28984375 0.03984375 0.0390625
1 0.959375 0.22421875 0.025 0.04140625