1 0.05859375 0.765625 0.11640625 0.30859375
1 0.06953125 0.92265625 0.1328125 0.1546875
1 0.2328125 0.87734375 0.11015625 0.19765625
1 0.3484375 0.78046875 0.13671875 0.19140625
1 0.15546875 0.7125 0.0796875 0.1484375
1 0.1578125 0.59140625 0.0890625 0.10625
1 0.50390625 0.58359375 0.096875 0.1125
1 0.540625 0.453125 0.08046875 0.109375
1 0.58671875 0.55078125 0.0671875 0.09609375
1 0.415625 0.15546875 0.1109375 0.15
1 0.375 0.08359375 0.07890625 0.1609375
1 0.65078125 0.459375 0.065625 0.09453125
1 0.759375 0.4671875 0.065625 0.065625
1 0.771875 0.52734375 0.05 0.08046875
1 0.80625 0.57890625 0.03515625 0.05390625
1 0.9640625 0.196875 0.0390625 0.028125
1 0.9625 0.23203125 0.03203125 0.03125
1 0.9875 0.271875 0.025 0.04140625
1 0.921875 0.27578125 0.02578125 0.034375
1 0.83125 0.3015625 0.05390625 0.0375
1 0.7390625 0.32109375 0.0421875 0.053125