1 0.590625 0.6671875 0.1140625 0.10078125
1 0.690625 0.709375 0.0953125 0.0984375
1 0.565625 0.76171875 0.10625 0.08203125
1 0.19921875 0.62578125 0.1109375 0.13515625
1 0.34609375 0.4828125 0.06796875 0.0671875
1 0.359375 0.440625 0.0515625 0.04765625
1 0.30390625 0.42265625 0.06328125 0.06015625
1 0.31875 0.38203125 0.03984375 0.053125
1 0.48515625 0.37890625 0.06875 0.07890625
1 0.515625 0.3 0.04921875 0.06015625
1 0.56875 0.3421875 0.07578125 0.05390625
1 0.56875 0.3 0.03828125 0.04296875
1 0.5640625 0.8484375 0.08203125 0.07890625
1 0.17421875 0.3078125 0.0453125 0.06875
1 0.053125 0.3140625 0.03125 0.05546875
1 0.3234375 0.3265625 0.04453125 0.0484375
1 0.3953125 0.28046875 0.05 0.0515625
1 0.42890625 0.30234375 0.03125 0.0421875
1 0.44296875 0.1515625 0.03359375 0.04609375
1 0.47265625 0.16171875 0.04375 0.0390625
1 0.59609375 0.184375 0.02890625 0.0359375
1 0.70546875 0.38125 0.0515625 0.034375
1 0.79921875 0.4140625 0.03125 0.0640625
1 0.5828125 0.12265625 0.03046875 0.04609375
1 0.54765625 0.15234375 0.0390625 0.0515625