1 0.6078125 0.8015625 0.10703125 0.13515625
1 0.47421875 0.66640625 0.0734375 0.08828125
1 0.6671875 0.45234375 0.12890625 0.15546875
1 0.6859375 0.33203125 0.09140625 0.12890625
1 0.42890625 0.65234375 0.04140625 0.0546875
1 0.4140625 0.70703125 0.06484375 0.06875
1 0.3796875 0.68046875 0.03984375 0.046875
1 0.37578125 0.53125 0.0796875 0.08515625
1 0.328125 0.43671875 0.0484375 0.07109375
1 0.29765625 0.4875 0.0515625 0.04453125
1 0.28203125 0.621875 0.0578125 0.0578125
1 0.32109375 0.68125 0.0453125 0.03828125
1 0.29296875 0.8375 0.046875 0.0734375
1 0.15703125 0.53515625 0.03203125 0.05
1 0.13984375 0.56953125 0.03515625 0.04375
1 0.1796875 0.41953125 0.04453125 0.06328125
1 0.28671875 0.44453125 0.03984375 0.05078125
1 0.38046875 0.28828125 0.05703125 0.0734375
1 0.396875 0.209375 0.0515625 0.06015625
1 0.14375 0.428125 0.0375 0.06015625
1 0.109375 0.42734375 0.03203125 0.04765625