1 0.81640625 0.38515625 0.1234375 0.1390625
1 0.43125 0.34609375 0.1109375 0.10390625
1 0.34140625 0.30234375 0.1171875 0.10703125
1 0.4625 0.2515625 0.1140625 0.08515625
1 0.6390625 0.4640625 0.0828125 0.0671875
1 0.675 0.53671875 0.10625 0.07890625
1 0.64609375 0.5671875 0.08125 0.065625
1 0.69375 0.58515625 0.08125 0.053125
1 0.6921875 0.6296875 0.071875 0.05234375
1 0.68515625 0.68203125 0.0640625 0.0609375
1 0.8015625 0.67109375 0.08828125 0.05546875
1 0.8484375 0.70546875 0.07578125 0.06484375
1 0.6234375 0.7296875 0.08984375 0.06015625
1 0.5890625 0.690625 0.06875 0.05703125
1 0.528125 0.63203125 0.09140625 0.07265625
1 0.48515625 0.71171875 0.06875 0.06640625
1 0.4375 0.66484375 0.05859375 0.05390625
1 0.20703125 0.58671875 0.06171875 0.05703125
1 0.24921875 0.65859375 0.0875 0.04609375
1 0.38359375 0.7125 0.03671875 0.04140625
1 0.3984375 0.740625 0.05078125 0.05
1 0.41328125 0.82734375 0.0421875 0.053125
1 0.27265625 0.78515625 0.06015625 0.04296875
1 0.5375 0.85 0.04609375 0.0453125
1 0.56484375 0.86875 0.03203125 0.02890625
1 0.4609375 0.8484375 0.04609375 0.04140625
1 0.42421875 0.89140625 0.0328125 0.03125
1 0.48828125 0.9015625 0.04296875 0.04140625