1 0.6625 0.4296875 0.08515625 0.115625
1 0.70546875 0.3296875 0.06796875 0.09296875
1 0.74765625 0.46640625 0.046875 0.10390625
1 0.6109375 0.8109375 0.08828125 0.1
1 0.4703125 0.66484375 0.046875 0.06171875
1 0.42734375 0.65 0.04140625 0.040625
1 0.4125 0.70390625 0.0515625 0.059375
1 0.3734375 0.69453125 0.03046875 0.04140625
1 0.30234375 0.8296875 0.03984375 0.04921875
1 0.32265625 0.8125 0.03203125 0.0546875
1 0.3140625 0.6921875 0.0421875 0.059375
1 0.27421875 0.62421875 0.03203125 0.06015625
1 0.2921875 0.5859375 0.028125 0.04609375
1 0.2765625 0.53125 0.03359375 0.03515625
1 0.30078125 0.48515625 0.05 0.06640625
1 0.3734375 0.53046875 0.03984375 0.06875
1 0.33203125 0.44296875 0.05078125 0.0625
1 0.28359375 0.44140625 0.034375 0.03671875
1 0.15625 0.540625 0.03203125 0.0453125
1 0.14140625 0.5703125 0.02890625 0.03203125
1 0.17890625 0.41875 0.01953125 0.03671875
1 0.11171875 0.43125 0.02734375 0.03828125
1 0.4109375 0.21015625 0.04453125 0.040625
1 0.384375 0.29765625 0.04375 0.065625
1 0.3484375 0.24765625 0.03828125 0.05859375
1 0.225 0.278125 0.02734375 0.0265625
1 0.2984375 0.3875 0.0375 0.03125
1 0.16015625 0.35859375 0.03046875 0.03125