1 0.69296875 0.33203125 0.096875 0.115625
1 0.6625 0.4296875 0.09453125 0.12890625
1 0.60703125 0.8125 0.08984375 0.103125
1 0.4671875 0.66640625 0.0453125 0.06484375
1 0.52890625 0.6390625 0.04921875 0.05390625
1 0.50859375 0.68359375 0.04765625 0.0546875
1 0.4328125 0.6546875 0.04765625 0.05390625
1 0.41953125 0.7015625 0.0609375 0.05078125
1 0.3828125 0.68828125 0.040625 0.0515625
1 0.321875 0.68125 0.03984375 0.04609375
1 0.33125 0.81796875 0.040625 0.065625
1 0.296875 0.82890625 0.04375 0.05234375
1 0.29609375 0.871875 0.04921875 0.03515625
1 0.28515625 0.7890625 0.0328125 0.03515625
1 0.3734375 0.5359375 0.06171875 0.07890625
1 0.3265625 0.43671875 0.06171875 0.0578125
1 0.29765625 0.4796875 0.065625 0.06015625
1 0.27109375 0.53203125 0.0390625 0.03125
1 0.2953125 0.571875 0.0390625 0.0265625
1 0.27890625 0.60546875 0.0375 0.04921875
1 0.31796875 0.6015625 0.021875 0.0234375
1 0.1546875 0.53671875 0.0421875 0.03671875
1 0.14140625 0.559375 0.05078125 0.0453125
1 0.18046875 0.42265625 0.0359375 0.05703125
1 0.13671875 0.4140625 0.0375 0.03984375
1 0.1078125 0.42734375 0.02890625 0.02578125
1 0.39765625 0.203125 0.0390625 0.03515625
1 0.36875 0.296875 0.04375 0.07265625
1 0.39921875 0.296875 0.04375 0.05
1 0.21953125 0.28125 0.0390625 0.02734375
1 0.15 0.3484375 0.01953125 0.0203125
1 0.0828125 0.3609375 0.01953125 0.0265625
1 0.73203125 0.46171875 0.06796875 0.09921875