1 0.6609375 0.53828125 0.06015625 0.07578125
1 0.5953125 0.48984375 0.0625 0.09453125
1 0.5125 0.49921875 0.0828125 0.09921875
1 0.54140625 0.45078125 0.0515625 0.05625
1 0.3625 0.4546875 0.06640625 0.04609375
1 0.07109375 0.80390625 0.05 0.10859375
1 0.73125 0.3171875 0.05859375 0.078125
1 0.734375 0.3828125 0.03359375 0.05703125
1 0.7796875 0.40390625 0.05625 0.0640625
1 0.81171875 0.47578125 0.02734375 0.03515625
1 0.84453125 0.49921875 0.0453125 0.0546875
1 0.8234375 0.5671875 0.05546875 0.053125
1 0.88203125 0.41484375 0.04453125 0.06015625
1 0.8015625 0.33359375 0.034375 0.0484375
1 0.72109375 0.24765625 0.06015625 0.06796875
1 0.5578125 0.25 0.05703125 0.05078125
1 0.81015625 0.271875 0.0375 0.03984375
1 0.971875 0.71640625 0.03671875 0.04921875
1 0.825 0.63125 0.04609375 0.05234375
1 0.67265625 0.9765625 0.05234375 0.04453125