1 0.51015625 0.5125 0.12890625 0.10625
1 0.51640625 0.590625 0.10546875 0.0859375
1 0.465625 0.66484375 0.11484375 0.0953125
1 0.74921875 0.72890625 0.07421875 0.0859375
1 0.68828125 0.728125 0.10234375 0.09921875
1 0.57578125 0.77734375 0.075 0.07109375
1 0.52421875 0.81953125 0.0515625 0.0421875
1 0.5078125 0.85703125 0.05078125 0.05859375
1 0.43203125 0.828125 0.05859375 0.06484375
1 0.35078125 0.8078125 0.05703125 0.06796875
1 0.7390625 0.56015625 0.053125 0.06796875
1 0.53671875 0.36015625 0.06484375 0.08984375
1 0.6921875 0.35078125 0.08203125 0.05390625
1 0.20390625 0.0796875 0.08828125 0.0671875
1 0.01875 0.665625 0.0375 0.05625