1 0.01640625 0.521875 0.0328125 0.14375
1 0.07734375 0.51875 0.07421875 0.134375
1 0.1703125 0.5578125 0.08359375 0.10859375
1 0.22890625 0.34609375 0.0625 0.0859375
1 0.21015625 0.27109375 0.0640625 0.06484375
1 0.028125 0.2875 0.046875 0.11640625
1 0.14765625 0.08828125 0.06875 0.07734375
1 0.11015625 0.12421875 0.04765625 0.08203125
1 0.23359375 0.396875 0.04921875 0.0546875
1 0.2453125 0.45546875 0.03671875 0.06015625
1 0.284375 0.43203125 0.0578125 0.08046875
1 0.32890625 0.490625 0.0359375 0.04296875
1 0.37109375 0.503125 0.04921875 0.0578125
1 0.35 0.58515625 0.0546875 0.05859375
1 0.3859375 0.4171875 0.04296875 0.06796875
1 0.3046875 0.2921875 0.03984375 0.05390625
1 0.29921875 0.346875 0.03046875 0.034375
1 0.35390625 0.2328125 0.0375 0.03828125
1 0.9640625 0.65390625 0.07109375 0.071875
1 0.98671875 0.79453125 0.0265625 0.053125
1 0.971875 0.84296875 0.05546875 0.0703125
1 0.940625 0.8109375 0.059375 0.04765625
1 0.925 0.54765625 0.0765625 0.071875
1 0.8828125 0.58203125 0.07265625 0.06484375
1 0.87109375 0.534375 0.053125 0.05859375
1 0.825 0.59375 0.04609375 0.04765625
1 0.85859375 0.64609375 0.04140625 0.03359375
1 0.87421875 0.67578125 0.03671875 0.03046875
1 0.83828125 0.6765625 0.05390625 0.04921875
1 0.86953125 0.7625 0.05078125 0.05703125
1 0.825 0.890625 0.04921875 0.059375
1 0.8578125 0.88203125 0.04921875 0.06875
1 0.82734375 0.84296875 0.046875 0.04453125
1 0.7203125 0.55234375 0.03671875 0.04140625
1 0.70234375 0.571875 0.0359375 0.03515625
1 0.753125 0.45703125 0.053125 0.0640625
1 0.7203125 0.48046875 0.03125 0.0265625
1 0.71796875 0.46796875 0.03203125 0.03671875
1 0.68125 0.43828125 0.046875 0.034375
1 0.74140625 0.40078125 0.02890625 0.040625
1 0.67734375 0.38046875 0.02578125 0.03515625
1 0.34609375 0.3453125 0.0234375 0.03515625
1 0.4765625 0.67890625 0.06015625 0.05859375
1 0.37734375 0.6984375 0.053125 0.05390625