1 0.16875 0.56328125 0.06640625 0.08515625
1 0.084375 0.52109375 0.0625 0.1078125
1 0.01171875 0.5078125 0.0234375 0.1125
1 0.0296875 0.2640625 0.04609375 0.04296875
1 0.2234375 0.3421875 0.0640625 0.06484375
1 0.28984375 0.4390625 0.04609375 0.05859375
1 0.36796875 0.5046875 0.0421875 0.05625
1 0.35078125 0.590625 0.0609375 0.059375
1 0.33515625 0.48984375 0.0265625 0.040625
1 0.21484375 0.27109375 0.0515625 0.07421875
1 0.3921875 0.42734375 0.025 0.04921875
1 0.33203125 0.6515625 0.0234375 0.0265625
1 0.3046875 0.30703125 0.0265625 0.04375
1 0.3 0.3546875 0.0265625 0.03671875
1 0.96171875 0.65390625 0.05703125 0.0671875
1 0.8828125 0.57734375 0.05390625 0.05625
1 0.921875 0.546875 0.05703125 0.0484375
1 0.87109375 0.52578125 0.04453125 0.05
1 0.86484375 0.75859375 0.02265625 0.03984375
1 0.82734375 0.884375 0.0453125 0.065625
1 0.9734375 0.8421875 0.053125 0.06640625
1 0.984375 0.80234375 0.03125 0.065625
1 0.93515625 0.809375 0.0484375 0.0578125
1 0.834375 0.59296875 0.028125 0.046875
1 0.7578125 0.45 0.03125 0.0359375
1 0.71796875 0.47109375 0.03125 0.0390625
1 0.70234375 0.57578125 0.0453125 0.04921875
1 0.821875 0.6796875 0.0484375 0.04609375
1 0.85546875 0.659375 0.04375 0.04140625
1 0.9890625 0.4046875 0.021875 0.05234375
1 0.3625 0.23359375 0.03125 0.01640625
1 0.1515625 0.09453125 0.04140625 0.05078125
1 0.178125 0.97890625 0.02734375 0.04140625