1 0.97421875 0.8109375 0.0515625 0.0625
1 0.56953125 0.83515625 0.109375 0.0890625
1 0.5140625 0.92421875 0.1375 0.08125
1 0.51875 0.9859375 0.13125 0.028125
1 0.29140625 0.96953125 0.08125 0.06015625
1 0.34609375 0.7765625 0.06328125 0.05859375
1 0.4296875 0.709375 0.075 0.05078125
1 0.40859375 0.75625 0.06484375 0.03828125
1 0.2734375 0.790625 0.07265625 0.06953125
1 0.0890625 0.853125 0.05546875 0.03984375
1 0.4890625 0.6625 0.0375 0.04140625
1 0.50234375 0.628125 0.04453125 0.028125
1 0.58671875 0.65078125 0.05390625 0.04140625
1 0.65078125 0.66640625 0.05859375 0.0671875
1 0.415625 0.6046875 0.0640625 0.04453125
1 0.30859375 0.69140625 0.05703125 0.03125
1 0.8921875 0.17734375 0.08828125 0.059375
1 0.88046875 0.14609375 0.0703125 0.03984375
1 0.75234375 0.13515625 0.04296875 0.028125
1 0.803125 0.06796875 0.0546875 0.05390625
1 0.83515625 0.025 0.0765625 0.05
1 0.79765625 0.01171875 0.0703125 0.02265625
1 0.67890625 0.1640625 0.07734375 0.065625
1 0.671875 0.0359375 0.09375 0.071875
1 0.58046875 0.1203125 0.0625 0.0515625
1 0.60078125 0.1703125 0.04921875 0.03984375
1 0.5515625 0.0734375 0.06875 0.065625
1 0.42890625 0.0203125 0.1015625 0.040625
1 0.54921875 0.28359375 0.053125 0.0375
1 0.5703125 0.30625 0.0359375 0.034375
1 0.45078125 0.2421875 0.059375 0.03515625
1 0.47578125 0.28828125 0.05625 0.04609375
1 0.48828125 0.34296875 0.03203125 0.04921875
1 0.42578125 0.31171875 0.046875 0.04609375
1 0.43203125 0.2765625 0.053125 0.034375
1 0.21953125 0.6328125 0.03359375 0.0265625
1 0.3453125 0.6625 0.01796875 0.02734375
1 0.675 0.5125 0.03359375 0.04140625
1 0.69765625 0.62578125 0.040625 0.03984375