1 0.396875 0.43515625 0.07421875 0.08359375
1 0.290625 0.4234375 0.06484375 0.06171875
1 0.23515625 0.40546875 0.05390625 0.078125
1 0.21875 0.34609375 0.05859375 0.07734375
1 0.2109375 0.278125 0.09609375 0.10078125
1 0.24453125 0.45703125 0.0625 0.07421875
1 0.16171875 0.5765625 0.09453125 0.10078125
1 0.084375 0.51484375 0.0890625 0.15859375
1 0.01796875 0.5328125 0.0359375 0.13125
1 0.03125 0.2984375 0.0515625 0.11484375
1 0.34296875 0.59453125 0.07734375 0.071875
1 0.36328125 0.5109375 0.0328125 0.06484375
1 0.33515625 0.49375 0.03515625 0.0515625
1 0.96640625 0.6609375 0.06640625 0.09296875
1 0.98515625 0.79296875 0.0296875 0.08046875
1 0.97265625 0.84140625 0.046875 0.06953125
1 0.93671875 0.8125 0.05390625 0.05546875
1 0.86484375 0.76484375 0.05 0.071875
1 0.82890625 0.8875 0.053125 0.05546875
1 0.834375 0.690625 0.06328125 0.0671875
1 0.8609375 0.66328125 0.03125 0.0609375
1 0.88203125 0.58515625 0.05703125 0.06953125
1 0.9203125 0.54921875 0.06484375 0.07734375
1 0.88125 0.52890625 0.0453125 0.059375
1 0.8359375 0.60234375 0.03984375 0.03984375
1 0.75234375 0.45234375 0.0265625 0.04921875
1 0.709375 0.55859375 0.0578125 0.05859375
1 0.7078125 0.4625 0.0296875 0.0484375
1 0.29375 0.3671875 0.0546875 0.05546875
1 0.14609375 0.09453125 0.06328125 0.075