1 0.65859375 0.41796875 0.121875 0.13515625
1 0.696875 0.29140625 0.103125 0.090625
1 0.76796875 0.43984375 0.084375 0.09375
1 0.6234375 0.80390625 0.1265625 0.10703125
1 0.5421875 0.628125 0.05 0.06953125
1 0.471875 0.64609375 0.05390625 0.06796875
1 0.43203125 0.63515625 0.0484375 0.04765625
1 0.4234375 0.69296875 0.0734375 0.06640625
1 0.38359375 0.6703125 0.03671875 0.0328125
1 0.30625 0.815625 0.0515625 0.07265625
1 0.33984375 0.6734375 0.071875 0.075
1 0.28671875 0.59453125 0.0453125 0.0515625
1 0.3890625 0.51640625 0.06953125 0.06484375
1 0.29140625 0.46171875 0.0390625 0.046875
1 0.34140625 0.42109375 0.059375 0.05078125
1 0.17109375 0.5234375 0.0484375 0.046875
1 0.15 0.553125 0.02265625 0.03828125
1 0.18984375 0.40546875 0.03828125 0.0359375
1 0.1484375 0.4421875 0.05234375 0.0390625
1 0.35390625 0.22421875 0.03515625 0.06171875
1 0.38203125 0.2875 0.0390625 0.05546875
1 0.41171875 0.18828125 0.0453125 0.04453125
1 0.115625 0.40859375 0.03359375 0.03671875