1 0.790625 0.3875 0.1140625 0.12734375
1 0.65 0.52421875 0.06328125 0.0546875
1 0.63046875 0.56171875 0.065625 0.04921875
1 0.68203125 0.57734375 0.0578125 0.0546875
1 0.675 0.61484375 0.0484375 0.0546875
1 0.78828125 0.659375 0.05703125 0.04140625
1 0.81171875 0.6953125 0.03359375 0.0546875
1 0.840625 0.6890625 0.02734375 0.0328125
1 0.94375 0.6859375 0.090625 0.0796875
1 0.659375 0.66796875 0.059375 0.06484375
1 0.5953125 0.71328125 0.05390625 0.059375
1 0.5234375 0.71953125 0.06015625 0.05625
1 0.55625 0.68359375 0.03984375 0.04296875
1 0.51015625 0.621875 0.10390625 0.07421875
1 0.46484375 0.6875 0.0546875 0.06640625
1 0.42109375 0.65859375 0.053125 0.0671875
1 0.52578125 0.825 0.028125 0.03125
1 0.55546875 0.84453125 0.03828125 0.05
1 0.44296875 0.85390625 0.04765625 0.05234375
1 0.38984375 0.8125 0.07109375 0.059375
1 0.2578125 0.66015625 0.11015625 0.0765625
1 0.27890625 0.6078125 0.09296875 0.06640625
1 0.19765625 0.58125 0.0640625 0.071875
1 0.42734375 0.31875 0.1609375 0.12890625
1 0.45546875 0.24765625 0.1046875 0.09921875
1 0.34140625 0.2359375 0.134375 0.10703125
1 0.3140625 0.2875 0.1171875 0.103125
1 0.40546875 0.8859375 0.0328125 0.02109375