1 0.9625 0.54296875 0.075 0.06953125
1 0.9140625 0.50859375 0.0515625 0.0453125
1 0.88671875 0.57265625 0.06171875 0.05
1 0.753125 0.51875 0.0828125 0.053125
1 0.7 0.5703125 0.06640625 0.0515625
1 0.6515625 0.61796875 0.08125 0.0765625
1 0.59296875 0.58359375 0.0546875 0.0453125
1 0.5234375 0.6515625 0.06484375 0.053125
1 0.4703125 0.5109375 0.0921875 0.0859375
1 0.55390625 0.24765625 0.121875 0.1203125
1 0.55 0.328125 0.15078125 0.11015625
1 0.74453125 0.18125 0.103125 0.10390625
1 0.84921875 0.21328125 0.0984375 0.09375
1 0.83046875 0.29609375 0.11484375 0.071875
1 0.47109375 0.165625 0.11015625 0.09375
1 0.5765625 0.1078125 0.1015625 0.06484375
1 0.4078125 0.2171875 0.06328125 0.06484375
1 0.0859375 0.265625 0.171875 0.125
1 0.059375 0.36953125 0.11875 0.10234375
1 0.3875 0.465625 0.09296875 0.08671875
1 0.3171875 0.5046875 0.053125 0.053125
1 0.52734375 0.86953125 0.0359375 0.06171875
1 0.565625 0.87734375 0.05859375 0.05625
1 0.4984375 0.865625 0.053125 0.0546875
1 0.4125 0.91328125 0.046875 0.07578125
1 0.3640625 0.84140625 0.071875 0.04921875
1 0.38359375 0.9640625 0.04296875 0.05390625
1 0.36015625 0.9078125 0.053125 0.053125
1 0.29375 0.86015625 0.059375 0.059375
1 0.28515625 0.8015625 0.06953125 0.05
1 0.22421875 0.82265625 0.04375 0.03203125
1 0.15390625 0.7703125 0.0625 0.06171875
1 0.3078125 0.646875 0.0765625 0.0703125
1 0.2640625 0.8953125 0.0265625 0.03984375