1 0.6546875 0.625 0.146875 0.08984375
1 0.63984375 0.5375 0.121875 0.1078125
1 0.5453125 0.62109375 0.09296875 0.06640625
1 0.50390625 0.5890625 0.09609375 0.07265625
1 0.32578125 0.54140625 0.12890625 0.09921875
1 0.3234375 0.60390625 0.13984375 0.090625
1 0.19921875 0.4015625 0.153125 0.1296875
1 0.05859375 0.503125 0.0796875 0.0875
1 0.35 0.50078125 0.096875 0.0609375
1 0.45703125 0.50078125 0.11875 0.071875
1 0.3421875 0.2296875 0.11953125 0.0890625
1 0.33671875 0.15859375 0.1296875 0.08046875
1 0.3890625 0.10234375 0.121875 0.128125
1 0.71015625 0.1515625 0.08671875 0.07109375
1 0.8109375 0.075 0.1546875 0.1109375
1 0.81796875 0.0265625 0.1265625 0.053125
1 0.9625 0.10859375 0.075 0.11484375
1 0.759375 0.93671875 0.1046875 0.1109375
1 0.5734375 0.7203125 0.11171875 0.07890625
1 0.3515625 0.890625 0.09453125 0.0671875