1 0.60859375 0.6671875 0.0921875 0.1109375
1 0.54296875 0.69609375 0.07265625 0.09375
1 0.51640625 0.628125 0.084375 0.06953125
1 0.49765625 0.54609375 0.078125 0.0875
1 0.58828125 0.50234375 0.08359375 0.08515625
1 0.621875 0.45390625 0.07578125 0.09453125
1 0.609375 0.3484375 0.1203125 0.11953125
1 0.5296875 0.36875 0.06796875 0.13359375
1 0.571875 0.26796875 0.09296875 0.090625
1 0.94765625 0.25 0.10390625 0.13984375
1 0.7265625 0.41796875 0.08203125 0.0875
1 0.8109375 0.51015625 0.04296875 0.0421875
1 0.528125 0.93671875 0.09609375 0.121875
1 0.38046875 0.81015625 0.09375 0.10859375
1 0.2484375 0.65078125 0.12890625 0.153125
1 0.17578125 0.66640625 0.10078125 0.13046875
1 0.12109375 0.6140625 0.13046875 0.14921875
1 0.17578125 0.3109375 0.0734375 0.11328125
1 0.09140625 0.190625 0.1125 0.11796875
1 0.109375 0.03203125 0.09609375 0.0640625
1 0.02265625 0.15625 0.0453125 0.09765625