1 0.61796875 0.89453125 0.1046875 0.09609375
1 0.3078125 0.7234375 0.109375 0.084375
1 0.2765625 0.646875 0.08984375 0.0703125
1 0.32890625 0.57265625 0.07109375 0.07734375
1 0.25390625 0.48046875 0.06015625 0.0515625
1 0.20546875 0.415625 0.09140625 0.07734375
1 0.4578125 0.43359375 0.11015625 0.09296875
1 0.646875 0.37421875 0.07265625 0.075
1 0.4078125 0.2546875 0.084375 0.06484375
1 0.37265625 0.21796875 0.0625 0.05
1 0.428125 0.12109375 0.08359375 0.06328125
1 0.37265625 0.10234375 0.0625 0.0484375
1 0.37109375 0.05 0.06484375 0.05546875
1 0.4625 0.06875 0.06015625 0.04453125
1 0.5671875 0.08046875 0.0828125 0.05859375
1 0.6515625 0.73671875 0.06015625 0.053125