1 0.90546875 0.3921875 0.090625 0.08125
1 0.7421875 0.3453125 0.04453125 0.0453125
1 0.88203125 0.25625 0.0421875 0.053125
1 0.71640625 0.69609375 0.0765625 0.10703125
1 0.6515625 0.71796875 0.0578125 0.0921875
1 0.43984375 0.54140625 0.0796875 0.0953125
1 0.57421875 0.69296875 0.0546875 0.05546875
1 0.44921875 0.671875 0.0453125 0.0671875
1 0.48203125 0.75078125 0.04765625 0.06484375
1 0.434375 0.7953125 0.06875 0.0921875
1 0.2546875 0.59921875 0.06484375 0.06796875
1 0.21484375 0.6359375 0.05703125 0.06171875
1 0.125 0.58125 0.05390625 0.090625
1 0.08359375 0.43828125 0.0515625 0.0625
1 0.07109375 0.540625 0.0484375 0.06640625
1 0.04375 0.6328125 0.04765625 0.059375
1 0.10546875 0.6359375 0.06953125 0.065625
1 0.37265625 0.35234375 0.075 0.06015625
1 0.3921875 0.2734375 0.02890625 0.04375
1 0.88359375 0.66171875 0.046875 0.06484375