1 0.90234375 0.3890625 0.10703125 0.1015625
1 0.7359375 0.3484375 0.0453125 0.0515625
1 0.89609375 0.66015625 0.08984375 0.1140625
1 0.87890625 0.25703125 0.078125 0.07265625
1 0.7828125 0.22109375 0.0421875 0.0453125
1 0.87109375 0.79296875 0.0671875 0.078125
1 0.709375 0.68515625 0.08125 0.10625
1 0.64609375 0.71875 0.065625 0.08984375
1 0.57265625 0.690625 0.05625 0.078125
1 0.43125 0.534375 0.0796875 0.08984375
1 0.44296875 0.65078125 0.05078125 0.078125
1 0.47421875 0.734375 0.05078125 0.08984375
1 0.42265625 0.7984375 0.090625 0.084375
1 0.24453125 0.5921875 0.071875 0.0671875
1 0.21484375 0.64140625 0.05703125 0.05859375
1 0.12890625 0.575 0.0703125 0.0765625
1 0.10625 0.63203125 0.075 0.07578125
1 0.04296875 0.625 0.0421875 0.0703125
1 0.07109375 0.5546875 0.0625 0.071875
1 0.07421875 0.43046875 0.04609375 0.05859375
1 0.375 0.34375 0.07890625 0.0953125
1 0.38828125 0.27109375 0.046875 0.05234375