1 0.78984375 0.57578125 0.1015625 0.0828125
1 0.74765625 0.51640625 0.06640625 0.06484375
1 0.67421875 0.55234375 0.09453125 0.06796875
1 0.53359375 0.559375 0.1078125 0.0875
1 0.69296875 0.27890625 0.121875 0.10859375
1 0.71328125 0.35 0.10859375 0.08984375
1 0.68671875 0.434375 0.09296875 0.08828125
1 0.35234375 0.25546875 0.09609375 0.0671875
1 0.3828125 0.0984375 0.09921875 0.1046875
1 0.66953125 0.09765625 0.09609375 0.08203125
1 0.26484375 0.11953125 0.09296875 0.0765625
1 0.61015625 0.759375 0.11171875 0.09765625
1 0.35234375 0.6296875 0.09140625 0.09453125
1 0.58125 0.87578125 0.08515625 0.090625
1 0.63515625 0.88984375 0.0546875 0.07578125
1 0.63359375 0.953125 0.07265625 0.075
1 0.53984375 0.9234375 0.071875 0.06328125
1 0.4453125 0.92109375 0.07421875 0.059375
1 0.11796875 0.62265625 0.065625 0.0703125