1 0.70625 0.52890625 0.10546875 0.128125
1 0.615625 0.48046875 0.06796875 0.0953125
1 0.765625 0.30234375 0.09609375 0.1234375
1 0.61484375 0.24375 0.0828125 0.090625
1 0.3328125 0.040625 0.12109375 0.08125
1 0.19375 0.28203125 0.24296875 0.30078125
1 0.04921875 0.0796875 0.09765625 0.159375
1 0.5453125 0.58203125 0.040625 0.0734375
1 0.571875 0.8078125 0.1203125 0.184375
1 0.62421875 0.93828125 0.0640625 0.0875
1 0.51953125 0.94921875 0.10625 0.09921875
1 0.7265625 0.7734375 0.0671875 0.09375
1 0.78359375 0.76015625 0.05859375 0.0890625
1 0.959375 0.82578125 0.05234375 0.05
1 0.95859375 0.8796875 0.04453125 0.034375
1 0.55859375 0.38203125 0.05546875 0.09453125