1 0.18515625 0.29375 0.2109375 0.28828125
1 0.04921875 0.07578125 0.0984375 0.15078125
1 0.33203125 0.0421875 0.14375 0.08359375
1 0.04296875 0.33046875 0.07734375 0.0859375
1 0.56171875 0.3953125 0.065625 0.0875
1 0.60859375 0.26015625 0.075 0.0875
1 0.49609375 0.3359375 0.0546875 0.07109375
1 0.6203125 0.4875 0.06796875 0.08046875
1 0.69453125 0.5328125 0.0875 0.11328125
1 0.7640625 0.30390625 0.08828125 0.09609375
1 0.76171875 0.36875 0.08515625 0.03046875
1 0.54140625 0.59375 0.0421875 0.075
1 0.578125 0.82421875 0.1109375 0.16328125
1 0.62265625 0.940625 0.05390625 0.10234375
1 0.72109375 0.78359375 0.06015625 0.07734375
1 0.7671875 0.75390625 0.05859375 0.10703125
1 0.96796875 0.834375 0.0328125 0.06328125
1 0.9609375 0.88828125 0.05 0.0421875
1 0.521875 0.94453125 0.065625 0.09765625
1 0.0546875 0.54453125 0.10859375 0.096875
1 0.79140625 0.6546875 0.03984375 0.0375