1 0.76484375 0.29765625 0.0796875 0.11328125
1 0.1875 0.28828125 0.24140625 0.2921875
1 0.0390625 0.390625 0.078125 0.265625
1 0.05390625 0.0796875 0.1078125 0.159375
1 0.334375 0.059375 0.1453125 0.11875
1 0.5671875 0.81796875 0.1640625 0.18828125
1 0.6203125 0.940625 0.0828125 0.109375
1 0.521875 0.92890625 0.084375 0.09609375
1 0.7 0.53828125 0.11015625 0.146875
1 0.615625 0.48984375 0.10078125 0.13046875
1 0.54375 0.5953125 0.0578125 0.10078125
1 0.71171875 0.7796875 0.1109375 0.11171875
1 0.775 0.74296875 0.06640625 0.11953125
1 0.95859375 0.82421875 0.0609375 0.0671875
1 0.95390625 0.884375 0.05703125 0.0546875
1 0.60234375 0.24296875 0.09453125 0.0890625
1 0.55546875 0.38515625 0.0984375 0.11171875