1 0.70625 0.42578125 0.1109375 0.1296875
1 0.74609375 0.3234375 0.08671875 0.1078125
1 0.79375 0.4515625 0.0546875 0.1109375
1 0.66796875 0.80859375 0.0875 0.11796875
1 0.51953125 0.6625 0.04453125 0.08359375
1 0.4765625 0.64296875 0.028125 0.05390625
1 0.57578125 0.63671875 0.03203125 0.05390625
1 0.46328125 0.69296875 0.0375 0.0609375
1 0.42265625 0.68984375 0.02265625 0.0578125
1 0.42578125 0.52890625 0.0515625 0.075
1 0.3796875 0.45390625 0.05703125 0.06640625
1 0.33046875 0.49296875 0.0609375 0.05625
1 0.3265625 0.45078125 0.03984375 0.046875
1 0.3203125 0.621875 0.03984375 0.0515625
1 0.3640625 0.69609375 0.03515625 0.06171875
1 0.3421875 0.58359375 0.021875 0.03359375
1 0.35390625 0.8328125 0.040625 0.05078125
1 0.378125 0.80703125 0.03125 0.05703125
1 0.89765625 0.46640625 0.0578125 0.078125
1 0.25546875 0.29296875 0.0265625 0.0203125
1 0.225 0.43828125 0.04921875 0.0359375
1 0.1515625 0.44140625 0.040625 0.028125
1 0.18828125 0.5875 0.02578125 0.0359375
1 0.19609375 0.55859375 0.0359375 0.0546875
1 0.4359375 0.2140625 0.040625 0.03984375
1 0.4921875 0.1921875 0.015625 0.040625
1 0.18671875 0.378125 0.01875 0.034375
1 0.11328125 0.36953125 0.0171875 0.01875
1 0.17421875 0.48359375 0.028125 0.03671875
1 0.79921875 0.3171875 0.02890625 0.05546875