1 0.709375 0.41484375 0.1125 0.11796875
1 0.7515625 0.31484375 0.08984375 0.09453125
1 0.803125 0.33671875 0.04375 0.08984375
1 0.80234375 0.43515625 0.06328125 0.1109375
1 0.66796875 0.8015625 0.11953125 0.09765625
1 0.6234375 0.65078125 0.03125 0.06796875
1 0.575 0.63515625 0.0671875 0.07890625
1 0.51328125 0.6671875 0.0671875 0.0734375
1 0.46640625 0.65 0.05234375 0.0453125
1 0.46640625 0.703125 0.06875 0.065625
1 0.4203125 0.690625 0.0453125 0.0359375
1 0.41875 0.53046875 0.06484375 0.07734375
1 0.37109375 0.45625 0.075 0.07890625
1 0.33515625 0.503125 0.07265625 0.0703125
1 0.3140625 0.534375 0.0421875 0.0484375
1 0.34375 0.58984375 0.04140625 0.040625
1 0.321875 0.6296875 0.05703125 0.05703125
1 0.3703125 0.68828125 0.046875 0.0578125
1 0.35546875 0.82890625 0.05546875 0.05625
1 0.38203125 0.8140625 0.02890625 0.05859375
1 0.196875 0.5578125 0.04140625 0.046875
1 0.21171875 0.43828125 0.0453125 0.053125
1 0.15234375 0.44765625 0.0484375 0.040625
1 0.25390625 0.303125 0.04375 0.03984375
1 0.43984375 0.2203125 0.04765625 0.059375