1 0.71171875 0.41484375 0.12734375 0.12421875
1 0.7453125 0.30703125 0.07734375 0.10078125
1 0.67109375 0.80234375 0.0890625 0.11015625
1 0.51640625 0.6625 0.078125 0.09609375
1 0.48125 0.65234375 0.05625 0.08203125
1 0.46328125 0.70390625 0.07890625 0.0828125
1 0.43203125 0.69453125 0.06953125 0.04921875
1 0.415625 0.52734375 0.07890625 0.1078125
1 0.334375 0.5015625 0.0765625 0.0734375
1 0.38359375 0.45234375 0.07421875 0.065625
1 0.33359375 0.4515625 0.05859375 0.04765625
1 0.32109375 0.61875 0.05546875 0.046875
1 0.375 0.6890625 0.04609375 0.0328125
1 0.3578125 0.84375 0.04375 0.075
1 0.1859375 0.584375 0.0359375 0.04765625
1 0.19609375 0.5515625 0.0296875 0.0453125
1 0.43359375 0.21015625 0.0625 0.071875
1 0.265625 0.29765625 0.05703125 0.0484375
1 0.2125 0.43359375 0.040625 0.05546875
1 0.17890625 0.471875 0.0328125 0.01953125
1 0.35625 0.590625 0.04609375 0.065625
1 0.14609375 0.446875 0.03671875 0.04375
1 0.78828125 0.4515625 0.0671875 0.09140625
1 0.6140625 0.6453125 0.05 0.07265625