1 0.809375 0.3234375 0.1140625 0.1390625
1 0.66015625 0.3828125 0.11484375 0.0921875
1 0.44296875 0.2765625 0.14375 0.1203125
1 0.45546875 0.20390625 0.1421875 0.11875
1 0.35859375 0.18984375 0.1578125 0.11640625
1 0.3140625 0.253125 0.12734375 0.115625
1 0.659375 0.465625 0.0859375 0.0703125
1 0.65 0.51953125 0.06328125 0.078125
1 0.6875 0.53984375 0.06796875 0.0546875
1 0.6734375 0.63984375 0.078125 0.05625
1 0.809375 0.6109375 0.05546875 0.0421875
1 0.8375 0.6390625 0.08046875 0.06484375
1 0.5375 0.57734375 0.0875 0.05859375
1 0.44609375 0.61953125 0.07109375 0.0734375
1 0.48984375 0.65625 0.09375 0.06796875
1 0.54296875 0.68984375 0.0625 0.071875
1 0.58984375 0.6578125 0.03359375 0.04453125
1 0.5953125 0.64375 0.05390625 0.0421875
1 0.61328125 0.665625 0.0484375 0.05546875
1 0.53984375 0.80078125 0.05546875 0.05859375
1 0.57734375 0.80703125 0.034375 0.04375
1 0.421875 0.790625 0.06953125 0.0484375
1 0.42890625 0.840625 0.03125 0.03671875
1 0.30234375 0.734375 0.065625 0.05859375
1 0.2171875 0.55234375 0.06171875 0.046875