1 0.57421875 0.703125 0.11328125 0.1078125
1 0.68828125 0.74609375 0.13359375 0.109375
1 0.553125 0.79609375 0.14140625 0.08125
1 0.19765625 0.6640625 0.1015625 0.10390625
1 0.3453125 0.52578125 0.065625 0.05234375
1 0.3546875 0.4796875 0.04296875 0.05625
1 0.30234375 0.46328125 0.05546875 0.0546875
1 0.309375 0.425 0.05859375 0.0421875
1 0.46875 0.4140625 0.07421875 0.0640625
1 0.5453125 0.3765625 0.05546875 0.078125
1 0.5078125 0.33828125 0.08828125 0.0515625
1 0.375 0.3125 0.05703125 0.05859375
1 0.41640625 0.32890625 0.04296875 0.0328125
1 0.32265625 0.3734375 0.059375 0.05703125
1 0.15546875 0.34375 0.04921875 0.034375
1 0.35078125 0.62578125 0.06171875 0.05
1 0.36875 0.5734375 0.059375 0.04140625
1 0.56796875 0.215625 0.053125 0.040625
1 0.45703125 0.20390625 0.05 0.03359375
1 0.41484375 0.19140625 0.025 0.02421875
1 0.55390625 0.13984375 0.02421875 0.015625
1 0.5203125 0.17890625 0.0265625 0.0359375
1 0.70859375 0.25234375 0.04609375 0.0390625
1 0.790625 0.4328125 0.03515625 0.03671875
1 0.6984375 0.41953125 0.05234375 0.04296875