1 0.1703125 0.5625 0.07421875 0.08828125
1 0.08359375 0.51328125 0.0640625 0.1140625
1 0.01484375 0.52734375 0.0296875 0.1015625
1 0.0171875 0.4859375 0.021875 0.06796875
1 0.02578125 0.25703125 0.05078125 0.059375
1 0.22265625 0.265625 0.0578125 0.05859375
1 0.22578125 0.328125 0.05703125 0.059375
1 0.29453125 0.4265625 0.0328125 0.0515625
1 0.246875 0.39453125 0.03515625 0.05390625
1 0.25546875 0.446875 0.0359375 0.05234375
1 0.33984375 0.4859375 0.0359375 0.05078125
1 0.3671875 0.49609375 0.0328125 0.04453125
1 0.34921875 0.58359375 0.040625 0.05390625
1 0.39296875 0.415625 0.03046875 0.04296875
1 0.3078125 0.35546875 0.02890625 0.03828125
1 0.15703125 0.08125 0.04296875 0.05859375
1 0.88359375 0.57734375 0.04296875 0.05625
1 0.96640625 0.65703125 0.06640625 0.071875
1 0.92734375 0.54609375 0.05 0.06015625
1 0.87734375 0.52578125 0.034375 0.05546875
1 0.83203125 0.6734375 0.03359375 0.05234375
1 0.86328125 0.7578125 0.02890625 0.034375
1 0.9375 0.809375 0.04296875 0.0578125
1 0.9734375 0.83203125 0.04453125 0.0546875
1 0.9875 0.803125 0.02421875 0.040625
1 0.82421875 0.88828125 0.04375 0.0515625
1 0.85390625 0.87578125 0.02265625 0.0484375
1 0.83671875 0.59375 0.03359375 0.06171875
1 0.725 0.546875 0.03203125 0.03515625
1 0.709375 0.57578125 0.02734375 0.034375
1 0.7640625 0.45859375 0.03984375 0.04453125
1 0.309375 0.29140625 0.03203125 0.0265625
1 0.346875 0.3359375 0.02265625 0.02578125
1 0.71171875 0.47890625 0.028125 0.040625
1 0.35859375 0.2171875 0.02421875 0.02890625
1 0.74609375 0.3828125 0.03046875 0.03125
1 0.67890625 0.378125 0.02421875 0.02109375
1 0.6890625 0.44296875 0.03203125 0.03671875
1 0.1828125 0.96640625 0.065625 0.0671875