1 0.44296875 0.1734375 0.10234375 0.09453125
1 0.49140625 0.071875 0.11875 0.09921875
1 0.49609375 0.021875 0.14921875 0.04375
1 0.740625 0.03359375 0.08984375 0.0671875
1 0.74375 0.215625 0.084375 0.078125
1 0.6671875 0.2328125 0.08046875 0.06875
1 0.6140625 0.23515625 0.07109375 0.053125
1 0.5734375 0.28515625 0.07421875 0.0515625
1 0.5125 0.33359375 0.04453125 0.03671875
1 0.50078125 0.36640625 0.0515625 0.04765625
1 0.428125 0.35625 0.08359375 0.06484375
1 0.359375 0.3203125 0.040625 0.03671875
1 0.58359375 0.3890625 0.0421875 0.03515625
1 0.9109375 0.14921875 0.08359375 0.06796875
1 0.03046875 0.1875 0.0609375 0.05
1 0.43203125 0.884375 0.05859375 0.065625
1 0.34453125 0.965625 0.09140625 0.06875
1 0.1953125 0.98828125 0.0609375 0.02265625
1 0.16328125 0.96953125 0.07109375 0.06015625
1 0.2 0.9453125 0.0484375 0.04921875
1 0.10625 0.825 0.05859375 0.06875
1 0.11875 0.85390625 0.05703125 0.0578125
1 0.16015625 0.8203125 0.053125 0.05
1 0.23515625 0.86171875 0.0640625 0.05234375
1 0.3125 0.8359375 0.04296875 0.04921875
1 0.340625 0.86171875 0.0515625 0.05234375
1 0.40625 0.83671875 0.0390625 0.034375
1 0.4390625 0.709375 0.05625 0.05078125
1 0.54375 0.76328125 0.03125 0.04140625
1 0.52890625 0.72109375 0.02890625 0.0328125
1 0.534375 0.71328125 0.02890625 0.028125
1 0.61328125 0.74453125 0.0375 0.03125
1 0.77890625 0.35703125 0.03203125 0.03515625