1 0.95078125 0.51328125 0.09765625 0.15546875
1 0.94609375 0.67109375 0.1078125 0.1390625
1 0.9375 0.809375 0.125 0.13359375
1 0.565625 0.65546875 0.078125 0.10078125
1 0.55546875 0.75859375 0.07578125 0.08828125
1 0.6140625 0.875 0.10390625 0.13046875
1 0.57890625 0.94609375 0.0828125 0.07734375
1 0.49765625 0.875 0.09765625 0.12578125
1 0.509375 0.97265625 0.08046875 0.0546875
1 0.44921875 0.92578125 0.03203125 0.06875
1 0.43359375 0.725 0.0671875 0.10625
1 0.3796875 0.71796875 0.0578125 0.08359375
1 0.3625 0.6375 0.03203125 0.06875
1 0.828125 0.55625 0.096875 0.11953125
1 0.59140625 0.36953125 0.04921875 0.08046875
1 0.56875 0.15625 0.09296875 0.11171875
1 0.26171875 0.38125 0.05234375 0.0546875
1 0.128125 0.30625 0.065625 0.06484375
1 0.16484375 0.36875 0.040625 0.04765625
1 0.190625 0.44765625 0.04375 0.07578125
1 0.0796875 0.44609375 0.0484375 0.0640625
1 0.05625 0.50546875 0.06796875 0.05
1 0.028125 0.440625 0.05234375 0.0703125
1 0.01640625 0.54453125 0.0328125 0.078125
1 0.071875 0.6890625 0.04140625 0.06484375
1 0.8484375 0.1390625 0.07578125 0.04609375
1 0.13828125 0.19375 0.03671875 0.034375
1 0.23515625 0.24296875 0.05703125 0.071875
1 0.24765625 0.72421875 0.0515625 0.06015625
1 0.20546875 0.5390625 0.02421875 0.040625
1 0.0453125 0.3 0.0375 0.05546875