1 0.6875 0.59609375 0.05859375 0.0796875
1 0.6515625 0.6734375 0.07578125 0.09296875
1 0.5421875 0.553125 0.05390625 0.0875
1 0.60078125 0.565625 0.0375 0.06328125
1 0.55390625 0.6609375 0.059375 0.09375
1 0.57734375 0.803125 0.05234375 0.08046875
1 0.62578125 0.8375 0.0390625 0.05078125
1 0.7609375 0.778125 0.04140625 0.07890625
1 0.9328125 0.8625 0.04296875 0.06171875
1 0.97421875 0.6109375 0.04296875 0.07890625
1 0.7078125 0.4375 0.05078125 0.1
1 0.84765625 0.6359375 0.06484375 0.09765625
1 0.46953125 0.4578125 0.04140625 0.05234375
1 0.36796875 0.45 0.03828125 0.0546875
1 0.4015625 0.45703125 0.02578125 0.0546875
1 0.35625 0.56796875 0.01953125 0.03671875
1 0.36640625 0.70390625 0.040625 0.059375
1 0.33203125 0.728125 0.02890625 0.04609375
1 0.33671875 0.6734375 0.025 0.03515625
1 0.13984375 0.6328125 0.03515625 0.0328125
1 0.15234375 0.5109375 0.0390625 0.05234375
1 0.1171875 0.55390625 0.0421875 0.0578125
1 0.0234375 0.621875 0.02890625 0.03828125
1 0.49140625 0.10859375 0.0453125 0.05546875
1 0.128125 0.1484375 0.03359375 0.0375
1 0.165625 0.13046875 0.03828125 0.0375
1 0.159375 0.08828125 0.03828125 0.0375
1 0.02890625 0.19921875 0.01796875 0.02890625
1 0.365625 0.39453125 0.0421875 0.04609375
1 0.4046875 0.365625 0.0265625 0.04609375
1 0.3734375 0.34453125 0.03046875 0.065625
1 0.5765625 0.4828125 0.046875 0.05390625