1 0.0921875 0.475 0.14375 0.1796875
1 0.18671875 0.49765625 0.0484375 0.12265625
1 0.3875 0.49921875 0.125 0.1515625
1 0.4390625 0.428125 0.0609375 0.10859375
1 0.3015625 0.4328125 0.07421875 0.12578125
1 0.109375 0.18671875 0.16953125 0.19375
1 0.46875 0.20703125 0.07578125 0.12421875
1 0.503125 0.48359375 0.09921875 0.14296875
1 0.60234375 0.54921875 0.07578125 0.096875
1 0.79296875 0.60078125 0.04765625 0.05703125
1 0.815625 0.503125 0.0484375 0.053125
1 0.7828125 0.478125 0.03671875 0.0484375
1 0.7515625 0.409375 0.05 0.0921875
1 0.70078125 0.43046875 0.07265625 0.0984375
1 0.6890625 0.2859375 0.08515625 0.0859375
1 0.69609375 0.359375 0.05390625 0.06796875
1 0.68203125 0.19765625 0.06171875 0.096875
1 0.79453125 0.25 0.05078125 0.05859375
1 0.77578125 0.31484375 0.0359375 0.05390625
1 0.85625 0.4015625 0.04609375 0.0640625
1 0.8046875 0.66328125 0.03203125 0.03984375
1 0.7640625 0.66875 0.03125 0.04296875
1 0.934375 0.73984375 0.02890625 0.0375