1 0.32734375 0.42578125 0.1046875 0.0875
1 0.28984375 0.32890625 0.078125 0.08046875
1 0.33359375 0.2890625 0.075 0.075
1 0.35234375 0.33828125 0.05859375 0.0453125
1 0.4140625 0.4671875 0.0546875 0.084375
1 0.36953125 0.48046875 0.08203125 0.0890625
1 0.3171875 0.5453125 0.084375 0.075
1 0.22734375 0.609375 0.07578125 0.090625
1 0.2671875 0.703125 0.06484375 0.04921875
1 0.46328125 0.7234375 0.06171875 0.06328125
1 0.49140625 0.66796875 0.0703125 0.06484375
1 0.4890625 0.85859375 0.07734375 0.1
1 0.5453125 0.8625 0.071875 0.10625
1 0.625 0.90078125 0.0828125 0.06640625
1 0.03046875 0.6015625 0.03984375 0.06015625
1 0.14140625 0.55703125 0.03671875 0.0453125
1 0.971875 0.58984375 0.05625 0.16953125