1 0.73515625 0.46640625 0.1109375 0.1203125
1 0.6375 0.43984375 0.09140625 0.07734375
1 0.62734375 0.54765625 0.07578125 0.06328125
1 0.56171875 0.46015625 0.08359375 0.09765625
1 0.51640625 0.3546875 0.09453125 0.07734375
1 0.46796875 0.2828125 0.06640625 0.05703125
1 0.37578125 0.4921875 0.1171875 0.10859375
1 0.28671875 0.471875 0.07734375 0.06171875
1 0.34375 0.56875 0.10625 0.08984375
1 0.771875 0.86796875 0.103125 0.1015625
1 0.890625 0.82734375 0.04765625 0.084375
1 0.9453125 0.89453125 0.109375 0.128125
1 0.97578125 0.84140625 0.04765625 0.08046875