1 0.27265625 0.5265625 0.09296875 0.12265625
1 0.3625 0.546875 0.0609375 0.0921875
1 0.375 0.4484375 0.034375 0.10390625
1 0.2484375 0.13984375 0.08359375 0.1
1 0.11015625 0.165625 0.05625 0.08671875
1 0.0515625 0.1046875 0.06328125 0.0890625
1 0.0203125 0.14921875 0.040625 0.1109375
1 0.45234375 0.54921875 0.0421875 0.09296875
1 0.628125 0.51171875 0.06484375 0.07109375
1 0.66328125 0.43671875 0.06484375 0.08125
1 0.5328125 0.7046875 0.0703125 0.0890625
1 0.490625 0.63125 0.0484375 0.0484375
1 0.70078125 0.525 0.05546875 0.05390625
1 0.56953125 0.4171875 0.02734375 0.05546875
1 0.61640625 0.41953125 0.0203125 0.0328125
1 0.696875 0.3796875 0.05078125 0.0734375