1 0.8046875 0.571875 0.14765625 0.1171875
1 0.73671875 0.45625 0.1125 0.10546875
1 0.8109375 0.45625 0.08046875 0.0625
1 0.92890625 0.3640625 0.11328125 0.08125
1 0.90234375 0.41015625 0.10859375 0.071875
1 0.878125 0.5203125 0.0921875 0.0734375
1 0.9453125 0.74375 0.05 0.0609375
1 0.684375 0.63984375 0.1 0.08359375
1 0.6203125 0.60078125 0.071875 0.0796875
1 0.4 0.5453125 0.1171875 0.08125
1 0.421875 0.68203125 0.10703125 0.10859375
1 0.16953125 0.7421875 0.109375 0.090625
1 0.21796875 0.8046875 0.046875 0.04453125
1 0.290625 0.80078125 0.05859375 0.0375
1 0.30546875 0.89453125 0.04609375 0.0859375
1 0.3984375 0.85234375 0.0609375 0.0546875
1 0.43125 0.8328125 0.05703125 0.05859375
1 0.1921875 0.94140625 0.04375 0.03046875
1 0.19609375 0.97578125 0.025 0.03984375
1 0.428125 0.278125 0.1359375 0.09609375