1 0.57109375 0.71484375 0.12265625 0.0671875
1 0.06953125 0.63125 0.11171875 0.0703125
1 0.096875 0.5828125 0.10859375 0.06484375
1 0.19765625 0.53828125 0.08046875 0.05546875
1 0.2703125 0.53046875 0.0984375 0.0875
1 0.60859375 0.44375 0.1125 0.0859375
1 0.503125 0.4125 0.0671875 0.06015625
1 0.38828125 0.40546875 0.071875 0.06171875
1 0.31796875 0.3578125 0.11953125 0.084375
1 0.1984375 0.4296875 0.1359375 0.09453125
1 0.1296875 0.48046875 0.1046875 0.0640625
1 0.56953125 0.31171875 0.11484375 0.11484375
1 0.83359375 0.2421875 0.0890625 0.09765625
1 0.78203125 0.1875 0.05546875 0.059375
1 0.7171875 0.1953125 0.05234375 0.04765625
1 0.70234375 0.0921875 0.0546875 0.05546875
1 0.8078125 0.0546875 0.0421875 0.03203125
1 0.8078125 0.01640625 0.0421875 0.03046875
1 0.91796875 0.18125 0.04375 0.04140625
1 0.60546875 0.146875 0.059375 0.04140625
1 0.58203125 0.16484375 0.065625 0.04453125
1 0.5234375 0.18984375 0.05 0.04765625
1 0.46484375 0.1640625 0.0546875 0.03828125
1 0.2625 0.1953125 0.0609375 0.04140625
1 0.05546875 0.2546875 0.06796875 0.06484375
1 0.61484375 0.01796875 0.0453125 0.0359375