1 0.9421875 0.56484375 0.115625 0.1421875
1 0.96171875 0.4328125 0.0765625 0.115625
1 0.8328125 0.47890625 0.11875 0.134375
1 0.8703125 0.615625 0.0953125 0.11875
1 0.846875 0.3515625 0.084375 0.09375
1 0.48828125 0.3578125 0.0515625 0.06953125
1 0.52578125 0.5765625 0.03359375 0.071875
1 0.5046875 0.62734375 0.05390625 0.0890625
1 0.63203125 0.7359375 0.0640625 0.0625
1 0.60859375 0.81875 0.084375 0.09453125
1 0.653125 0.875 0.0609375 0.06484375
1 0.74453125 0.96015625 0.071875 0.0796875
1 0.68828125 0.771875 0.04296875 0.05859375
1 0.809375 0.89609375 0.0453125 0.071875
1 0.77109375 0.7859375 0.04453125 0.04609375
1 0.425 0.38125 0.0359375 0.08046875
1 0.3796875 0.14375 0.05234375 0.0734375
1 0.459375 0.05390625 0.04375 0.07578125
1 0.78515625 0.04453125 0.071875 0.084375
1 0.25546875 0.2359375 0.03515625 0.0390625
1 0.2671875 0.29375 0.0234375 0.0484375
1 0.30390625 0.30078125 0.04375 0.05
1 0.196875 0.41328125 0.0609375 0.06484375
1 0.13671875 0.6765625 0.0515625 0.05859375
1 0.15546875 0.61640625 0.04765625 0.04921875
1 0.15390625 0.5765625 0.02421875 0.03203125
1 0.13359375 0.5546875 0.02265625 0.028125
1 0.11875 0.48203125 0.0296875 0.0375
1 0.0921875 0.5 0.04140625 0.03046875
1 0.0671875 0.49765625 0.02734375 0.02890625
1 0.08984375 0.46875 0.03671875 0.034375
1 0.0546875 0.43359375 0.0421875 0.04375
1 0.11875 0.41328125 0.0421875 0.0296875
1 0.10234375 0.38125 0.02734375 0.03203125
1 0.2 0.32265625 0.03984375 0.05234375
1 0.140625 0.31328125 0.05078125 0.0421875
1 0.25390625 0.346875 0.0375 0.0390625
1 0.1296875 0.2796875 0.028125 0.02109375