1 0.63671875 0.503125 0.11640625 0.08125
1 0.5640625 0.45078125 0.0671875 0.05625
1 0.7359375 0.365625 0.0859375 0.07890625
1 0.82109375 0.39609375 0.1109375 0.103125
1 0.95703125 0.2578125 0.08515625 0.08671875
1 0.9015625 0.18203125 0.0859375 0.053125
1 0.796875 0.2296875 0.05703125 0.06328125
1 0.61484375 0.12578125 0.1515625 0.10546875
1 0.58046875 0.05546875 0.1546875 0.1109375
1 0.440625 0.04765625 0.18828125 0.09453125
1 0.47734375 0.1625 0.16015625 0.13671875
1 0.3609375 0.1453125 0.13984375 0.13984375
1 0.0578125 0.2109375 0.09453125 0.078125
1 0.36640625 0.5125 0.11484375 0.07890625
1 0.390625 0.56796875 0.10859375 0.0734375
1 0.16484375 0.61875 0.10546875 0.109375
1 0.07890625 0.5484375 0.0890625 0.07578125
1 0.26640625 0.675 0.06875 0.07421875
1 0.31015625 0.696875 0.07109375 0.04765625
1 0.2921875 0.72890625 0.09296875 0.06328125
1 0.24375 0.7375 0.07109375 0.07578125
1 0.41328125 0.809375 0.0859375 0.07578125
1 0.32109375 0.796875 0.071875 0.0765625
1 0.3015625 0.8625 0.0328125 0.0484375
1 0.42109375 0.8859375 0.046875 0.05859375
1 0.48203125 0.88671875 0.04140625 0.06015625
1 0.47890625 0.92265625 0.06171875 0.06171875
1 0.440625 0.94375 0.065625 0.03515625
1 0.56328125 0.853125 0.059375 0.05625
1 0.62265625 0.84296875 0.0671875 0.05234375
1 0.684375 0.853125 0.05234375 0.07734375
1 0.6953125 0.89453125 0.04765625 0.0421875
1 0.475 0.79453125 0.0546875 0.046875