1 0.81640625 0.48203125 0.17109375 0.1671875
1 0.928125 0.5609375 0.14375 0.165625
1 0.86875 0.60859375 0.1109375 0.121875
1 0.834375 0.35546875 0.13203125 0.15390625
1 0.94765625 0.43671875 0.10390625 0.1625
1 0.615625 0.8015625 0.084375 0.09765625
1 0.63515625 0.71875 0.06953125 0.103125
1 0.5140625 0.63203125 0.08359375 0.11015625
1 0.5484375 0.5828125 0.0828125 0.1125
1 0.425 0.38125 0.0828125 0.109375
1 0.38203125 0.16953125 0.09140625 0.1296875
1 0.31328125 0.31328125 0.04453125 0.075
1 0.28828125 0.30859375 0.0640625 0.0875
1 0.26796875 0.246875 0.06640625 0.0703125
1 0.1921875 0.41796875 0.075 0.0703125
1 0.1234375 0.4109375 0.07109375 0.06328125
1 0.07265625 0.4484375 0.075 0.09453125
1 0.1015625 0.484375 0.08125 0.09765625
1 0.14921875 0.55703125 0.05390625 0.040625
1 0.140625 0.61640625 0.06796875 0.0578125
1 0.128125 0.66953125 0.0421875 0.0515625
1 0.74609375 0.95546875 0.06875 0.084375
1 0.67578125 0.7515625 0.02265625 0.034375
1 0.76640625 0.7828125 0.05546875 0.0703125
1 0.4828125 0.3609375 0.07421875 0.10625
1 0.79609375 0.05234375 0.0828125 0.1046875
1 0.6578125 0.8734375 0.0953125 0.1015625