1 0.07421875 0.4984375 0.14296875 0.2703125
1 0.2515625 0.67734375 0.0921875 0.1
1 0.29609375 0.55234375 0.05390625 0.084375
1 0.28828125 0.84609375 0.1015625 0.13203125
1 0.353125 0.915625 0.05625 0.0578125
1 0.53828125 0.91875 0.0625 0.0859375
1 0.5609375 0.584375 0.0875 0.09921875
1 0.1125 0.325 0.134375 0.140625
1 0.0453125 0.159375 0.090625 0.125
1 0.265625 0.38984375 0.046875 0.04765625
1 0.67265625 0.621875 0.065625 0.0890625
1 0.72890625 0.57109375 0.04921875 0.06328125
1 0.696875 0.484375 0.071875 0.08671875
1 0.765625 0.37265625 0.0703125 0.0984375
1 0.721875 0.2984375 0.05703125 0.0875
1 0.6671875 0.16484375 0.08046875 0.07734375
1 0.64765625 0.22734375 0.0515625 0.06875
1 0.81484375 0.4515625 0.06796875 0.08515625
1 0.92265625 0.57109375 0.05390625 0.046875
1 0.91796875 0.53046875 0.0328125 0.04609375