1 0.6640625 0.16328125 0.096875 0.10078125
1 0.5390625 0.0859375 0.08671875 0.08515625
1 0.584375 0.0265625 0.08125 0.053125
1 0.68046875 0.028125 0.13515625 0.0546875
1 0.68046875 0.24296875 0.12890625 0.07265625
1 0.52734375 0.284375 0.1484375 0.10859375
1 0.05390625 0.54140625 0.1078125 0.2140625
1 0.503125 0.5625 0.16328125 0.12578125
1 0.56015625 0.72265625 0.15 0.20546875
1 0.6015625 0.9109375 0.20546875 0.17734375
1 0.39609375 0.86875 0.13125 0.1578125
1 0.1375 0.42421875 0.0984375 0.07421875
1 0.7875 0.06484375 0.065625 0.06328125