1 0.759375 0.48515625 0.0671875 0.0890625
1 0.53671875 0.809375 0.0984375 0.0921875
1 0.4453125 0.58828125 0.06328125 0.0875
1 0.19375 0.53359375 0.109375 0.12578125
1 0.10625 0.51875 0.0625 0.11796875
1 0.2796875 0.328125 0.1171875 0.11640625
1 0.4796875 0.221875 0.0796875 0.12109375
1 0.63984375 0.384375 0.06953125 0.0953125
1 0.69765625 0.31796875 0.0671875 0.07890625
1 0.73515625 0.384375 0.0359375 0.04140625
1 0.71015625 0.41796875 0.0390625 0.05546875
1 0.76875 0.3828125 0.0234375 0.0546875
1 0.978125 0.49765625 0.04375 0.0546875
1 0.909375 0.51875 0.0640625 0.065625
1 0.603125 0.25703125 0.0484375 0.04765625
1 0.5390625 0.40625 0.0390625 0.03828125
1 0.5828125 0.4765625 0.0453125 0.065625
1 0.3140625 0.14453125 0.0421875 0.0578125