1 0.67890625 0.3 0.14609375 0.11171875
1 0.8453125 0.30625 0.075 0.05546875
1 0.78125 0.471875 0.0953125 0.08828125
1 0.46796875 0.18203125 0.146875 0.11171875
1 0.4765625 0.10078125 0.13125 0.0875
1 0.4171875 0.44609375 0.065625 0.07890625
1 0.59453125 0.5375 0.06484375 0.0765625
1 0.5328125 0.57265625 0.05859375 0.0546875
1 0.6109375 0.63125 0.08671875 0.09765625
1 0.6703125 0.690625 0.08125 0.09453125
1 0.74296875 0.60546875 0.0453125 0.05703125
1 0.60625 0.734375 0.065625 0.05390625
1 0.6 0.77109375 0.04375 0.05234375
1 0.5296875 0.7671875 0.0828125 0.08125
1 0.178125 0.525 0.1 0.09375
1 0.2359375 0.6515625 0.08828125 0.053125
1 0.4703125 0.90234375 0.03984375 0.053125
1 0.50234375 0.97265625 0.065625 0.05