1 0.36796875 0.9140625 0.1015625 0.11953125
1 0.190625 0.88125 0.08828125 0.08125
1 0.05703125 0.4921875 0.065625 0.0921875
1 0.2078125 0.52578125 0.090625 0.0796875
1 0.17109375 0.41875 0.06484375 0.0953125
1 0.346875 0.34765625 0.0421875 0.0640625
1 0.38203125 0.34921875 0.05 0.09453125
1 0.41953125 0.3375 0.04375 0.04375
1 0.725 0.33515625 0.0578125 0.065625
1 0.84609375 0.45234375 0.02265625 0.0390625
1 0.890625 0.45703125 0.04765625 0.059375
1 0.5328125 0.33828125 0.04140625 0.06171875
1 0.4515625 0.2859375 0.03359375 0.04765625
1 0.47421875 0.39609375 0.0359375 0.028125