1 0.6328125 0.0796875 0.08359375 0.09140625
1 0.79921875 0.11796875 0.05234375 0.08671875
1 0.94140625 0.4984375 0.07421875 0.07578125
1 0.79609375 0.4796875 0.0859375 0.06484375
1 0.83671875 0.58125 0.04609375 0.0671875
1 0.78984375 0.6078125 0.0546875 0.07109375
1 0.66171875 0.653125 0.034375 0.04609375
1 0.625 0.6484375 0.0453125 0.06875
1 0.5109375 0.6109375 0.04453125 0.05078125
1 0.57578125 0.65859375 0.03203125 0.03125
1 0.53515625 0.7 0.04296875 0.04296875
1 0.50546875 0.75 0.01953125 0.03984375
1 0.26640625 0.6640625 0.04296875 0.04140625
1 0.2921875 0.6359375 0.0421875 0.03984375
1 0.11640625 0.5546875 0.02890625 0.03671875
1 0.1421875 0.54453125 0.03125 0.02578125
1 0.0921875 0.54609375 0.0203125 0.0234375
1 0.14375 0.571875 0.0296875 0.0265625