1 0.58125 0.57890625 0.06875 0.0515625
1 0.509375 0.6328125 0.11640625 0.090625
1 0.509375 0.55859375 0.0796875 0.06953125
1 0.28359375 0.67890625 0.0765625 0.04375
1 0.24296875 0.71484375 0.1125 0.0671875
1 0.18984375 0.76171875 0.0859375 0.065625
1 0.1578125 0.88046875 0.11875 0.09453125
1 0.93203125 0.97734375 0.1359375 0.0453125
1 0.971875 0.19453125 0.05625 0.07734375
1 0.58046875 0.19765625 0.04140625 0.0296875
1 0.51796875 0.2140625 0.0609375 0.06875
1 0.43984375 0.21484375 0.0578125 0.0328125
1 0.5015625 0.146875 0.07421875 0.0625
1 0.41171875 0.171875 0.06171875 0.06015625
1 0.50625 0.06796875 0.046875 0.0640625
1 0.57421875 0.06953125 0.0546875 0.0359375
1 0.69296875 0.11796875 0.046875 0.0484375
1 0.790625 0.23046875 0.06171875 0.03828125