1 0.58046875 0.41796875 0.06328125 0.065625
1 0.55078125 0.48671875 0.053125 0.0828125
1 0.6234375 0.49296875 0.0875 0.09921875
1 0.5 0.39375 0.0484375 0.05234375
1 0.2234375 0.4875 0.0515625 0.0578125
1 0.15078125 0.5 0.06640625 0.0734375
1 0.0734375 0.48984375 0.05859375 0.0484375
1 0.2015625 0.421875 0.03515625 0.046875
1 0.67578125 0.7125 0.04921875 0.06875
1 0.7125 0.74609375 0.046875 0.090625
1 0.7703125 0.7875 0.0609375 0.084375
1 0.8828125 0.83828125 0.08671875 0.128125
1 0.16015625 0.5890625 0.05 0.0703125
1 0.221875 0.54765625 0.04375 0.04921875
1 0.97890625 0.075 0.0421875 0.13515625
1 0.1921875 0.028125 0.06015625 0.05546875