1 0.95859375 0.859375 0.0828125 0.2015625
1 0.6890625 0.328125 0.07734375 0.11640625
1 0.434375 0.484375 0.07421875 0.08125
1 0.32265625 0.590625 0.128125 0.1546875
1 0.175 0.4265625 0.12578125 0.11484375
1 0.19765625 0.55546875 0.09140625 0.0953125
1 0.2375 0.659375 0.090625 0.1328125
1 0.1359375 0.53984375 0.08046875 0.09140625
1 0.54453125 0.88046875 0.11796875 0.1171875
1 0.4796875 0.56953125 0.06953125 0.08671875
1 0.43984375 0.04296875 0.084375 0.0859375
1 0.88203125 0.5234375 0.0359375 0.1015625