1 0.86640625 0.040625 0.2015625 0.08125
1 0.5234375 0.1171875 0.09765625 0.04609375
1 0.3265625 0.309375 0.1140625 0.0828125
1 0.88046875 0.45859375 0.11796875 0.08359375
1 0.57109375 0.52109375 0.09140625 0.0796875
1 0.47734375 0.56015625 0.0953125 0.06796875
1 0.59609375 0.6734375 0.146875 0.1125
1 0.6328125 0.75625 0.125 0.103125
1 0.778125 0.65078125 0.05703125 0.07265625
1 0.70078125 0.56328125 0.115625 0.09609375
1 0.54765625 0.80546875 0.06640625 0.0625
1 0.53125 0.8640625 0.07578125 0.06171875
1 0.51015625 0.77421875 0.0703125 0.053125
1 0.425 0.82109375 0.09765625 0.0765625
1 0.03828125 0.54765625 0.0765625 0.0671875