1 0.4359375 0.47109375 0.065625 0.065625
1 0.3265625 0.584375 0.1140625 0.1265625
1 0.2375 0.65625 0.11328125 0.084375
1 0.69375 0.3171875 0.06484375 0.11015625
1 0.965625 0.85 0.06796875 0.18828125
1 0.55 0.89453125 0.07578125 0.128125
1 0.365625 0.784375 0.059375 0.06328125
1 0.1640625 0.41484375 0.0765625 0.096875
1 0.19765625 0.55 0.05390625 0.06875
1 0.1265625 0.53515625 0.0453125 0.08125
1 0.4296875 0.0421875 0.06796875 0.084375
1 0.475 0.5734375 0.06953125 0.09375
1 0.88203125 0.525 0.046875 0.09375