1 0.896875 0.66875 0.06953125 0.078125
1 0.91640625 0.74609375 0.05546875 0.06875
1 0.975 0.784375 0.05 0.065625
1 0.86484375 0.7609375 0.0625 0.0765625
1 0.8078125 0.79765625 0.07265625 0.09140625
1 0.81484375 0.71875 0.0484375 0.05859375
1 0.83984375 0.65078125 0.053125 0.08359375
1 0.5578125 0.165625 0.05859375 0.05078125
1 0.634375 0.51640625 0.07734375 0.0453125
1 0.6546875 0.6703125 0.059375 0.05859375
1 0.63125 0.73671875 0.040625 0.08984375
1 0.51171875 0.70703125 0.028125 0.04296875
1 0.53828125 0.66640625 0.05 0.08203125
1 0.4859375 0.67734375 0.04375 0.05625
1 0.490625 0.61484375 0.03828125 0.07265625
1 0.521875 0.5640625 0.04765625 0.0640625
1 0.35703125 0.32578125 0.03359375 0.04140625
1 0.353125 0.37265625 0.03515625 0.0453125
1 0.3484375 0.41015625 0.02578125 0.028125
1 0.46171875 0.32578125 0.03828125 0.0546875
1 0.7296875 0.62734375 0.028125 0.05703125
1 0.2390625 0.49140625 0.03359375 0.034375
1 0.128125 0.3328125 0.02578125 0.03359375
1 0.13984375 0.36875 0.02578125 0.02421875
1 0.30859375 0.1765625 0.02734375 0.0453125
1 0.94375 0.1375 0.05234375 0.065625