1 0.80546875 0.19375 0.090625 0.08125
1 0.7546875 0.13515625 0.0859375 0.071875
1 0.72421875 0.1859375 0.06171875 0.06015625
1 0.67421875 0.10078125 0.09453125 0.07265625
1 0.65546875 0.17421875 0.09453125 0.06328125
1 0.75234375 0.07578125 0.0640625 0.05859375
1 0.7890625 0.025 0.07890625 0.05
1 0.5921875 0.12890625 0.04921875 0.04296875
1 0.67265625 0.33828125 0.065625 0.06171875
1 0.74140625 0.371875 0.0796875 0.053125
1 0.65546875 0.4546875 0.06328125 0.07109375
1 0.7078125 0.47109375 0.05 0.04921875
1 0.68828125 0.51484375 0.0546875 0.046875
1 0.61640625 0.50859375 0.07578125 0.06015625
1 0.56484375 0.47265625 0.05234375 0.046875
1 0.525 0.35859375 0.07421875 0.065625
1 0.165625 0.4359375 0.04296875 0.0484375
1 0.3125 0.54140625 0.028125 0.04140625
1 0.32734375 0.63828125 0.0359375 0.0421875
1 0.36796875 0.6484375 0.04296875 0.04609375
1 0.41328125 0.64140625 0.03828125 0.0328125
1 0.490625 0.76328125 0.03125 0.04140625
1 0.32265625 0.87265625 0.021875 0.03125
1 0.34453125 0.871875 0.01640625 0.025
1 0.36875 0.8609375 0.028125 0.0234375