1 0.76640625 0.5125 0.02890625 0.04140625
1 0.5140625 0.31953125 0.05234375 0.05546875
1 0.509375 0.38515625 0.05390625 0.0640625
1 0.48125 0.43828125 0.06015625 0.059375
1 0.46640625 0.32578125 0.06875 0.0796875
1 0.34375 0.33125 0.06875 0.0734375
1 0.3734375 0.2515625 0.0703125 0.09609375
1 0.28125 0.37421875 0.04609375 0.08515625
1 0.17578125 0.34140625 0.084375 0.08984375
1 0.18984375 0.19765625 0.07578125 0.1046875
1 0.1875 0.28203125 0.0703125 0.06171875
1 0.140625 0.24921875 0.06796875 0.10078125
1 0.1109375 0.33671875 0.07734375 0.12734375
1 0.08515625 0.23984375 0.053125 0.071875
1 0.02734375 0.21171875 0.0546875 0.07578125
1 0.64765625 0.634375 0.03125 0.05078125
1 0.64765625 0.6671875 0.03125 0.05234375
1 0.4421875 0.81953125 0.0625 0.06875