1 0.6640625 0.5421875 0.1234375 0.11796875
1 0.728125 0.496875 0.11796875 0.14375
1 0.615625 0.39609375 0.06796875 0.10703125
1 0.60078125 0.23359375 0.1078125 0.09140625
1 0.57265625 0.1265625 0.046875 0.06484375
1 0.5984375 0.0765625 0.0609375 0.0703125
1 0.48515625 0.21015625 0.10625 0.1203125
1 0.54765625 0.440625 0.06015625 0.08984375
1 0.490625 0.46640625 0.05390625 0.0828125
1 0.4203125 0.5359375 0.07890625 0.06640625
1 0.31875 0.3953125 0.0671875 0.090625
1 0.2765625 0.42734375 0.05625 0.07890625
1 0.26953125 0.3703125 0.06953125 0.0625
1 0.278125 0.2984375 0.05546875 0.0671875
1 0.234375 0.29609375 0.03125 0.06796875
1 0.2140625 0.23671875 0.07578125 0.0609375
1 0.42734375 0.31953125 0.06484375 0.06171875
1 0.965625 0.9640625 0.065625 0.071875