1 0.96640625 0.32109375 0.06640625 0.07578125
1 0.3296875 0.565625 0.09375 0.06171875
1 0.37421875 0.62421875 0.07578125 0.084375
1 0.33515625 0.725 0.07265625 0.0875
1 0.44609375 0.64140625 0.07109375 0.0703125
1 0.47890625 0.7859375 0.0984375 0.07109375
1 0.5125 0.8296875 0.059375 0.07265625
1 0.4875 0.88203125 0.07421875 0.06640625
1 0.57265625 0.78515625 0.06171875 0.0859375
1 0.553125 0.85703125 0.07265625 0.05234375
1 0.47734375 0.428125 0.07421875 0.096875
1 0.3984375 0.3984375 0.065625 0.06484375
1 0.43828125 0.36328125 0.09140625 0.084375
1 0.48984375 0.34765625 0.08984375 0.0703125
1 0.5734375 0.3296875 0.06328125 0.05546875
1 0.6265625 0.1203125 0.053125 0.04140625
1 0.959375 0.140625 0.05703125 0.0546875