1 0.82109375 0.490625 0.0734375 0.109375
1 0.87890625 0.51875 0.05546875 0.0984375
1 0.93046875 0.5796875 0.10078125 0.09609375
1 0.94140625 0.51640625 0.06015625 0.0453125
1 0.840625 0.6453125 0.06328125 0.08515625
1 0.77734375 0.6296875 0.07421875 0.10703125
1 0.8015625 0.7140625 0.08359375 0.08046875
1 0.759375 0.734375 0.03515625 0.0625
1 0.7328125 0.90390625 0.04296875 0.05625
1 0.61640625 0.40625 0.05546875 0.05546875
1 0.49453125 0.38671875 0.0640625 0.0484375
1 0.5484375 0.49453125 0.04375 0.05390625
1 0.50703125 0.51015625 0.02265625 0.05078125
1 0.38046875 0.565625 0.04609375 0.0671875
1 0.3953125 0.503125 0.0296875 0.04921875
1 0.35234375 0.515625 0.02890625 0.04765625
1 0.04453125 0.59453125 0.03203125 0.03203125
1 0.06640625 0.5734375 0.03984375 0.034375
1 0.07109375 0.5984375 0.021875 0.0265625
1 0.303125 0.6171875 0.0328125 0.0375
1 0.2734375 0.66875 0.03125 0.0421875
1 0.35234375 0.02421875 0.0734375 0.046875
1 0.77109375 0.93046875 0.02734375 0.059375
1 0.67109375 0.61875 0.053125 0.04453125