1 0.6203125 0.22109375 0.109375 0.0984375
1 0.63984375 0.1484375 0.08046875 0.0765625
1 0.71171875 0.18359375 0.10703125 0.1046875
1 0.5828125 0.05546875 0.1046875 0.103125
1 0.52890625 0.109375 0.09765625 0.09375
1 0.47890625 0.1625 0.1046875 0.0890625
1 0.928125 0.21484375 0.08515625 0.096875
1 0.90390625 0.27109375 0.07421875 0.0703125
1 0.8953125 0.16328125 0.06171875 0.07421875
1 0.56796875 0.615625 0.090625 0.07109375
1 0.5 0.60625 0.07734375 0.075
1 0.509375 0.50859375 0.075 0.06640625
1 0.48671875 0.459375 0.0453125 0.03125
1 0.38046875 0.49921875 0.0625 0.0578125
1 0.39609375 0.3765625 0.03515625 0.046875
1 0.590625 0.93515625 0.05 0.06015625
1 0.61484375 0.31875 0.0515625 0.06015625