1 0.56875 0.51328125 0.0921875 0.096875
1 0.50390625 0.51640625 0.05859375 0.06484375
1 0.51328125 0.60703125 0.07734375 0.0765625
1 0.62890625 0.596875 0.07890625 0.05625
1 0.49375 0.69609375 0.059375 0.05703125
1 0.4296875 0.703125 0.06015625 0.0453125
1 0.3125 0.59296875 0.065625 0.05859375
1 0.2265625 0.528125 0.06953125 0.0515625
1 0.309375 0.4640625 0.06484375 0.0671875
1 0.1796875 0.4890625 0.0609375 0.08046875
1 0.27734375 0.40859375 0.05859375 0.0578125
1 0.41953125 0.0640625 0.0875 0.06796875
1 0.0234375 0.1984375 0.046875 0.09609375