1 0.634375 0.521875 0.0734375 0.0921875
1 0.6609375 0.45234375 0.059375 0.0765625
1 0.53203125 0.71015625 0.0515625 0.071875
1 0.490625 0.6390625 0.0515625 0.05
1 0.45390625 0.56796875 0.04609375 0.09453125
1 0.3671875 0.5703125 0.06796875 0.0765625
1 0.27734375 0.534375 0.09296875 0.1125
1 0.39140625 0.46171875 0.0359375 0.09609375
1 0.26171875 0.15234375 0.07890625 0.09453125
1 0.13203125 0.1796875 0.046875 0.08203125
1 0.07578125 0.12578125 0.05 0.08984375
1 0.028125 0.16328125 0.05546875 0.09453125
1 0.70703125 0.52734375 0.04140625 0.071875