1 0.4796875 0.28125 0.17578125 0.1078125
1 0.4140625 0.365625 0.11875 0.11015625
1 0.54609375 0.3953125 0.1109375 0.084375
1 0.434375 0.43984375 0.11171875 0.08359375
1 0.35234375 0.48828125 0.10234375 0.0625
1 0.2859375 0.53203125 0.10234375 0.09140625
1 0.4703125 0.628125 0.10859375 0.096875
1 0.55 0.65234375 0.08671875 0.0921875
1 0.85078125 0.25859375 0.13359375 0.109375
1 0.82578125 0.12421875 0.12109375 0.09765625
1 0.8984375 0.071875 0.12265625 0.10390625
1 0.8375 0.0296875 0.128125 0.059375
1 0.478125 0.7015625 0.08671875 0.05234375