1 0.66328125 0.44765625 0.06484375 0.10703125
1 0.6359375 0.5171875 0.071875 0.10390625
1 0.70390625 0.53125 0.05703125 0.07890625
1 0.53125 0.70703125 0.0796875 0.096875
1 0.56171875 0.65859375 0.04375 0.0578125
1 0.48671875 0.65 0.06640625 0.071875
1 0.45859375 0.57265625 0.06796875 0.08984375
1 0.38671875 0.4578125 0.071875 0.10078125
1 0.36640625 0.55546875 0.07890625 0.09609375
1 0.275 0.52890625 0.096875 0.10546875
1 0.25703125 0.14921875 0.10625 0.109375
1 0.12265625 0.175 0.08046875 0.103125
1 0.0671875 0.11171875 0.0625 0.09296875
1 0.025 0.15546875 0.05 0.12265625
1 0.3421875 0.66484375 0.05859375 0.07421875
1 0.5734375 0.42578125 0.03671875 0.07265625