1 0.6296875 0.090625 0.04140625 0.059375
1 0.565625 0.1046875 0.0421875 0.04765625
1 0.18984375 0.14609375 0.046875 0.0640625
1 0.48984375 0.28671875 0.059375 0.06953125
1 0.47109375 0.371875 0.05703125 0.084375
1 0.41796875 0.396875 0.04453125 0.06328125
1 0.38359375 0.33359375 0.0609375 0.07890625
1 0.5984375 0.38359375 0.04609375 0.08125
1 0.65625 0.3859375 0.05078125 0.0703125
1 0.96953125 0.70390625 0.0609375 0.0796875
1 0.64375 0.64375 0.04765625 0.05859375
1 0.59140625 0.53046875 0.053125 0.06875
1 0.565625 0.5671875 0.046875 0.04921875
1 0.53046875 0.54765625 0.046875 0.0625
1 0.5890625 0.67265625 0.040625 0.0375
1 0.778125 0.81796875 0.06640625 0.0390625
1 0.721875 0.84453125 0.034375 0.03828125
1 0.328125 0.58984375 0.06484375 0.06171875
1 0.2984375 0.6234375 0.04609375 0.05859375
1 0.259375 0.60390625 0.06171875 0.04140625
1 0.23125 0.559375 0.04453125 0.03671875
1 0.26953125 0.5515625 0.02421875 0.01796875
1 0.24453125 0.64921875 0.053125 0.053125
1 0.2125 0.70703125 0.0609375 0.0515625
1 0.1921875 0.67265625 0.0421875 0.02890625
1 0.19453125 0.64921875 0.03828125 0.025
1 0.071875 0.51328125 0.08125 0.0640625