1 0.52578125 0.54375 0.065625 0.0609375
1 0.58984375 0.53359375 0.05390625 0.09453125
1 0.47734375 0.38203125 0.09140625 0.10078125
1 0.3796875 0.3265625 0.065625 0.0921875
1 0.409375 0.39140625 0.0609375 0.08203125
1 0.4859375 0.27890625 0.08125 0.07578125
1 0.196875 0.1359375 0.0890625 0.08828125
1 0.22109375 0.55234375 0.0640625 0.07421875
1 0.23671875 0.5984375 0.05703125 0.05390625
1 0.2828125 0.61640625 0.05390625 0.07890625
1 0.33046875 0.6 0.06796875 0.06171875
1 0.24453125 0.6515625 0.0578125 0.053125
1 0.20703125 0.6796875 0.078125 0.1203125
1 0.65 0.3890625 0.06328125 0.0828125
1 0.63046875 0.0875 0.05078125 0.05078125
1 0.06875 0.515625 0.0890625 0.075
1 0.971875 0.71953125 0.05625 0.08828125
1 0.59453125 0.37265625 0.05234375 0.08203125