1 0.1953125 0.146875 0.04765625 0.0609375
1 0.08203125 0.51875 0.05703125 0.05390625
1 0.228125 0.55859375 0.05234375 0.04921875
1 0.24453125 0.59921875 0.04921875 0.0453125
1 0.2921875 0.6265625 0.04140625 0.0515625
1 0.3140625 0.59921875 0.04609375 0.05078125
1 0.246875 0.65703125 0.040625 0.05546875
1 0.21328125 0.71171875 0.04375 0.0625
1 0.18515625 0.665625 0.03203125 0.05859375
1 0.5296875 0.55 0.0546875 0.0625
1 0.47265625 0.3734375 0.0578125 0.075
1 0.41328125 0.39140625 0.05390625 0.06171875
1 0.38984375 0.33984375 0.05546875 0.07421875
1 0.596875 0.3828125 0.0421875 0.05703125
1 0.65703125 0.39375 0.05703125 0.07109375
1 0.59296875 0.53515625 0.04765625 0.05625
1 0.63515625 0.6484375 0.02109375 0.06015625
1 0.9828125 0.70234375 0.034375 0.0578125
1 0.721875 0.8421875 0.034375 0.03828125
1 0.77421875 0.81015625 0.059375 0.03671875
1 0.6265625 0.0984375 0.03125 0.053125
1 0.55859375 0.10625 0.02421875 0.046875
1 0.475 0.2828125 0.025 0.0625
1 0.503125 0.29375 0.01953125 0.04453125