1 0.5140625 0.921875 0.04609375 0.071875
1 0.7078125 0.78359375 0.08203125 0.06171875
1 0.6453125 0.7328125 0.03828125 0.04453125
1 0.5875 0.66640625 0.065625 0.071875
1 0.62109375 0.7 0.046875 0.0484375
1 0.6 0.7484375 0.0640625 0.06484375
1 0.55703125 0.765625 0.07890625 0.0515625
1 0.3359375 0.61640625 0.084375 0.07890625
1 0.3921875 0.58125 0.08515625 0.05078125
1 0.38125 0.5296875 0.08984375 0.07578125
1 0.28984375 0.5109375 0.1046875 0.07109375
1 0.1546875 0.80078125 0.08515625 0.075
1 0.09296875 0.37109375 0.06796875 0.04140625
1 0.3859375 0.34140625 0.08984375 0.05625
1 0.37109375 0.39375 0.05859375 0.06015625
1 0.54140625 0.47890625 0.0859375 0.07109375
1 0.54296875 0.403125 0.0625 0.0578125
1 0.56796875 0.42421875 0.0640625 0.046875
1 0.65546875 0.3609375 0.05234375 0.04375
1 0.7109375 0.025 0.08515625 0.04921875
1 0.81171875 0.22109375 0.05078125 0.05703125