1 0.69296875 0.3984375 0.08359375 0.1109375
1 0.7765625 0.3796875 0.06875 0.10859375
1 0.865625 0.50703125 0.09609375 0.10625
1 0.9015625 0.61015625 0.096875 0.11171875
1 0.76015625 0.6125 0.0625 0.10703125
1 0.62890625 0.61953125 0.0578125 0.07265625
1 0.58828125 0.68046875 0.0390625 0.06171875
1 0.6359375 0.6875 0.04921875 0.0671875
1 0.62890625 0.753125 0.06640625 0.0734375
1 0.5171875 0.553125 0.05234375 0.09140625
1 0.596875 0.52265625 0.08203125 0.13671875
1 0.35859375 0.56328125 0.07734375 0.0578125
1 0.2859375 0.58046875 0.078125 0.065625
1 0.3015625 0.4984375 0.065625 0.07578125
1 0.25703125 0.503125 0.04375 0.071875
1 0.196875 0.48828125 0.04453125 0.0453125
1 0.15859375 0.521875 0.03671875 0.04296875
1 0.20078125 0.4015625 0.040625 0.0421875
1 0.275 0.13984375 0.04296875 0.0390625
1 0.05390625 0.10234375 0.04609375 0.034375
1 0.02109375 0.17890625 0.04140625 0.0671875
1 0.06953125 0.1921875 0.04140625 0.04921875