1 0.60078125 0.09375 0.1078125 0.10078125
1 0.5203125 0.1234375 0.1015625 0.08515625
1 0.75 0.36796875 0.07578125 0.0671875
1 0.68203125 0.36875 0.084375 0.0484375
1 0.68671875 0.403125 0.0828125 0.04140625
1 0.6171875 0.2375 0.0984375 0.06875
1 0.5265625 0.4 0.1296875 0.0890625
1 0.55078125 0.47890625 0.08828125 0.06015625
1 0.39765625 0.3046875 0.11796875 0.08515625
1 0.36953125 0.21875 0.1046875 0.07265625
1 0.57109375 0.63515625 0.0484375 0.06875
1 0.58125 0.70703125 0.06875 0.06875
1 0.496875 0.69921875 0.0765625 0.06328125
1 0.50625 0.73515625 0.0640625 0.0390625
1 0.49296875 0.803125 0.05703125 0.040625
1 0.39921875 0.80390625 0.0671875 0.04296875
1 0.52421875 0.8390625 0.03515625 0.03984375
1 0.18984375 0.9328125 0.04453125 0.04453125
1 0.16875 0.98046875 0.02890625 0.03359375