1 0.7 0.3953125 0.09296875 0.11875
1 0.76875 0.37109375 0.084375 0.11328125
1 0.878125 0.5203125 0.0890625 0.08359375
1 0.9078125 0.6046875 0.090625 0.09765625
1 0.76328125 0.61796875 0.0859375 0.11015625
1 0.6296875 0.61953125 0.04609375 0.07265625
1 0.628125 0.68828125 0.0484375 0.0640625
1 0.63125 0.74609375 0.0625 0.07421875
1 0.59765625 0.68984375 0.0390625 0.05390625
1 0.60078125 0.5265625 0.08125 0.109375
1 0.521875 0.55703125 0.05703125 0.0734375
1 0.36015625 0.57734375 0.06328125 0.0375
1 0.29296875 0.57578125 0.06171875 0.06171875
1 0.3 0.50078125 0.06171875 0.07109375
1 0.26328125 0.51484375 0.025 0.05546875
1 0.16171875 0.53046875 0.034375 0.03671875
1 0.2015625 0.4078125 0.02890625 0.04921875
1 0.1984375 0.49296875 0.0203125 0.04296875
1 0.06484375 0.19296875 0.03125 0.05546875
1 0.2625 0.13984375 0.0359375 0.034375
1 0.01953125 0.171875 0.02109375 0.0359375
1 0.0125 0.27109375 0.025 0.05703125
1 0.05703125 0.10625 0.01640625 0.0375