1 0.7078125 0.421875 0.0671875 0.07890625
1 0.7046875 0.49140625 0.09140625 0.084375
1 0.48359375 0.4484375 0.065625 0.09453125
1 0.41328125 0.47109375 0.10703125 0.1453125
1 0.3734375 0.2484375 0.0703125 0.078125
1 0.4015625 0.309375 0.06171875 0.0828125
1 0.25390625 0.38046875 0.1015625 0.12421875
1 0.09609375 0.39296875 0.10625 0.09609375
1 0.128125 0.46875 0.096875 0.10390625
1 0.2171875 0.61953125 0.071875 0.09609375
1 0.2953125 0.60546875 0.08984375 0.1046875
1 0.8046875 0.60078125 0.04140625 0.06328125
1 0.64765625 0.428125 0.07890625 0.05390625
1 0.940625 0.8046875 0.0359375 0.03984375
1 0.79375 0.5078125 0.0296875 0.075
1 0.84296875 0.4671875 0.0640625 0.07421875