1 0.6890625 0.415625 0.07734375 0.0984375
1 0.65546875 0.4734375 0.0421875 0.0546875
1 0.675 0.53046875 0.0859375 0.0875
1 0.596875 0.50546875 0.07421875 0.0921875
1 0.5140625 0.4625 0.0625 0.059375
1 0.38125 0.55546875 0.06875 0.07890625
1 0.45625 0.7171875 0.075 0.09921875
1 0.4171875 0.746875 0.065625 0.078125
1 0.45 0.77890625 0.046875 0.046875
1 0.52578125 0.6796875 0.03828125 0.06171875
1 0.2171875 0.6375 0.0828125 0.07421875
1 0.18515625 0.7015625 0.07734375 0.07890625
1 0.13359375 0.684375 0.0546875 0.0703125
1 0.16015625 0.7484375 0.07421875 0.06484375
1 0.259375 0.45234375 0.05546875 0.05546875
1 0.565625 0.2140625 0.05859375 0.08515625
1 0.6 0.1859375 0.04375 0.06015625
1 0.06015625 0.678125 0.0515625 0.0640625
1 0.0609375 0.7109375 0.03046875 0.02734375
1 0.9140625 0.528125 0.03671875 0.06171875
1 0.609375 0.73046875 0.0453125 0.0515625