1 0.6265625 0.1953125 0.09609375 0.11640625
1 0.6859375 0.16015625 0.04921875 0.0671875
1 0.53125 0.16640625 0.096875 0.05859375
1 0.54921875 0.24375 0.090625 0.090625
1 0.46875 0.28671875 0.115625 0.096875
1 0.528125 0.34453125 0.05859375 0.06328125
1 0.54296875 0.3921875 0.04140625 0.0671875
1 0.5640625 0.59375 0.0671875 0.0703125
1 0.53125 0.61484375 0.065625 0.0546875
1 0.71796875 0.7265625 0.09765625 0.09140625
1 0.75625 0.71015625 0.04609375 0.06328125
1 0.66953125 0.65078125 0.06953125 0.07265625
1 0.55234375 0.73203125 0.06484375 0.059375
1 0.51328125 0.73515625 0.0671875 0.05
1 0.5859375 0.78125 0.06796875 0.0671875
1 0.47734375 0.80546875 0.08046875 0.04609375
1 0.48984375 0.83984375 0.04140625 0.06640625
1 0.640625 0.859375 0.0484375 0.07421875
1 0.59453125 0.8796875 0.05859375 0.071875
1 0.69140625 0.88828125 0.0328125 0.0953125
1 0.73671875 0.8921875 0.02734375 0.05390625
1 0.6671875 0.96171875 0.0328125 0.05
1 0.69609375 0.9625 0.015625 0.04609375
1 0.3359375 0.6875 0.046875 0.03984375
1 0.23828125 0.71171875 0.0609375 0.0625
1 0.30859375 0.6515625 0.0359375 0.046875
1 0.678125 0.48125 0.0546875 0.059375
1 0.3625 0.125 0.04140625 0.06171875
1 0.42734375 0.08515625 0.0484375 0.05
1 0.51796875 0.0609375 0.07578125 0.0671875
1 0.73046875 0.1796875 0.03671875 0.05859375