1 0.81171875 0.62265625 0.090625 0.084375
1 0.76484375 0.54296875 0.0546875 0.08515625
1 0.815625 0.53203125 0.05 0.07578125
1 0.83515625 0.68125 0.053125 0.071875
1 0.81875 0.72421875 0.04140625 0.05078125
1 0.87421875 0.3734375 0.04609375 0.04765625
1 0.9 0.42734375 0.0265625 0.03203125
1 0.93828125 0.509375 0.04140625 0.0359375
1 0.73984375 0.45625 0.05703125 0.071875
1 0.659375 0.5234375 0.04296875 0.05078125
1 0.6109375 0.53515625 0.04375 0.04296875
1 0.5546875 0.41796875 0.04296875 0.0484375
1 0.4109375 0.5609375 0.0359375 0.059375
1 0.37578125 0.5 0.0359375 0.04296875
1 0.3828125 0.53203125 0.03671875 0.04609375
1 0.28359375 0.70703125 0.0515625 0.06171875
1 0.29140625 0.75625 0.0359375 0.03125
1 0.259375 0.72734375 0.02578125 0.040625
1 0.21953125 0.57578125 0.04375 0.04921875
1 0.159375 0.4796875 0.04375 0.0640625
1 0.18984375 0.47265625 0.02890625 0.0328125
1 0.271875 0.50390625 0.02890625 0.03828125
1 0.309375 0.3296875 0.03203125 0.05
1 0.2859375 0.23359375 0.03046875 0.0390625
1 0.34296875 0.321875 0.02890625 0.04296875
1 0.13046875 0.64609375 0.04375 0.06796875
1 0.103125 0.58515625 0.046875 0.04453125
1 0.090625 0.6359375 0.0265625 0.0359375
1 0.1140625 0.6890625 0.0453125 0.04296875
1 0.096875 0.7296875 0.046875 0.03984375
1 0.046875 0.6921875 0.02734375 0.02734375
1 0.08359375 0.6859375 0.02109375 0.0328125
1 0.52109375 0.67890625 0.03828125 0.03125
1 0.77578125 0.13359375 0.0359375 0.04765625