1 0.80234375 0.6203125 0.10625 0.10234375
1 0.834375 0.7015625 0.046875 0.04140625
1 0.81953125 0.734375 0.034375 0.03125
1 0.82265625 0.5328125 0.06640625 0.09296875
1 0.74921875 0.55078125 0.06328125 0.09765625
1 0.7171875 0.4625 0.0796875 0.08046875
1 0.8734375 0.36796875 0.05078125 0.05078125
1 0.9078125 0.428125 0.03984375 0.04296875
1 0.93515625 0.51171875 0.05703125 0.03984375
1 0.659375 0.5265625 0.059375 0.06484375
1 0.61171875 0.53359375 0.04453125 0.05703125
1 0.41640625 0.55859375 0.059375 0.0546875
1 0.2828125 0.70625 0.07421875 0.0609375
1 0.28671875 0.75390625 0.05 0.05
1 0.134375 0.6390625 0.05 0.0609375
1 0.11484375 0.68515625 0.06953125 0.05703125
1 0.10234375 0.7328125 0.06015625 0.04453125
1 0.10546875 0.59296875 0.05625 0.05859375
1 0.21640625 0.5671875 0.0328125 0.04453125
1 0.16015625 0.4875 0.053125 0.05625
1 0.1953125 0.47421875 0.03828125 0.03984375
1 0.3125 0.32578125 0.04296875 0.06328125
1 0.28671875 0.240625 0.03984375 0.046875
1 0.26796875 0.496875 0.03984375 0.0375
1 0.54921875 0.41953125 0.053125 0.04296875