1 0.81953125 0.5234375 0.10625 0.10546875
1 0.7953125 0.61015625 0.11796875 0.10859375
1 0.73828125 0.553125 0.03671875 0.090625
1 0.65703125 0.52890625 0.05625 0.06953125
1 0.61015625 0.534375 0.04140625 0.05859375
1 0.415625 0.56796875 0.0578125 0.0625
1 0.38984375 0.54453125 0.0484375 0.0359375
1 0.3796875 0.50390625 0.0546875 0.02421875
1 0.29375 0.7046875 0.065625 0.06328125
1 0.29453125 0.76171875 0.07109375 0.03828125
1 0.36015625 0.6890625 0.04296875 0.053125
1 0.13984375 0.64140625 0.06015625 0.06015625
1 0.121875 0.69765625 0.07265625 0.0390625
1 0.1015625 0.73046875 0.04765625 0.03984375
1 0.11015625 0.5921875 0.04375 0.04609375
1 0.16328125 0.49140625 0.06484375 0.0734375
1 0.1953125 0.4671875 0.04453125 0.03671875
1 0.2234375 0.58125 0.046875 0.06171875
1 0.2625 0.5375 0.02890625 0.0390625
1 0.27109375 0.5078125 0.04609375 0.04765625
1 0.3046875 0.321875 0.04375 0.05
1 0.2875 0.23515625 0.04140625 0.053125
1 0.73046875 0.46171875 0.0734375 0.0890625
1 0.87421875 0.36875 0.0421875 0.05234375
1 0.934375 0.50390625 0.04453125 0.0515625
1 0.8390625 0.69296875 0.05703125 0.06171875
1 0.81171875 0.7359375 0.03984375 0.04140625
1 0.52578125 0.6765625 0.04296875 0.05078125
1 0.90078125 0.43359375 0.05703125 0.05546875