1 0.8515625 0.303125 0.09765625 0.10234375
1 0.72109375 0.3984375 0.03984375 0.04765625
1 0.64453125 0.3984375 0.06796875 0.08125
1 0.57421875 0.45390625 0.05078125 0.046875
1 0.51953125 0.39609375 0.0515625 0.08046875
1 0.49375 0.24296875 0.06484375 0.09921875
1 0.33359375 0.33359375 0.04375 0.06171875
1 0.42109375 0.53671875 0.053125 0.04765625
1 0.059375 0.69765625 0.0328125 0.0328125
1 0.13828125 0.684375 0.04609375 0.02265625
1 0.2765625 0.69375 0.05234375 0.0265625
1 0.8171875 0.49140625 0.05703125 0.04296875