1 0.84609375 0.315625 0.0875 0.10078125
1 0.72421875 0.4 0.04375 0.06015625
1 0.81328125 0.49140625 0.053125 0.06484375
1 0.646875 0.40859375 0.053125 0.06875
1 0.5890625 0.4484375 0.0625 0.06484375
1 0.528125 0.39375 0.04765625 0.0890625
1 0.5375 0.46953125 0.0390625 0.03984375
1 0.490625 0.2515625 0.065625 0.075
1 0.37578125 0.30234375 0.03125 0.03359375
1 0.33046875 0.33125 0.0390625 0.05703125
1 0.41796875 0.53671875 0.04453125 0.05390625
1 0.26640625 0.459375 0.04296875 0.06015625
1 0.17734375 0.4515625 0.0390625 0.04453125
1 0.27421875 0.69140625 0.0375 0.03984375
1 0.3 0.7484375 0.021875 0.028125
1 0.1875 0.609375 0.02421875 0.0359375
1 0.15234375 0.67265625 0.0515625 0.0546875
1 0.07578125 0.69375 0.0453125 0.04375
1 0.03046875 0.665625 0.0390625 0.040625
1 0.20625 0.09296875 0.034375 0.04609375
1 0.2578125 0.07265625 0.0484375 0.0375
1 0.05703125 0.10625 0.03828125 0.05
1 0.06484375 0.265625 0.04140625 0.040625