1 0.48671875 0.04765625 0.1140625 0.09375
1 0.50625 0.1203125 0.0640625 0.0515625
1 0.4203125 0.11953125 0.11015625 0.0765625
1 0.265625 0.08515625 0.08359375 0.05625
1 0.2453125 0.12421875 0.0953125 0.06015625
1 0.60625 0.278125 0.065625 0.053125
1 0.54765625 0.2265625 0.06015625 0.05703125
1 0.5609375 0.31171875 0.0546875 0.05703125
1 0.7078125 0.01875 0.07734375 0.0375
1 0.33515625 0.34453125 0.0578125 0.0421875
1 0.29921875 0.3015625 0.03828125 0.040625
1 0.053125 0.42734375 0.06875 0.04140625
1 0.46875 0.53984375 0.06328125 0.0484375
1 0.4578125 0.5859375 0.04140625 0.04453125
1 0.71484375 0.52578125 0.03671875 0.0421875
1 0.65625 0.7875 0.04375 0.04765625
1 0.59453125 0.83203125 0.05234375 0.05703125
1 0.44609375 0.890625 0.065625 0.04609375
1 0.38671875 0.8609375 0.05390625 0.05078125
1 0.39296875 0.94296875 0.065625 0.06484375
1 0.3 0.925 0.03984375 0.03515625
1 0.12734375 0.88125 0.06328125 0.06953125
1 0.071875 0.69453125 0.0421875 0.04296875