1 0.95390625 0.49375 0.0765625 0.10546875
1 0.88359375 0.50703125 0.0515625 0.06171875
1 0.878125 0.415625 0.0796875 0.10546875
1 0.91015625 0.25625 0.0609375 0.07109375
1 0.87734375 0.24453125 0.05625 0.05234375
1 0.83984375 0.26171875 0.03046875 0.06328125
1 0.7 0.29453125 0.03515625 0.03203125
1 0.65859375 0.33125 0.0375 0.04296875
1 0.98125 0.69921875 0.0375 0.05859375
1 0.778125 0.5515625 0.06328125 0.0609375
1 0.7265625 0.6078125 0.053125 0.05
1 0.68828125 0.5546875 0.05546875 0.06796875
1 0.584375 0.04921875 0.053125 0.05234375
1 0.3078125 0.065625 0.03828125 0.040625
1 0.12421875 0.11875 0.06171875 0.05859375
1 0.0765625 0.29140625 0.0375 0.05234375
1 0.12890625 0.378125 0.053125 0.0796875
1 0.103125 0.440625 0.07265625 0.071875
1 0.06484375 0.38359375 0.0671875 0.0859375
1 0.4125 0.44921875 0.046875 0.0484375
1 0.45703125 0.465625 0.0390625 0.06796875
1 0.4671875 0.71015625 0.028125 0.03984375
1 0.39453125 0.61484375 0.03359375 0.028125
1 0.2171875 0.65390625 0.0609375 0.06171875
1 0.1609375 0.590625 0.02890625 0.0546875
1 0.02265625 0.571875 0.0359375 0.05390625
1 0.24375 0.69140625 0.0203125 0.02578125
1 0.7953125 0.8859375 0.03515625 0.0375
1 0.49921875 0.76875 0.0296875 0.0421875
1 0.80859375 0.94375 0.0390625 0.0328125