1 0.95859375 0.48984375 0.08203125 0.09453125
1 0.88046875 0.421875 0.06796875 0.10078125
1 0.88359375 0.5046875 0.04765625 0.065625
1 0.91171875 0.26015625 0.05390625 0.0828125
1 0.88359375 0.24375 0.06484375 0.06953125
1 0.65625 0.334375 0.0375 0.040625
1 0.69375 0.29609375 0.03671875 0.0265625
1 0.7265625 0.6140625 0.053125 0.04453125
1 0.6890625 0.565625 0.03671875 0.040625
1 0.56875 0.03828125 0.03515625 0.03515625
1 0.97890625 0.72109375 0.0421875 0.05
1 0.7828125 0.559375 0.04609375 0.059375
1 0.6875 0.46015625 0.0328125 0.04375
1 0.45625 0.4609375 0.040625 0.040625
1 0.40859375 0.45390625 0.0390625 0.0578125
1 0.3109375 0.065625 0.04375 0.0375
1 0.11640625 0.11875 0.059375 0.07109375
1 0.13515625 0.384375 0.05234375 0.04765625
1 0.10234375 0.4421875 0.053125 0.0703125
1 0.05703125 0.39140625 0.05234375 0.05625
1 0.0765625 0.28828125 0.02890625 0.02890625
1 0.21953125 0.6546875 0.0515625 0.04140625
1 0.159375 0.6015625 0.0390625 0.04296875
1 0.23671875 0.6875 0.0234375 0.0359375
1 0.47109375 0.71640625 0.0359375 0.04921875
1 0.01484375 0.571875 0.0203125 0.06328125
1 0.0796875 0.496875 0.0359375 0.04609375
1 0.396875 0.62265625 0.02578125 0.02109375