1 0.928125 0.3140625 0.05390625 0.06015625
1 0.75390625 0.871875 0.09453125 0.0875
1 0.7296875 0.91328125 0.06796875 0.0796875
1 0.5890625 0.87890625 0.1546875 0.1078125
1 0.4984375 0.87421875 0.0734375 0.05546875
1 0.5296875 0.9484375 0.13046875 0.103125
1 0.3875 0.7171875 0.05546875 0.05546875
1 0.53203125 0.44765625 0.0609375 0.05546875
1 0.5515625 0.41015625 0.05859375 0.05546875
1 0.55859375 0.09921875 0.065625 0.05859375
1 0.63046875 0.06953125 0.103125 0.05703125
1 0.61015625 0.13125 0.07421875 0.053125
1 0.87890625 0.1125 0.0671875 0.0734375
1 0.33671875 0.2078125 0.065625 0.05625
1 0.4 0.1609375 0.05390625 0.0375
1 0.27734375 0.45859375 0.04375 0.040625
1 0.43671875 0.68515625 0.0671875 0.05078125
1 0.659375 0.6515625 0.0546875 0.0640625
1 0.70625 0.6984375 0.06796875 0.0515625
1 0.95625 0.58125 0.05625 0.05703125