1 0.8828125 0.87890625 0.05859375 0.08046875
1 0.94375 0.6140625 0.06953125 0.07421875
1 0.89296875 0.5578125 0.06875 0.08984375
1 0.8703125 0.61796875 0.05625 0.0765625
1 0.1234375 0.58046875 0.103125 0.1078125
1 0.04765625 0.51328125 0.08984375 0.1453125
1 0.11875 0.490625 0.05703125 0.078125
1 0.0875 0.740625 0.0953125 0.09765625
1 0.1234375 0.759375 0.065625 0.1078125
1 0.359375 0.65859375 0.0515625 0.0671875
1 0.309375 0.7 0.03203125 0.059375
1 0.3203125 0.43203125 0.0703125 0.10390625
1 0.284375 0.3953125 0.06171875 0.06796875
1 0.5234375 0.2890625 0.03984375 0.0484375
1 0.5875 0.55390625 0.05546875 0.07109375
1 0.53828125 0.53203125 0.05234375 0.0703125
1 0.03046875 0.28984375 0.0609375 0.0890625
1 0.78828125 0.34453125 0.05078125 0.0734375
1 0.68828125 0.9375 0.0484375 0.06484375