1 0.56640625 0.08515625 0.05703125 0.0578125
1 0.4953125 0.15546875 0.03984375 0.0375
1 0.375 0.22734375 0.04765625 0.04375
1 0.32421875 0.23046875 0.03515625 0.040625
1 0.1921875 0.3828125 0.06484375 0.04375
1 0.1578125 0.40546875 0.03515625 0.0453125
1 0.134375 0.484375 0.046875 0.06484375
1 0.434375 0.49375 0.046875 0.07109375
1 0.43359375 0.55 0.04921875 0.053125
1 0.4921875 0.46328125 0.0515625 0.08046875
1 0.59921875 0.47421875 0.06875 0.09375
1 0.60703125 0.65 0.0671875 0.08515625
1 0.96875 0.71875 0.0625 0.10703125
1 0.97734375 0.4453125 0.04453125 0.12890625
1 0.11875 0.340625 0.03359375 0.04453125