1 0.9796875 0.44375 0.03984375 0.0859375
1 0.96875 0.71171875 0.0625 0.1203125
1 0.6140625 0.646875 0.07109375 0.065625
1 0.61328125 0.4734375 0.0796875 0.0921875
1 0.4375 0.48984375 0.03203125 0.06015625
1 0.4359375 0.5515625 0.04453125 0.05546875
1 0.5015625 0.46015625 0.04921875 0.075
1 0.57109375 0.08828125 0.08125 0.06328125
1 0.32578125 0.22421875 0.04296875 0.0578125
1 0.36875 0.22265625 0.0453125 0.0484375
1 0.196875 0.39609375 0.04765625 0.065625
1 0.16328125 0.3921875 0.04375 0.06328125
1 0.1375 0.4671875 0.05078125 0.06328125
1 0.1328125 0.33984375 0.05703125 0.0484375
1 0.496875 0.1703125 0.04921875 0.05