1 0.9734375 0.715625 0.053125 0.10625
1 0.61875 0.66640625 0.09140625 0.071875
1 0.5703125 0.68828125 0.0359375 0.04140625
1 0.6046875 0.478125 0.07265625 0.0859375
1 0.43671875 0.49375 0.05234375 0.06875
1 0.43671875 0.5625 0.046875 0.05703125
1 0.5078125 0.4625 0.05078125 0.07578125
1 0.57265625 0.08046875 0.06796875 0.05859375
1 0.16015625 0.40859375 0.07421875 0.0578125
1 0.13359375 0.4671875 0.05859375 0.06328125
1 0.1296875 0.3265625 0.03515625 0.0546875
1 0.378125 0.228125 0.03671875 0.05
1 0.3265625 0.240625 0.028125 0.0359375