1 0.975 0.7265625 0.05 0.103125
1 0.6109375 0.65703125 0.06640625 0.0515625
1 0.44140625 0.55 0.0375 0.05
1 0.43359375 0.4890625 0.03671875 0.06484375
1 0.496875 0.4453125 0.05234375 0.04140625
1 0.60859375 0.4796875 0.03515625 0.09609375
1 0.571875 0.08359375 0.05859375 0.046875
1 0.5 0.16015625 0.0359375 0.0265625
1 0.19765625 0.38984375 0.021875 0.05859375
1 0.14140625 0.4765625 0.0515625 0.05390625
1 0.1609375 0.40234375 0.04609375 0.0609375
1 0.3296875 0.2328125 0.0375 0.03359375
1 0.371875 0.23203125 0.04140625 0.0484375
1 0.13828125 0.33828125 0.0359375 0.04921875