1 0.87265625 0.05625 0.10703125 0.11171875
1 0.86875 0.1453125 0.10234375 0.0578125
1 0.7625 0.10234375 0.08515625 0.09765625
1 0.77265625 0.1921875 0.059375 0.06796875
1 0.88671875 0.5265625 0.07109375 0.08515625
1 0.96484375 0.59140625 0.0703125 0.1421875
1 0.96640625 0.7890625 0.06640625 0.103125
1 0.8765625 0.79453125 0.0765625 0.10234375
1 0.8078125 0.74609375 0.028125 0.05546875
1 0.59296875 0.696875 0.06171875 0.10859375
1 0.68203125 0.6984375 0.10703125 0.11328125
1 0.6140625 0.81171875 0.059375 0.0828125
1 0.7078125 0.8125 0.12109375 0.0890625
1 0.4546875 0.565625 0.06484375 0.0796875
1 0.4640625 0.67734375 0.06328125 0.0921875
1 0.378125 0.72265625 0.05546875 0.05390625
1 0.37578125 0.615625 0.0734375 0.09921875
1 0.2609375 0.546875 0.05625 0.05703125
1 0.30390625 0.24609375 0.06328125 0.0609375
1 0.24140625 0.2703125 0.0609375 0.0640625
1 0.2671875 0.11171875 0.034375 0.046875
1 0.246875 0.15703125 0.05625 0.03828125
1 0.06953125 0.41484375 0.04453125 0.04765625
1 0.12890625 0.38828125 0.06328125 0.0703125
1 0.075 0.36953125 0.028125 0.03671875
1 0.06171875 0.284375 0.0546875 0.04921875
1 0.0828125 0.2328125 0.03984375 0.0421875
1 0.015625 0.24375 0.028125 0.0375