1 0.725 0.2578125 0.10546875 0.08203125
1 0.68203125 0.29609375 0.0953125 0.071875
1 0.69921875 0.3703125 0.13515625 0.0875
1 0.68125 0.43515625 0.06171875 0.04609375
1 0.875 0.58125 0.0703125 0.046875
1 0.878125 0.60703125 0.03828125 0.0390625
1 0.4984375 0.5625 0.084375 0.071875
1 0.5265625 0.63046875 0.0921875 0.09140625
1 0.5765625 0.63828125 0.0703125 0.0796875
1 0.553125 0.68125 0.09296875 0.0796875
1 0.47890625 0.68203125 0.09453125 0.0921875
1 0.35078125 0.49296875 0.078125 0.05625
1 0.43984375 0.38671875 0.084375 0.078125
1 0.46484375 0.30859375 0.103125 0.0875
1 0.4265625 0.26640625 0.10078125 0.07265625
1 0.28125 0.309375 0.125 0.06796875
1 0.146875 0.3703125 0.1234375 0.09375
1 0.20078125 0.415625 0.07109375 0.034375
1 0.07890625 0.5046875 0.0890625 0.0578125
1 0.4015625 0.04765625 0.09296875 0.06640625
1 0.33359375 0.0234375 0.075 0.046875