1 0.634375 0.14375 0.06875 0.08203125
1 0.5765625 0.19296875 0.0421875 0.059375
1 0.4875 0.07578125 0.046875 0.0515625
1 0.97890625 0.34140625 0.0421875 0.06796875
1 0.946875 0.38984375 0.0359375 0.05390625
1 0.734375 0.409375 0.06484375 0.075
1 0.69453125 0.4484375 0.0515625 0.05625
1 0.615625 0.42421875 0.03046875 0.04609375
1 0.58203125 0.44453125 0.034375 0.04765625
1 0.5046875 0.3515625 0.0546875 0.05703125
1 0.45390625 0.39453125 0.040625 0.04140625
1 0.43359375 0.4828125 0.071875 0.06171875
1 0.39921875 0.528125 0.04375 0.0421875
1 0.353125 0.52109375 0.04453125 0.0671875
1 0.3625 0.5765625 0.03203125 0.02734375
1 0.31015625 0.54375 0.02578125 0.0421875
1 0.31640625 0.48515625 0.05546875 0.07109375
1 0.7 0.67734375 0.075 0.09609375
1 0.74140625 0.72265625 0.06015625 0.065625
1 0.63359375 0.703125 0.08515625 0.08828125
1 0.5515625 0.69296875 0.0546875 0.0546875
1 0.4265625 0.8703125 0.03515625 0.059375
1 0.3859375 0.8796875 0.025 0.028125
1 0.684375 0.2578125 0.0578125 0.07890625