1 0.48984375 0.0828125 0.05078125 0.07109375
1 0.5875 0.209375 0.03671875 0.075
1 0.634375 0.15234375 0.06484375 0.1078125
1 0.6890625 0.26328125 0.04375 0.08984375
1 0.7375 0.41328125 0.053125 0.0609375
1 0.953125 0.39140625 0.0296875 0.06953125
1 0.98671875 0.34375 0.0265625 0.06015625
1 0.58125 0.4375 0.02890625 0.0515625
1 0.60859375 0.43046875 0.03515625 0.0515625
1 0.49921875 0.3453125 0.05703125 0.05390625
1 0.4421875 0.48828125 0.0484375 0.08203125
1 0.7109375 0.45234375 0.0484375 0.0453125
1 0.70234375 0.68125 0.06796875 0.09453125
1 0.75234375 0.72421875 0.05546875 0.065625
1 0.63828125 0.703125 0.0765625 0.09296875
1 0.559375 0.69375 0.04765625 0.0625
1 0.359375 0.58046875 0.05234375 0.053125
1 0.35546875 0.52578125 0.08359375 0.07265625
1 0.31640625 0.4828125 0.0546875 0.0671875
1 0.32578125 0.5421875 0.0421875 0.05234375
1 0.40625 0.54140625 0.03984375 0.04140625
1 0.38828125 0.88359375 0.03046875 0.03671875
1 0.4203125 0.8765625 0.03671875 0.05