1 0.834375 0.45546875 0.0953125 0.0828125
1 0.93671875 0.48046875 0.09140625 0.1203125
1 0.9171875 0.7046875 0.02578125 0.09296875
1 0.775 0.37734375 0.10078125 0.12265625
1 0.78828125 0.11015625 0.0875 0.1265625
1 0.859375 0.07578125 0.05546875 0.075
1 0.64765625 0.153125 0.08125 0.09609375
1 0.6546875 0.38125 0.06015625 0.0953125
1 0.5609375 0.66171875 0.0953125 0.09140625
1 0.52421875 0.61953125 0.05703125 0.078125
1 0.475 0.60546875 0.07421875 0.084375
1 0.38359375 0.44140625 0.0390625 0.05546875
1 0.384375 0.4890625 0.03125 0.05234375
1 0.4140625 0.46953125 0.04609375 0.06171875
1 0.3265625 0.67421875 0.05703125 0.07578125
1 0.35625 0.72734375 0.04609375 0.0578125
1 0.3578125 0.784375 0.053125 0.07890625
1 0.44609375 0.83828125 0.0609375 0.07109375
1 0.29765625 0.59296875 0.03046875 0.05078125
1 0.1734375 0.81953125 0.0265625 0.04140625
1 0.03046875 0.7625 0.04375 0.04453125
1 0.05859375 0.9296875 0.05 0.0625
1 0.1734375 0.903125 0.05859375 0.03203125
1 0.02265625 0.90078125 0.03671875 0.05859375