1 0.778125 0.09296875 0.1109375 0.13046875
1 0.86015625 0.0765625 0.08359375 0.0703125
1 0.6484375 0.153125 0.1015625 0.1015625
1 0.75859375 0.38125 0.071875 0.13046875
1 0.83046875 0.45859375 0.11484375 0.0734375
1 0.9421875 0.47578125 0.115625 0.14375
1 0.85625 0.31171875 0.05390625 0.1046875
1 0.6578125 0.3859375 0.06796875 0.103125
1 0.91953125 0.71796875 0.06796875 0.10078125
1 0.57109375 0.66484375 0.09140625 0.11171875
1 0.53125 0.61796875 0.07578125 0.0828125
1 0.47578125 0.60234375 0.10390625 0.09765625
1 0.39453125 0.4921875 0.0484375 0.04375
1 0.3390625 0.65546875 0.06015625 0.0828125
1 0.35078125 0.72578125 0.05703125 0.0578125
1 0.3453125 0.76953125 0.065625 0.09140625
1 0.453125 0.8515625 0.07421875 0.0796875
1 0.18046875 0.815625 0.0359375 0.025
1 0.16953125 0.90390625 0.071875 0.040625
1 0.02890625 0.76484375 0.046875 0.0453125
1 0.021875 0.89765625 0.04375 0.07578125
1 0.05390625 0.92109375 0.05 0.07421875