1 0.890625 0.775 0.14921875 0.09296875
1 0.91875 0.840625 0.09296875 0.06796875
1 0.84375 0.65078125 0.103125 0.0828125
1 0.62265625 0.7703125 0.14140625 0.09921875
1 0.53671875 0.81875 0.07578125 0.1109375
1 0.53359375 0.9296875 0.15546875 0.0875
1 0.35859375 0.565625 0.14140625 0.11015625
1 0.3734375 0.5296875 0.07421875 0.08203125
1 0.39375 0.46171875 0.09453125 0.07421875
1 0.24453125 0.35 0.1203125 0.06328125
1 0.15078125 0.4421875 0.06171875 0.05546875
1 0.28984375 0.890625 0.08359375 0.0734375
1 0.165625 0.1796875 0.03828125 0.03203125
1 0.328125 0.3234375 0.09609375 0.06875
1 0.24375 0.0296875 0.03984375 0.03671875
1 0.09609375 0.1609375 0.0484375 0.0484375
1 0.0828125 0.0203125 0.065625 0.040625
1 0.51015625 0.375 0.05546875 0.06015625
1 0.60859375 0.6515625 0.11875 0.07421875