1 0.8421875 0.55859375 0.07890625 0.06953125
1 0.7765625 0.63984375 0.09140625 0.08359375
1 0.73046875 0.6515625 0.059375 0.0640625
1 0.66796875 0.665625 0.071875 0.05546875
1 0.66953125 0.4359375 0.1125 0.09609375
1 0.625 0.471875 0.103125 0.071875
1 0.59921875 0.53125 0.09375 0.08984375
1 0.378125 0.22109375 0.115625 0.1046875
1 0.3875 0.34140625 0.103125 0.07890625
1 0.4703125 0.1671875 0.0921875 0.1078125
1 0.48203125 0.05234375 0.1265625 0.1046875
1 0.7125 0.09921875 0.08125 0.0796875
1 0.72109375 0.20390625 0.065625 0.075
1 0.11015625 0.215625 0.1359375 0.09921875
1 0.078125 0.14453125 0.09765625 0.06796875
1 0.15546875 0.35234375 0.096875 0.0890625
1 0.475 0.61484375 0.0484375 0.0484375
1 0.89921875 0.98046875 0.0703125 0.0390625
1 0.93046875 0.93984375 0.0484375 0.04296875
1 0.7671875 0.965625 0.046875 0.0359375