1 0.83125 0.671875 0.0625 0.04609375
1 0.765625 0.74296875 0.075 0.06484375
1 0.678125 0.74921875 0.096875 0.1
1 0.6890625 0.596875 0.07109375 0.07734375
1 0.63515625 0.6640625 0.08046875 0.0625
1 0.475 0.70390625 0.06953125 0.06796875
1 0.6 0.7875 0.075 0.07890625
1 0.53203125 0.38515625 0.1046875 0.08046875
1 0.5578125 0.32734375 0.1015625 0.1140625
1 0.15625 0.10546875 0.1046875 0.0765625
1 0.5171875 0.04453125 0.146875 0.0890625
1 0.125 0.3828125 0.09609375 0.06484375
1 0.24140625 0.67890625 0.115625 0.0765625
1 0.8828125 0.89296875 0.0796875 0.05546875
1 0.8203125 0.88984375 0.05703125 0.04453125
1 0.453125 0.5109375 0.08515625 0.0546875
1 0.26953125 0.5234375 0.090625 0.0640625
1 0.73125 0.3109375 0.0859375 0.0546875
1 0.7421875 0.39921875 0.05 0.05
1 0.83828125 0.0265625 0.14765625 0.053125