1 0.4171875 0.08515625 0.0703125 0.1015625
1 0.46875 0.05078125 0.0359375 0.0328125
1 0.9734375 0.428125 0.053125 0.09453125
1 0.91171875 0.44921875 0.04609375 0.06640625
1 0.8640625 0.4515625 0.04765625 0.07578125
1 0.55703125 0.5109375 0.04375 0.06015625
1 0.56953125 0.56640625 0.028125 0.04609375
1 0.51796875 0.67578125 0.05390625 0.0828125
1 0.5109375 0.76015625 0.05703125 0.07890625
1 0.55078125 0.78671875 0.034375 0.09140625
1 0.5890625 0.77109375 0.040625 0.034375
1 0.62421875 0.765625 0.01796875 0.04140625
1 0.66328125 0.77265625 0.0375 0.0421875
1 0.45703125 0.6875 0.04765625 0.053125
1 0.32421875 0.5265625 0.0578125 0.07890625
1 0.340625 0.45078125 0.0640625 0.0640625
1 0.25390625 0.484375 0.07265625 0.0921875
1 0.1875 0.45546875 0.04609375 0.0515625
1 0.07421875 0.51171875 0.04609375 0.0703125
1 0.01015625 0.63359375 0.0203125 0.05234375
1 0.13203125 0.20390625 0.05 0.0453125
1 0.0734375 0.68203125 0.0359375 0.05546875
1 0.11015625 0.73671875 0.03828125 0.0546875
1 0.40703125 0.65 0.03671875 0.0453125
1 0.290625 0.31875 0.0515625 0.07109375