1 0.909375 0.4203125 0.1078125 0.065625
1 0.33359375 0.5140625 0.09140625 0.06171875
1 0.2453125 0.50859375 0.090625 0.06640625
1 0.19453125 0.53359375 0.06328125 0.05703125
1 0.4671875 0.31875 0.09765625 0.04921875
1 0.51875 0.24453125 0.0875 0.065625
1 0.5375 0.3484375 0.04609375 0.05546875
1 0.58203125 0.97109375 0.1078125 0.0578125
1 0.54453125 0.90625 0.0703125 0.05
1 0.31171875 0.45859375 0.053125 0.0359375
1 0.26953125 0.11015625 0.0640625 0.0578125
1 0.2953125 0.021875 0.06796875 0.04375
1 0.484375 0.065625 0.04609375 0.03828125
1 0.79375 0.128125 0.05234375 0.04609375