1 0.9359375 0.39609375 0.11171875 0.1375
1 0.725 0.46015625 0.0453125 0.0796875
1 0.6765625 0.625 0.05546875 0.08046875
1 0.60625 0.57578125 0.04765625 0.05234375
1 0.61484375 0.6328125 0.04296875 0.0515625
1 0.56015625 0.61015625 0.0625 0.08515625
1 0.53671875 0.68125 0.06015625 0.08125
1 0.484375 0.66015625 0.07109375 0.096875
1 0.371875 0.60390625 0.04140625 0.0640625
1 0.41875 0.56484375 0.0640625 0.08828125
1 0.1640625 0.371875 0.03515625 0.0625
1 0.12890625 0.30625 0.04453125 0.0515625
1 0.15390625 0.2484375 0.040625 0.05078125
1 0.2046875 0.31015625 0.04140625 0.059375
1 0.05390625 0.4015625 0.03671875 0.04609375
1 0.08125 0.409375 0.0296875 0.03984375
1 0.04375 0.32578125 0.025 0.0546875