1 0.73125 0.50390625 0.06484375 0.11015625
1 0.83125 0.56640625 0.0734375 0.090625
1 0.9078125 0.66953125 0.09375 0.1203125
1 0.74140625 0.365625 0.06484375 0.1375
1 0.6703125 0.38046875 0.0875 0.13515625
1 0.45546875 0.42734375 0.0671875 0.07890625
1 0.41015625 0.46875 0.05234375 0.08125
1 0.3765625 0.6734375 0.08125 0.1078125
1 0.4359375 0.678125 0.065625 0.09609375
1 0.33046875 0.7328125 0.04765625 0.08203125
1 0.2703125 0.6265625 0.07578125 0.09921875
1 0.10234375 0.52890625 0.05 0.090625
1 0.0484375 0.575 0.02734375 0.0328125
1 0.140625 0.6671875 0.0515625 0.05234375
1 0.1859375 0.6109375 0.0421875 0.0421875
1 0.72890625 0.7515625 0.0703125 0.08828125
1 0.740625 0.69609375 0.04609375 0.05703125