1 0.9 0.478125 0.06171875 0.0859375
1 0.734375 0.3578125 0.071875 0.084375
1 0.6765625 0.27265625 0.06171875 0.084375
1 0.6265625 0.31796875 0.0734375 0.08984375
1 0.55390625 0.29765625 0.02421875 0.03828125
1 0.5875 0.5125 0.05546875 0.08515625
1 0.5453125 0.565625 0.071875 0.07890625
1 0.34453125 0.61328125 0.1015625 0.13046875
1 0.25703125 0.6328125 0.0875 0.13828125
1 0.2609375 0.4828125 0.084375 0.12109375
1 0.184375 0.4515625 0.10703125 0.1015625
1 0.09765625 0.33671875 0.0890625 0.11640625
1 0.02421875 0.45859375 0.0484375 0.08828125
1 0.246875 0.30234375 0.04609375 0.05859375
1 0.28046875 0.2640625 0.0546875 0.1109375
1 0.8578125 0.334375 0.046875 0.06328125
1 0.95078125 0.42734375 0.0625 0.06875