1 0.6203125 0.66171875 0.14296875 0.10546875
1 0.6390625 0.74296875 0.184375 0.10234375
1 0.48203125 0.7296875 0.09921875 0.06015625
1 0.4421875 0.8328125 0.08984375 0.09609375
1 0.33125 0.909375 0.12421875 0.1046875
1 0.30546875 0.74296875 0.05625 0.04453125
1 0.25859375 0.73203125 0.1015625 0.04921875
1 0.3265625 0.375 0.1140625 0.0765625
1 0.30625 0.4375 0.04140625 0.06171875
1 0.571875 0.45625 0.0875 0.0625
1 0.5234375 0.41328125 0.0921875 0.07890625
1 0.275 0.3234375 0.07578125 0.0578125
1 0.375 0.2703125 0.09453125 0.08515625
1 0.47578125 0.0890625 0.08125 0.05859375
1 0.33046875 0.14375 0.04296875 0.0515625