1 0.75078125 0.36875 0.09765625 0.15
1 0.65703125 0.37734375 0.0984375 0.1390625
1 0.73203125 0.509375 0.06796875 0.11953125
1 0.83046875 0.5609375 0.08671875 0.08828125
1 0.903125 0.665625 0.10390625 0.12890625
1 0.9765625 0.52421875 0.046875 0.0734375
1 0.446875 0.42109375 0.06640625 0.0890625
1 0.51015625 0.4234375 0.05234375 0.08984375
1 0.4078125 0.46875 0.0609375 0.06953125
1 0.7453125 0.68125 0.06015625 0.06640625
1 0.7390625 0.74609375 0.05078125 0.059375
1 0.44453125 0.6703125 0.053125 0.08515625
1 0.3734375 0.6828125 0.07578125 0.0796875
1 0.34921875 0.60703125 0.05390625 0.0484375
1 0.2703125 0.63125 0.06953125 0.096875
1 0.3203125 0.7265625 0.0578125 0.07421875
1 0.1453125 0.653125 0.0421875 0.05625
1 0.09765625 0.52890625 0.06171875 0.0828125
1 0.05234375 0.58125 0.04296875 0.04453125
1 0.0421875 0.621875 0.0390625 0.0421875