1 0.78515625 0.35 0.03984375 0.0515625
1 0.7984375 0.4265625 0.0921875 0.08671875
1 0.79765625 0.578125 0.0640625 0.0859375
1 0.790625 0.66875 0.05703125 0.084375
1 0.715625 0.62578125 0.0671875 0.10390625
1 0.61328125 0.58359375 0.05234375 0.07265625
1 0.80546875 0.82421875 0.0609375 0.08984375
1 0.95859375 0.8765625 0.065625 0.06484375
1 0.928125 0.93828125 0.046875 0.0546875
1 0.98671875 0.96171875 0.0265625 0.07578125
1 0.43125 0.6421875 0.065625 0.0609375
1 0.4171875 0.82890625 0.08046875 0.084375
1 0.3515625 0.8421875 0.04765625 0.07578125
1 0.31484375 0.759375 0.04296875 0.05546875
1 0.325 0.609375 0.03359375 0.0484375
1 0.19296875 0.63046875 0.0578125 0.05234375
1 0.11640625 0.66953125 0.02734375 0.03984375
1 0.2 0.94921875 0.02734375 0.0421875
1 0.2296875 0.95625 0.02421875 0.03359375
1 0.09140625 0.85234375 0.0265625 0.03125
1 0.22890625 0.5296875 0.053125 0.0453125
1 0.27734375 0.39140625 0.05234375 0.08828125
1 0.3234375 0.38984375 0.040625 0.08203125
1 0.36953125 0.47734375 0.05390625 0.07421875
1 0.21640625 0.31015625 0.04765625 0.0515625
1 0.02265625 0.1859375 0.0453125 0.03515625
1 0.046875 0.14453125 0.04453125 0.04140625