1 0.6109375 0.5875 0.053125 0.06796875
1 0.70859375 0.628125 0.075 0.1
1 0.790625 0.68359375 0.04765625 0.09921875
1 0.78359375 0.35 0.034375 0.0546875
1 0.77890625 0.43046875 0.0421875 0.07265625
1 0.28125 0.3890625 0.05078125 0.07421875
1 0.2171875 0.32265625 0.0390625 0.04453125
1 0.18984375 0.6375 0.03671875 0.06484375
1 0.40703125 0.8359375 0.0765625 0.0921875
1 0.34453125 0.83984375 0.04921875 0.07421875
1 0.19921875 0.95703125 0.04296875 0.046875
1 0.8109375 0.82578125 0.0390625 0.0640625
1 0.9640625 0.8921875 0.06171875 0.07265625
1 0.94765625 0.94296875 0.07265625 0.07578125
1 0.421875 0.6390625 0.05703125 0.059375
1 0.01953125 0.1796875 0.034375 0.0390625
1 0.04140625 0.14140625 0.02890625 0.0375
1 0.825 0.4609375 0.03671875 0.04609375
1 0.565625 0.32421875 0.034375 0.0609375