1 0.796875 0.68046875 0.05703125 0.084375
1 0.71171875 0.62578125 0.06953125 0.10859375
1 0.78515625 0.3515625 0.0453125 0.05625
1 0.2828125 0.3890625 0.0640625 0.0875
1 0.21875 0.32421875 0.0421875 0.059375
1 0.19296875 0.63828125 0.05546875 0.06328125
1 0.42578125 0.64375 0.046875 0.05859375
1 0.3375 0.6234375 0.0671875 0.0765625
1 0.4015625 0.8390625 0.07265625 0.0875
1 0.346875 0.8453125 0.05859375 0.078125
1 0.96484375 0.88125 0.06875 0.05859375
1 0.9359375 0.93984375 0.05234375 0.059375
1 0.81875 0.81796875 0.04296875 0.065625
1 0.6140625 0.58984375 0.05 0.06328125
1 0.8078125 0.5953125 0.05859375 0.084375
1 0.20390625 0.95390625 0.04453125 0.0390625
1 0.02890625 0.18828125 0.046875 0.04453125