1 0.7109375 0.9125 0.15703125 0.175
1 0.26796875 0.7421875 0.125 0.1171875
1 0.33828125 0.5984375 0.10625 0.0953125
1 0.43125 0.5328125 0.09453125 0.1203125
1 0.4234375 0.67734375 0.1 0.13125
1 0.8328125 0.646875 0.0703125 0.11328125
1 0.834375 0.55078125 0.084375 0.08671875
1 0.8515625 0.15 0.08125 0.13203125
1 0.62734375 0.27265625 0.07578125 0.10546875
1 0.54921875 0.31875 0.084375 0.09140625
1 0.4828125 0.33828125 0.090625 0.0765625
1 0.40546875 0.33359375 0.09140625 0.09921875
1 0.17109375 0.1234375 0.07578125 0.06875
1 0.259375 0.64296875 0.065625 0.1109375
1 0.01875 0.8828125 0.0375 0.153125