1 0.915625 0.2859375 0.16796875 0.1328125
1 0.65 0.15859375 0.1046875 0.053125
1 0.5625 0.17109375 0.08515625 0.06875
1 0.53984375 0.5609375 0.12421875 0.11796875
1 0.6703125 0.5671875 0.11875 0.11953125
1 0.6078125 0.6515625 0.1109375 0.090625
1 0.7484375 0.7234375 0.109375 0.10078125
1 0.34375 0.51171875 0.08984375 0.10390625
1 0.3109375 0.44609375 0.07890625 0.06875
1 0.2890625 0.37890625 0.0984375 0.08984375
1 0.1640625 0.15234375 0.0828125 0.0625
1 0.1125 0.82578125 0.04296875 0.0703125
1 0.64453125 0.73515625 0.08828125 0.06015625