1 0.284375 0.08671875 0.115625 0.17265625
1 0.1640625 0.36484375 0.0484375 0.09296875
1 0.16640625 0.43671875 0.06640625 0.07578125
1 0.57265625 0.46328125 0.09609375 0.1390625
1 0.58203125 0.30859375 0.08359375 0.1140625
1 0.73515625 0.2515625 0.09296875 0.125
1 0.7375 0.36171875 0.04375 0.090625
1 0.6671875 0.396875 0.08984375 0.08671875
1 0.97734375 0.13828125 0.0453125 0.1515625
1 0.5890625 0.6671875 0.071875 0.0796875
1 0.51640625 0.67109375 0.1078125 0.06015625
1 0.4578125 0.6859375 0.0796875 0.08515625
1 0.38203125 0.72265625 0.09765625 0.0796875
1 0.1765625 0.78671875 0.04296875 0.03515625
1 0.1546875 0.8578125 0.04765625 0.0875
1 0.83203125 0.87578125 0.0640625 0.0703125
1 0.5953125 0.221875 0.03984375 0.078125