1 0.73203125 0.65 0.14921875 0.18828125
1 0.465625 0.63203125 0.13984375 0.14765625
1 0.303125 0.921875 0.0734375 0.1234375
1 0.0375 0.86328125 0.075 0.13046875
1 0.54296875 0.2671875 0.0859375 0.11640625
1 0.703125 0.41953125 0.08203125 0.0515625
1 0.590625 0.5078125 0.0703125 0.0890625
1 0.7296875 0.5140625 0.1390625 0.10234375
1 0.8796875 0.5421875 0.06171875 0.13984375
1 0.91796875 0.34765625 0.04921875 0.1171875
1 0.9875 0.3546875 0.02421875 0.08125
1 0.62578125 0.2671875 0.0421875 0.13671875
1 0.98515625 0.92265625 0.0296875 0.1203125