1 0.503125 0.3875 0.13203125 0.12734375
1 0.51328125 0.2828125 0.125 0.084375
1 0.46015625 0.18125 0.16328125 0.115625
1 0.3328125 0.371875 0.12734375 0.096875
1 0.6359375 0.33515625 0.07734375 0.0546875
1 0.67734375 0.578125 0.0640625 0.05
1 0.621875 0.5390625 0.07578125 0.05703125
1 0.60625 0.6984375 0.065625 0.0515625
1 0.528125 0.596875 0.05859375 0.05625
1 0.30625 0.57890625 0.07890625 0.0625
1 0.2921875 0.48203125 0.0828125 0.0609375
1 0.26796875 0.85546875 0.05 0.06171875
1 0.7921875 0.67265625 0.0484375 0.04765625