1 0.3625 0.35390625 0.05859375 0.0546875
1 0.3171875 0.428125 0.03671875 0.08046875
1 0.34765625 0.4296875 0.07109375 0.078125
1 0.4171875 0.55859375 0.065625 0.075
1 0.353125 0.58046875 0.03984375 0.059375
1 0.51328125 0.534375 0.03359375 0.0484375
1 0.57578125 0.53984375 0.0421875 0.0484375
1 0.515625 0.47578125 0.01796875 0.0328125
1 0.5328125 0.6296875 0.05859375 0.0421875
1 0.57578125 0.675 0.0375 0.0515625
1 0.4609375 0.721875 0.06875 0.0703125
1 0.4375 0.78828125 0.05859375 0.0765625
1 0.31640625 0.76796875 0.0515625 0.08359375