1 0.815625 0.7625 0.1109375 0.08828125
1 0.759375 0.8140625 0.115625 0.1109375
1 0.6765625 0.6921875 0.11015625 0.12265625
1 0.68046875 0.846875 0.1125 0.0921875
1 0.634375 0.80390625 0.090625 0.059375
1 0.60546875 0.90390625 0.11796875 0.1046875
1 0.440625 0.49296875 0.14453125 0.08359375
1 0.4671875 0.59375 0.1078125 0.06015625
1 0.72578125 0.59296875 0.11328125 0.08515625
1 0.61640625 0.28359375 0.128125 0.10625
1 0.43515625 0.26875 0.15078125 0.0921875
1 0.77890625 0.196875 0.1234375 0.103125
1 0.671875 0.1453125 0.0953125 0.0859375
1 0.78984375 0.02734375 0.10234375 0.0546875
1 0.2125 0.51953125 0.084375 0.071875
1 0.696875 0.44375 0.08671875 0.053125
1 0.9703125 0.2859375 0.05859375 0.084375
1 0.3390625 0.38046875 0.1078125 0.0703125