1 0.44609375 0.45703125 0.11328125 0.1390625
1 0.35234375 0.4109375 0.075 0.1046875
1 0.34765625 0.2421875 0.08125 0.125
1 0.509375 0.25625 0.09140625 0.10625
1 0.30625 0.51796875 0.11640625 0.11640625
1 0.2375 0.63125 0.10703125 0.14140625
1 0.30625 0.634375 0.1 0.1421875
1 0.18671875 0.92421875 0.09609375 0.14609375
1 0.43984375 0.928125 0.07421875 0.13125
1 0.51875 0.96171875 0.08359375 0.0765625
1 0.60234375 0.9578125 0.084375 0.084375
1 0.9046875 0.96796875 0.1 0.0640625
1 0.95625 0.9453125 0.084375 0.109375
1 0.86015625 0.91796875 0.0875 0.090625
1 0.8578125 0.81875 0.05703125 0.09453125
1 0.9234375 0.7640625 0.065625 0.08125
1 0.915625 0.63984375 0.0921875 0.12109375
1 0.96171875 0.5140625 0.07578125 0.115625
1 0.9875 0.615625 0.025 0.090625
1 0.9875 0.696875 0.025 0.08125