1 0.8921875 0.32421875 0.05625 0.07421875
1 0.79921875 0.5078125 0.13203125 0.103125
1 0.553125 0.2625 0.08046875 0.07890625
1 0.56484375 0.34609375 0.08046875 0.0859375
1 0.55703125 0.4421875 0.0609375 0.10078125
1 0.51640625 0.4984375 0.0375 0.0796875
1 0.5578125 0.52109375 0.0265625 0.0671875
1 0.67109375 0.65234375 0.04921875 0.084375
1 0.86171875 0.9015625 0.04765625 0.06875
1 0.7890625 0.86640625 0.03203125 0.09140625
1 0.37734375 0.6515625 0.0515625 0.05234375
1 0.28671875 0.54140625 0.03046875 0.05
1 0.25234375 0.534375 0.03359375 0.04453125
1 0.28515625 0.44375 0.04140625 0.04609375
1 0.27578125 0.64140625 0.04453125 0.06328125
1 0.23125 0.65078125 0.040625 0.05078125
1 0.2046875 0.68984375 0.03203125 0.03125
1 0.1796875 0.6703125 0.02578125 0.03203125
1 0.15 0.640625 0.01953125 0.0359375
1 0.11015625 0.62109375 0.03828125 0.04453125
1 0.0828125 0.5625 0.03203125 0.04765625
1 0.1140625 0.5296875 0.0234375 0.03984375
1 0.14765625 0.5 0.0203125 0.025
1 0.14453125 0.75546875 0.01875 0.02890625
1 0.275 0.7640625 0.034375 0.03359375