1 0.8265625 0.55546875 0.12734375 0.15390625
1 0.865625 0.42890625 0.0828125 0.12578125
1 0.95703125 0.4546875 0.08515625 0.075
1 0.95 0.515625 0.1 0.08828125
1 0.2046875 0.5640625 0.09453125 0.0859375
1 0.36875 0.89375 0.04453125 0.06796875
1 0.39921875 0.86171875 0.05234375 0.06328125
1 0.40859375 0.9375 0.04453125 0.059375
1 0.446875 0.903125 0.0671875 0.071875
1 0.47890625 0.64453125 0.040625 0.07109375
1 0.70703125 0.8421875 0.059375 0.08203125
1 0.93203125 0.965625 0.071875 0.06796875
1 0.5578125 0.53125 0.04375 0.05234375