1 0.93671875 0.25078125 0.1265625 0.1671875
1 0.84453125 0.73671875 0.0984375 0.09765625
1 0.896875 0.8109375 0.09609375 0.09140625
1 0.6546875 0.63359375 0.06875 0.06171875
1 0.43203125 0.759375 0.03359375 0.08984375
1 0.490625 0.74140625 0.06953125 0.05390625
1 0.29609375 0.78046875 0.03671875 0.04765625
1 0.23046875 0.72421875 0.0484375 0.0515625
1 0.15390625 0.6921875 0.06328125 0.071875
1 0.11171875 0.63984375 0.05390625 0.0328125
1 0.1875 0.84765625 0.04140625 0.0453125
1 0.25390625 0.30078125 0.05 0.0671875