1 0.75234375 0.64296875 0.08671875 0.11953125
1 0.815625 0.58671875 0.08828125 0.08359375
1 0.78828125 0.4984375 0.0796875 0.0703125
1 0.68359375 0.19765625 0.0921875 0.12265625
1 0.22421875 0.49140625 0.15546875 0.1640625
1 0.94609375 0.31953125 0.0828125 0.14375
1 0.27734375 0.9359375 0.1109375 0.128125
1 0.1890625 0.97421875 0.065625 0.0515625
1 0.50390625 0.85625 0.09296875 0.11953125
1 0.471875 0.7328125 0.08671875 0.09921875
1 0.4046875 0.859375 0.10703125 0.12578125
1 0.12265625 0.04609375 0.10234375 0.08671875