1 0.23671875 0.5875 0.11875 0.1375
1 0.20546875 0.71484375 0.08671875 0.08984375
1 0.1546875 0.79921875 0.0609375 0.08046875
1 0.15 0.70078125 0.0421875 0.09296875
1 0.390625 0.7765625 0.06640625 0.0765625
1 0.4609375 0.7359375 0.0859375 0.11015625
1 0.3625 0.82734375 0.04921875 0.04375
1 0.59453125 0.65 0.0828125 0.09453125
1 0.54921875 0.56875 0.0578125 0.065625
1 0.6109375 0.52734375 0.0703125 0.11015625
1 0.6734375 0.54453125 0.053125 0.05546875
1 0.66875 0.59453125 0.0484375 0.06796875
1 0.72734375 0.49921875 0.0734375 0.06875
1 0.409375 0.4703125 0.04453125 0.05
1 0.7515625 0.63046875 0.04140625 0.06328125
1 0.79375 0.6375 0.03671875 0.04609375
1 0.821875 0.2515625 0.0578125 0.08359375