1 0.640625 0.20703125 0.065625 0.0484375
1 0.63203125 0.25390625 0.0796875 0.053125
1 0.48828125 0.2765625 0.08046875 0.06015625
1 0.60234375 0.32734375 0.0796875 0.06015625
1 0.5265625 0.37109375 0.08828125 0.07890625
1 0.56640625 0.4265625 0.06640625 0.05625
1 0.6421875 0.39921875 0.08125 0.07734375
1 0.72578125 0.53203125 0.134375 0.08671875
1 0.771875 0.61328125 0.071875 0.0828125
1 0.5859375 0.76171875 0.1265625 0.1234375
1 0.71796875 0.78046875 0.09765625 0.0859375
1 0.71171875 0.84765625 0.10703125 0.0671875
1 0.8171875 0.8375 0.08125 0.08359375
1 0.25546875 0.16640625 0.07421875 0.05859375