1 0.5546875 0.3609375 0.04765625 0.10234375
1 0.45625 0.121875 0.08203125 0.12734375
1 0.55 0.1859375 0.0640625 0.0828125
1 0.41953125 0.6015625 0.075 0.0953125
1 0.39140625 0.67421875 0.05390625 0.06328125
1 0.31875 0.6125 0.06015625 0.09921875
1 0.4390625 0.68046875 0.04296875 0.04453125
1 0.7609375 0.65 0.071875 0.08984375
1 0.90390625 0.51875 0.11484375 0.0859375
1 0.9375 0.846875 0.05234375 0.04765625
1 0.51171875 0.59296875 0.03671875 0.034375
1 0.4890625 0.55390625 0.03046875 0.05234375
1 0.36328125 0.74453125 0.05546875 0.0484375
1 0.0296875 0.52265625 0.03671875 0.04375