1 0.696875 0.1453125 0.0328125 0.0578125
1 0.66796875 0.2421875 0.046875 0.0375
1 0.59375 0.27578125 0.03671875 0.0484375
1 0.6515625 0.29765625 0.03203125 0.03359375
1 0.575 0.35546875 0.04296875 0.05546875
1 0.56484375 0.3984375 0.03671875 0.03515625
1 0.503125 0.45390625 0.04140625 0.0625
1 0.46171875 0.40625 0.0390625 0.03828125
1 0.41796875 0.4375 0.03203125 0.046875
1 0.41015625 0.340625 0.05625 0.05703125
1 0.346875 0.74921875 0.07578125 0.08828125
1 0.2140625 0.73515625 0.0640625 0.08671875
1 0.30078125 0.7984375 0.01953125 0.0671875