1 0.2328125 0.075 0.04765625 0.07265625
1 0.20625 0.11953125 0.05703125 0.09140625
1 0.29453125 0.2640625 0.0375 0.08203125
1 0.69453125 0.13046875 0.04765625 0.05859375
1 0.6015625 0.1796875 0.05546875 0.0875
1 0.44296875 0.290625 0.0421875 0.059375
1 0.57421875 0.35546875 0.0640625 0.096875
1 0.64765625 0.25546875 0.04609375 0.08203125
1 0.96953125 0.1109375 0.0609375 0.053125
1 0.7765625 0.31796875 0.0640625 0.1015625
1 0.80390625 0.37890625 0.0515625 0.08125
1 0.821875 0.45390625 0.04375 0.096875
1 0.78125 0.46328125 0.06015625 0.0984375
1 0.75 0.51640625 0.06484375 0.1109375
1 0.9734375 0.45703125 0.053125 0.07265625
1 0.684375 0.64140625 0.03515625 0.06328125
1 0.609375 0.61328125 0.028125 0.07421875
1 0.5875 0.65390625 0.0546875 0.07890625
1 0.56171875 0.50625 0.0484375 0.06875
1 0.4484375 0.45859375 0.04296875 0.05859375
1 0.4734375 0.43046875 0.04921875 0.06796875
1 0.14375 0.471875 0.06015625 0.071875
1 0.18203125 0.40078125 0.0484375 0.075
1 0.121875 0.53515625 0.0390625 0.07734375
1 0.2328125 0.6578125 0.04765625 0.05625
1 0.275 0.66953125 0.04296875 0.053125
1 0.40234375 0.70625 0.040625 0.10390625
1 0.5265625 0.7578125 0.0453125 0.10078125