1 0.7609375 0.52109375 0.059375 0.08515625
1 0.771875 0.45859375 0.0375 0.09375
1 0.815625 0.453125 0.040625 0.09140625
1 0.80078125 0.3828125 0.04140625 0.05390625
1 0.775 0.31796875 0.04375 0.0796875
1 0.98046875 0.4421875 0.02421875 0.0609375
1 0.97109375 0.10625 0.04375 0.046875
1 0.69765625 0.13046875 0.04453125 0.04140625
1 0.65234375 0.26015625 0.034375 0.06953125
1 0.59296875 0.17890625 0.034375 0.05
1 0.56484375 0.36484375 0.0546875 0.09296875
1 0.5546875 0.4984375 0.02578125 0.04921875
1 0.5578125 0.4578125 0.03046875 0.0390625
1 0.5921875 0.65390625 0.0515625 0.08828125
1 0.61171875 0.60390625 0.03203125 0.06796875
1 0.68046875 0.63984375 0.040625 0.0703125
1 0.51953125 0.76640625 0.02578125 0.0828125
1 0.40078125 0.6953125 0.040625 0.0734375
1 0.28203125 0.665625 0.03125 0.0671875
1 0.246875 0.65625 0.03125 0.05390625
1 0.3828125 0.521875 0.02734375 0.05625
1 0.14765625 0.47265625 0.04609375 0.071875
1 0.2953125 0.26640625 0.04765625 0.08671875
1 0.20234375 0.11875 0.04921875 0.0765625
1 0.22109375 0.07109375 0.03359375 0.06953125
1 0.09375 0.62578125 0.040625 0.05546875
1 0.47734375 0.4375 0.06171875 0.0703125