1 0.9 0.51875 0.1015625 0.11171875
1 0.840625 0.60234375 0.07734375 0.08359375
1 0.7 0.57265625 0.11484375 0.1578125
1 0.64296875 0.5078125 0.08125 0.09765625
1 0.79375 0.56171875 0.040625 0.04140625
1 0.59296875 0.5359375 0.0578125 0.06953125
1 0.60546875 0.62109375 0.06953125 0.08046875
1 0.534375 0.6078125 0.0609375 0.0796875
1 0.44140625 0.51875 0.0734375 0.103125
1 0.4015625 0.42890625 0.0703125 0.10078125
1 0.3140625 0.50703125 0.05 0.07890625
1 0.11015625 0.40546875 0.06953125 0.08515625
1 0.10078125 0.49453125 0.06015625 0.05859375
1 0.0296875 0.40859375 0.059375 0.1140625