1 0.28203125 0.75390625 0.1375 0.13515625
1 0.5078125 0.71875 0.07734375 0.103125
1 0.50390625 0.8890625 0.13359375 0.090625
1 0.434375 0.953125 0.0890625 0.08515625
1 0.50078125 0.9734375 0.1265625 0.05234375
1 0.10234375 0.71796875 0.13046875 0.121875
1 0.03828125 0.5953125 0.0765625 0.2
1 0.14296875 0.59921875 0.1046875 0.13046875
1 0.18046875 0.28828125 0.16328125 0.15234375
1 0.3203125 0.29296875 0.1765625 0.14609375
1 0.43515625 0.42890625 0.1390625 0.140625
1 0.59140625 0.43828125 0.228125 0.090625
1 0.8 0.5625 0.1765625 0.184375
1 0.496875 0.04453125 0.15625 0.0890625
1 0.5953125 0.1171875 0.09765625 0.07734375
1 0.7734375 0.97109375 0.1234375 0.0578125