1 0.7640625 0.71796875 0.14609375 0.18671875
1 0.734375 0.5 0.1140625 0.11796875
1 0.92265625 0.50859375 0.1546875 0.2203125
1 0.70078125 0.909375 0.159375 0.1421875
1 0.6140625 0.95234375 0.21015625 0.0953125
1 0.59296875 0.8640625 0.140625 0.14765625
1 0.28828125 0.82890625 0.203125 0.1625
1 0.46875 0.42578125 0.18046875 0.2421875
1 0.42421875 0.54765625 0.16015625 0.18203125
1 0.040625 0.5046875 0.08125 0.15078125
1 0.090625 0.40078125 0.13359375 0.11171875
1 0.57578125 0.20546875 0.175 0.228125
1 0.32265625 0.65703125 0.13828125 0.1859375