1 0.7625 0.70859375 0.125 0.13984375
1 0.72265625 0.4953125 0.09921875 0.10859375
1 0.56328125 0.221875 0.15390625 0.1796875
1 0.46796875 0.42421875 0.11796875 0.23828125
1 0.41796875 0.5421875 0.134375 0.15
1 0.29609375 0.6640625 0.11640625 0.18515625
1 0.2890625 0.83515625 0.15078125 0.15703125
1 0.6078125 0.9609375 0.190625 0.078125
1 0.7171875 0.90703125 0.13125 0.171875
1 0.59609375 0.8640625 0.14296875 0.14453125
1 0.0453125 0.484375 0.090625 0.221875
1 0.92109375 0.5078125 0.1578125 0.20703125