1 0.546875 0.53671875 0.17109375 0.14296875
1 0.77421875 0.4203125 0.17265625 0.1296875
1 0.65234375 0.375 0.13671875 0.12890625
1 0.34921875 0.384375 0.1703125 0.11640625
1 0.35546875 0.28828125 0.171875 0.1046875
1 0.24921875 0.3859375 0.07265625 0.096875
1 0.084375 0.059375 0.16796875 0.11875
1 0.3984375 0.92578125 0.22578125 0.1484375
1 0.06015625 0.78515625 0.109375 0.17578125
1 0.165625 0.7234375 0.17578125 0.1109375
1 0.84453125 0.80390625 0.1484375 0.1234375
1 0.62578125 0.78125 0.121875 0.1046875