1 0.66953125 0.37265625 0.09609375 0.1296875
1 0.7171875 0.28984375 0.0796875 0.10390625
1 0.7734375 0.36640625 0.07578125 0.11796875
1 0.425 0.403125 0.09296875 0.14375
1 0.24609375 0.228125 0.140625 0.16640625
1 0.175 0.121875 0.1796875 0.1609375
1 0.05546875 0.0796875 0.1109375 0.159375
1 0.22421875 0.03984375 0.16015625 0.07890625
1 0.303125 0.49296875 0.153125 0.1625
1 0.2453125 0.646875 0.14921875 0.11796875
1 0.3328125 0.68203125 0.1171875 0.125
1 0.396875 0.7484375 0.10546875 0.1125
1 0.334375 0.8046875 0.125 0.14609375
1 0.684375 0.56171875 0.1375 0.15078125
1 0.81484375 0.52109375 0.09296875 0.13984375
1 0.74765625 0.590625 0.0828125 0.090625
1 0.7234375 0.47734375 0.0875 0.115625
1 0.63671875 0.4640625 0.06875 0.1109375
1 0.60078125 0.53671875 0.06015625 0.07890625
1 0.90390625 0.053125 0.07421875 0.06171875