1 0.65078125 0.44140625 0.06953125 0.08125
1 0.62109375 0.50078125 0.07421875 0.08203125
1 0.68125 0.46484375 0.05546875 0.075
1 0.69375 0.50703125 0.0546875 0.04609375
1 0.68515625 0.57109375 0.0640625 0.06796875
1 0.77265625 0.56796875 0.03671875 0.0296875
1 0.85234375 0.3203125 0.0515625 0.0734375
1 0.44921875 0.44140625 0.06171875 0.06015625
1 0.4546875 0.5421875 0.08828125 0.08046875
1 0.390625 0.59296875 0.06640625 0.09140625
1 0.43671875 0.68515625 0.084375 0.071875
1 0.44375 0.7640625 0.0875 0.075
1 0.36015625 0.771875 0.096875 0.10234375