1 0.39296875 0.5875 0.0828125 0.09765625
1 0.4609375 0.56171875 0.0765625 0.10390625
1 0.4484375 0.4421875 0.04296875 0.078125
1 0.4203125 0.6921875 0.0890625 0.08125
1 0.37109375 0.77890625 0.084375 0.10859375
1 0.44375 0.775 0.0875 0.10390625
1 0.62578125 0.5 0.065625 0.10078125
1 0.65546875 0.42890625 0.0578125 0.08359375
1 0.6796875 0.46796875 0.06171875 0.09453125
1 0.6984375 0.51328125 0.05 0.0609375
1 0.6921875 0.565625 0.06015625 0.0765625
1 0.7640625 0.56953125 0.05234375 0.04921875
1 0.85625 0.3296875 0.05859375 0.06640625
1 0.84453125 0.203125 0.04921875 0.04453125