1 0.4546875 0.3453125 0.103125 0.0859375
1 0.353125 0.3546875 0.0875 0.07734375
1 0.4359375 0.3984375 0.11953125 0.10625
1 0.19765625 0.17265625 0.08046875 0.0828125
1 0.09765625 0.21171875 0.0890625 0.07578125
1 0.64453125 0.25 0.14296875 0.10859375
1 0.571875 0.434375 0.09296875 0.071875
1 0.6 0.66484375 0.075 0.06875
1 0.609375 0.721875 0.07265625 0.0453125
1 0.53359375 0.67109375 0.08125 0.065625
1 0.44609375 0.80703125 0.11328125 0.09765625
1 0.15625 0.83359375 0.1046875 0.08125
1 0.084375 0.9546875 0.109375 0.090625