1 0.8390625 0.39375 0.06953125 0.06953125
1 0.8203125 0.34609375 0.053125 0.0734375
1 0.6265625 0.3578125 0.0484375 0.05625
1 0.609375 0.41640625 0.0625 0.06328125
1 0.54453125 0.38125 0.0578125 0.071875
1 0.23203125 0.26796875 0.04609375 0.059375
1 0.05703125 0.61328125 0.109375 0.11875
1 0.12109375 0.74453125 0.1 0.1234375
1 0.03515625 0.834375 0.0609375 0.07578125
1 0.5984375 0.515625 0.0359375 0.06953125
1 0.64140625 0.50859375 0.034375 0.05546875
1 0.78828125 0.03984375 0.05703125 0.0515625
1 0.78125 0.078125 0.02890625 0.03515625
1 0.91875 0.325 0.0375 0.021875