1 0.82109375 0.346875 0.06796875 0.07890625
1 0.8453125 0.39375 0.06796875 0.0578125
1 0.790625 0.0421875 0.034375 0.04765625
1 0.78046875 0.07734375 0.028125 0.0328125
1 0.6265625 0.36171875 0.03984375 0.06796875
1 0.61328125 0.42421875 0.03984375 0.06015625
1 0.54296875 0.3828125 0.04140625 0.075
1 0.64375 0.509375 0.03828125 0.04375
1 0.60625 0.509375 0.03125 0.04765625
1 0.43125 0.4203125 0.0453125 0.04765625
1 0.33046875 0.4625 0.0390625 0.04375
1 0.22734375 0.2578125 0.05 0.084375
1 0.065625 0.615625 0.11328125 0.096875
1 0.1203125 0.75078125 0.0890625 0.1265625
1 0.03046875 0.8375 0.0609375 0.06953125
1 0.91875 0.33125 0.028125 0.03125
1 0.9875 0.371875 0.02421875 0.040625