1 0.85078125 0.44765625 0.09609375 0.09296875
1 0.78984375 0.4859375 0.08125 0.10078125
1 0.7203125 0.49140625 0.06953125 0.06328125
1 0.8796875 0.35625 0.1 0.09765625
1 0.79765625 0.321875 0.06953125 0.0875
1 0.784375 0.190625 0.10234375 0.09765625
1 0.521875 0.11875 0.1734375 0.16015625
1 0.38984375 0.12265625 0.1234375 0.12578125
1 0.465625 0.38671875 0.1359375 0.09921875
1 0.40859375 0.46484375 0.1296875 0.08984375
1 0.4125 0.52265625 0.1421875 0.07265625
1 0.41015625 0.6046875 0.14375 0.08203125
1 0.6796875 0.88515625 0.05859375 0.05703125