1 0.76953125 0.2421875 0.0671875 0.0828125
1 0.575 0.54375 0.08828125 0.1046875
1 0.56171875 0.63203125 0.04609375 0.06171875
1 0.53515625 0.72578125 0.046875 0.0953125
1 0.6 0.715625 0.08515625 0.13359375
1 0.65390625 0.6515625 0.065625 0.10703125
1 0.66171875 0.75234375 0.0703125 0.09453125
1 0.20078125 0.7421875 0.125 0.1484375
1 0.140625 0.88515625 0.11015625 0.15234375
1 0.2546875 0.8828125 0.09921875 0.1203125
1 0.3359375 0.95234375 0.11171875 0.09375
1 0.24765625 0.97734375 0.0921875 0.0453125
1 0.13984375 0.51015625 0.1203125 0.13828125
1 0.04375 0.490625 0.0875 0.15703125
1 0.0578125 0.29609375 0.11484375 0.20078125
1 0.040625 0.13046875 0.08125 0.128125
1 0.42109375 0.43203125 0.084375 0.1203125