1 0.86171875 0.48125 0.11171875 0.14453125
1 0.953125 0.51875 0.09296875 0.11796875
1 0.93984375 0.67734375 0.1203125 0.2109375
1 0.796875 0.2671875 0.121875 0.153125
1 0.846875 0.10234375 0.09921875 0.1546875
1 0.7421875 0.12890625 0.10390625 0.10625
1 0.67578125 0.05625 0.09765625 0.1046875
1 0.390625 0.28359375 0.10390625 0.1234375
1 0.475 0.27109375 0.06953125 0.08125
1 0.409375 0.4421875 0.0875 0.109375
1 0.44375 0.36328125 0.06640625 0.084375
1 0.3609375 0.35625 0.07109375 0.1078125
1 0.27734375 0.23828125 0.05390625 0.05390625
1 0.3203125 0.2390625 0.08125 0.0703125
1 0.2765625 0.30859375 0.07890625 0.08125
1 0.58203125 0.56796875 0.1078125 0.12109375