1 0.45234375 0.58359375 0.11484375 0.09765625
1 0.36015625 0.56171875 0.0484375 0.065625
1 0.28671875 0.53671875 0.09375 0.07890625
1 0.29453125 0.59921875 0.140625 0.09296875
1 0.34609375 0.64453125 0.10078125 0.07734375
1 0.253125 0.67109375 0.09609375 0.103125
1 0.259375 0.2015625 0.140625 0.134375
1 0.1296875 0.1578125 0.14765625 0.1265625
1 0.10546875 0.26328125 0.1421875 0.11953125
1 0.0546875 0.32578125 0.109375 0.1109375
1 0.025 0.2609375 0.05 0.1203125
1 0.4765625 0.12421875 0.1375 0.1078125
1 0.5234375 0.04765625 0.1625 0.09453125
1 0.69375 0.0546875 0.209375 0.109375
1 0.88203125 0.03984375 0.1484375 0.071875
1 0.57265625 0.40546875 0.121875 0.09453125
1 0.75859375 0.7578125 0.06171875 0.05859375