1 0.5859375 0.553125 0.0890625 0.128125
1 0.60234375 0.72734375 0.09453125 0.140625
1 0.55 0.6234375 0.028125 0.071875
1 0.5453125 0.72421875 0.071875 0.10234375
1 0.26640625 0.88828125 0.1171875 0.115625
1 0.32734375 0.9484375 0.084375 0.103125
1 0.24921875 0.97734375 0.0609375 0.0453125
1 0.1546875 0.87421875 0.11171875 0.140625
1 0.20859375 0.7390625 0.11328125 0.1796875
1 0.1296875 0.51171875 0.11015625 0.17265625
1 0.03984375 0.478125 0.0796875 0.15625
1 0.0546875 0.29921875 0.109375 0.2140625
1 0.40859375 0.434375 0.0859375 0.13046875
1 0.76328125 0.24375 0.04921875 0.053125
1 0.6921875 0.709375 0.08203125 0.153125