1 0.70078125 0.58046875 0.11171875 0.08671875
1 0.51015625 0.54375 0.13515625 0.11484375
1 0.41796875 0.509375 0.1109375 0.0890625
1 0.3859375 0.58203125 0.09375 0.05859375
1 0.34453125 0.43828125 0.1015625 0.1015625
1 0.27890625 0.38046875 0.0453125 0.04921875
1 0.18203125 0.4171875 0.10859375 0.08515625
1 0.23046875 0.21171875 0.1203125 0.10078125
1 0.31875 0.3328125 0.05078125 0.05546875
1 0.85703125 0.19140625 0.0828125 0.065625
1 0.72734375 0.7390625 0.07890625 0.09375
1 0.91953125 0.93671875 0.1609375 0.1234375
1 0.9734375 0.771875 0.053125 0.075
1 0.60234375 0.48984375 0.0421875 0.0703125
1 0.62578125 0.53125 0.05078125 0.06875
1 0.596875 0.34140625 0.0578125 0.07890625