1 0.7828125 0.22578125 0.09453125 0.10859375
1 0.57109375 0.16953125 0.1125 0.11875
1 0.59765625 0.2921875 0.059375 0.07578125
1 0.5671875 0.33984375 0.11015625 0.090625
1 0.6578125 0.3265625 0.07265625 0.0859375
1 0.4796875 0.3984375 0.10625 0.1015625
1 0.46953125 0.49453125 0.134375 0.1390625
1 0.421875 0.4046875 0.096875 0.109375
1 0.41484375 0.7 0.0828125 0.10703125
1 0.2796875 0.70703125 0.128125 0.1
1 0.0625 0.909375 0.125 0.16875
1 0.2171875 0.965625 0.09921875 0.0671875
1 0.8046875 0.86484375 0.0890625 0.08046875
1 0.5046875 0.6046875 0.07109375 0.05078125