1 0.07734375 0.05703125 0.1546875 0.11328125
1 0.2765625 0.2734375 0.07890625 0.0859375
1 0.2953125 0.42109375 0.1 0.07734375
1 0.48828125 0.45390625 0.10703125 0.12109375
1 0.5921875 0.48203125 0.08671875 0.08203125
1 0.59765625 0.39921875 0.08046875 0.0703125
1 0.82421875 0.5875 0.1078125 0.0796875
1 0.771875 0.78828125 0.103125 0.09765625
1 0.65625 0.5703125 0.09140625 0.071875
1 0.709375 0.6046875 0.075 0.0609375
1 0.67734375 0.65234375 0.084375 0.04921875
1 0.13671875 0.79921875 0.08671875 0.0921875
1 0.40234375 0.6640625 0.053125 0.05625
1 0.36875 0.4546875 0.065625 0.07109375
1 0.390625 0.51484375 0.0609375 0.06328125
1 0.0234375 0.215625 0.046875 0.09296875
1 0.19375 0.9671875 0.08828125 0.065625