1 0.93984375 0.0765625 0.1203125 0.15234375
1 0.740625 0.28671875 0.09453125 0.11328125
1 0.57734375 0.3015625 0.13046875 0.1109375
1 0.53125 0.48515625 0.134375 0.1578125
1 0.52890625 0.59453125 0.0703125 0.0890625
1 0.4328125 0.665625 0.0875 0.11796875
1 0.378125 0.7109375 0.06796875 0.06484375
1 0.353125 0.66796875 0.05 0.0859375
1 0.4015625 0.81328125 0.09921875 0.109375
1 0.2109375 0.7765625 0.13359375 0.13203125
1 0.21171875 0.13984375 0.0828125 0.08046875
1 0.01875 0.20546875 0.0375 0.1109375
1 0.7734375 0.02421875 0.08515625 0.04765625