1 0.19453125 0.44296875 0.09140625 0.12421875
1 0.115625 0.5046875 0.06171875 0.07890625
1 0.0859375 0.56796875 0.05234375 0.05859375
1 0.21796875 0.63046875 0.07109375 0.0859375
1 0.40234375 0.5953125 0.0890625 0.12734375
1 0.303125 0.559375 0.0515625 0.06875
1 0.36640625 0.72109375 0.0671875 0.11171875
1 0.4703125 0.72734375 0.07890625 0.09296875
1 0.55625 0.67578125 0.08984375 0.146875
1 0.628125 0.68203125 0.07421875 0.140625
1 0.74921875 0.2796875 0.09453125 0.13671875
1 0.81015625 0.31484375 0.046875 0.09921875
1 0.6765625 0.371875 0.06875 0.0984375
1 0.86171875 0.309375 0.034375 0.075