1 0.828125 0.571875 0.11015625 0.15078125
1 0.9 0.5046875 0.071875 0.084375
1 0.60546875 0.4015625 0.12265625 0.15078125
1 0.5359375 0.271875 0.121875 0.109375
1 0.453125 0.33203125 0.1640625 0.13359375
1 0.37265625 0.303125 0.0890625 0.125
1 0.35234375 0.6125 0.16640625 0.1140625
1 0.26796875 0.71953125 0.1140625 0.1296875
1 0.1671875 0.675 0.11484375 0.09921875
1 0.7015625 0.43984375 0.053125 0.08359375
1 0.7875 0.37109375 0.065625 0.07890625
1 0.6296875 0.278125 0.08671875 0.09609375
1 0.91953125 0.4234375 0.06796875 0.071875