1 0.75703125 0.16484375 0.0515625 0.09765625
1 0.4890625 0.26875 0.071875 0.0828125
1 0.61875 0.41328125 0.06875 0.109375
1 0.6125 0.34453125 0.03828125 0.04296875
1 0.65546875 0.46953125 0.040625 0.05703125
1 0.64921875 0.5359375 0.0625 0.07890625
1 0.7421875 0.5921875 0.0578125 0.08984375
1 0.8 0.565625 0.053125 0.07578125
1 0.82265625 0.65546875 0.07109375 0.10546875
1 0.51015625 0.5359375 0.06484375 0.1375
1 0.575 0.5109375 0.034375 0.06484375
1 0.43046875 0.459375 0.05234375 0.1
1 0.375 0.44609375 0.06640625 0.09921875
1 0.25703125 0.4265625 0.05625 0.08671875
1 0.3328125 0.85703125 0.02578125 0.11640625
1 0.20234375 0.32421875 0.0484375 0.065625