1 0.48984375 0.2609375 0.04609375 0.08046875
1 0.76015625 0.1875 0.03203125 0.0890625
1 0.61796875 0.428125 0.0578125 0.11796875
1 0.6640625 0.534375 0.0265625 0.06796875
1 0.74765625 0.5984375 0.046875 0.08515625
1 0.80390625 0.56875 0.0390625 0.04765625
1 0.82578125 0.65859375 0.06015625 0.1109375
1 0.4890625 0.50625 0.03125 0.08203125
1 0.53828125 0.55625 0.034375 0.1109375
1 0.375 0.45390625 0.05234375 0.11171875
1 0.4265625 0.4703125 0.053125 0.08984375
1 0.25859375 0.42890625 0.059375 0.0875
1 0.20546875 0.328125 0.03671875 0.05
1 0.3359375 0.8578125 0.01796875 0.10078125
1 0.98203125 0.9015625 0.0359375 0.0546875
1 0.97265625 0.9734375 0.025 0.05234375