1 0.44453125 0.10390625 0.184375 0.15234375
1 0.3 0.54921875 0.14609375 0.125
1 0.403125 0.5578125 0.165625 0.13203125
1 0.30078125 0.62421875 0.11640625 0.084375
1 0.22265625 0.6515625 0.115625 0.10078125
1 0.14453125 0.67890625 0.1125 0.1078125
1 0.10078125 0.7359375 0.10625 0.06171875
1 0.4515625 0.65390625 0.14609375 0.10625
1 0.50703125 0.6953125 0.1234375 0.11953125
1 0.5890625 0.74453125 0.09609375 0.06875
1 0.6796875 0.76171875 0.10625 0.0859375
1 0.6203125 0.82578125 0.06171875 0.0703125
1 0.65625 0.8578125 0.1125 0.10859375
1 0.6375 0.96328125 0.10625 0.0734375
1 0.23671875 0.91484375 0.046875 0.05625
1 0.49609375 0.90546875 0.08046875 0.09765625
1 0.41796875 0.93984375 0.04609375 0.059375
1 0.24453125 0.84375 0.06796875 0.0375
1 0.9265625 0.271875 0.146875 0.1578125
1 0.63359375 0.43359375 0.07265625 0.065625
1 0.12890625 0.30546875 0.125 0.12421875
1 0.27734375 0.2078125 0.05859375 0.05078125
1 0.01484375 0.36953125 0.0296875 0.07109375
1 0.05 0.403125 0.07890625 0.11015625
1 0.78984375 0.86953125 0.0640625 0.0890625