1 0.96484375 0.37890625 0.0703125 0.0859375
1 0.86328125 0.34140625 0.0765625 0.07734375
1 0.8234375 0.39140625 0.0546875 0.0578125
1 0.78515625 0.32578125 0.0703125 0.0828125
1 0.87109375 0.203125 0.04765625 0.0671875
1 0.2484375 0.065625 0.1203125 0.1078125
1 0.3921875 0.0828125 0.07109375 0.0953125
1 0.37421875 0.16640625 0.0359375 0.05859375
1 0.2171875 0.30078125 0.06953125 0.11015625
1 0.4234375 0.36796875 0.046875 0.0765625
1 0.54375 0.58125 0.06953125 0.09140625
1 0.528125 0.52265625 0.0734375 0.05078125
1 0.5515625 0.6890625 0.09296875 0.1421875
1 0.634375 0.690625 0.0796875 0.1234375
1 0.64375 0.7890625 0.0828125 0.08828125
1 0.6875 0.8421875 0.0796875 0.103125
1 0.659375 0.87578125 0.0578125 0.0703125
1 0.72265625 0.8875 0.05625 0.0828125
1 0.61484375 0.92890625 0.0640625 0.05546875
1 0.4734375 0.98046875 0.0546875 0.03203125
1 0.41484375 0.95078125 0.075 0.07890625
1 0.36796875 0.9765625 0.04921875 0.04453125
1 0.32578125 0.85703125 0.09609375 0.1171875
1 0.3265625 0.721875 0.05546875 0.0671875
1 0.38671875 0.703125 0.0609375 0.06796875
1 0.21953125 0.725 0.05390625 0.078125
1 0.24375 0.61640625 0.05703125 0.0734375
1 0.10390625 0.55859375 0.13203125 0.13359375
1 0.82109375 0.109375 0.03515625 0.03203125
1 0.8171875 0.1734375 0.01875 0.0078125
1 0.80546875 0.1578125 0.021875 0.0296875
1 0.71015625 0.1578125 0.02578125 0.02109375
1 0.703125 0.0796875 0.02734375 0.03359375
1 0.659375 0.0421875 0.015625 0.01171875
1 0.63984375 0.05625 0.01484375 0.0234375
1 0.63046875 0.07421875 0.03359375 0.01484375
1 0.625 0.11875 0.03125 0.0078125
1 0.55546875 0.078125 0.02109375 0.015625
1 0.48984375 0.03984375 0.02734375 0.0171875
1 0.46796875 0.02265625 0.02890625 0.00546875
1 0.50625 0.0046875 0.02578125 0.0078125
1 0.40859375 0.015625 0.01640625 0.0109375
1 0.91171875 0.75703125 0.0484375 0.0609375
1 0.84609375 0.75859375 0.034375 0.07265625
1 0.93671875 0.5796875 0.06015625 0.0734375
1 0.89609375 0.509375 0.07734375 0.09609375
1 0.71484375 0.4984375 0.1046875 0.11640625
1 0.64609375 0.56015625 0.08046875 0.125
1 0.7515625 0.4203125 0.05234375 0.06328125
1 0.6953125 0.4171875 0.053125 0.05234375
1 0.84765625 0.0125 0.01875 0.01953125
1 0.7828125 0.03671875 0.01796875 0.02265625
1 0.7609375 0.0078125 0.025 0.015625
1 0.825 0.01015625 0.02734375 0.015625