1 0.6890625 0.44453125 0.1359375 0.10234375
1 0.68671875 0.35625 0.09296875 0.09140625
1 0.77890625 0.34921875 0.0859375 0.109375
1 0.8453125 0.3078125 0.09609375 0.10625
1 0.890625 0.2703125 0.0640625 0.06484375
1 0.7703125 0.08203125 0.05234375 0.0453125
1 0.7609375 0.1515625 0.04375 0.03984375
1 0.58671875 0.06875 0.04765625 0.05078125
1 0.50625 0.10078125 0.084375 0.0875
1 0.38828125 0.0296875 0.08671875 0.05859375
1 0.353125 0.121875 0.0828125 0.065625
1 0.38515625 0.1703125 0.08203125 0.0671875
1 0.32890625 0.215625 0.07109375 0.078125
1 0.41953125 0.24609375 0.04375 0.0421875
1 0.42265625 0.303125 0.05078125 0.0546875
1 0.36875 0.56796875 0.04921875 0.05078125
1 0.065625 0.73515625 0.12578125 0.12890625
1 0.5609375 0.890625 0.13515625 0.125
1 0.8546875 0.68203125 0.10859375 0.07734375
1 0.94609375 0.5984375 0.1 0.09140625