1 0.25625 0.0734375 0.134375 0.146875
1 0.11015625 0.57109375 0.13984375 0.159375
1 0.434375 0.36484375 0.0640625 0.06640625
1 0.55 0.5921875 0.0921875 0.1046875
1 0.55546875 0.69296875 0.0921875 0.1515625
1 0.63359375 0.68515625 0.09375 0.12578125
1 0.65390625 0.778125 0.08046875 0.09765625
1 0.6828125 0.8375 0.10703125 0.1109375
1 0.72109375 0.87578125 0.071875 0.0796875
1 0.3234375 0.88125 0.07109375 0.09609375
1 0.6546875 0.5546875 0.08203125 0.11484375
1 0.70625 0.50234375 0.10078125 0.13984375
1 0.753125 0.41171875 0.05546875 0.0796875
1 0.7796875 0.33359375 0.06640625 0.0953125
1 0.82109375 0.38125 0.0796875 0.09921875
1 0.87734375 0.3453125 0.07421875 0.075
1 0.965625 0.36796875 0.06796875 0.071875
1 0.91484375 0.765625 0.04296875 0.06328125