1 0.6953125 0.34375 0.07265625 0.09296875
1 0.6625 0.44140625 0.08671875 0.13515625
1 0.61484375 0.8171875 0.11015625 0.11796875
1 0.46484375 0.66171875 0.0546875 0.0734375
1 0.421875 0.64609375 0.028125 0.053125
1 0.40625 0.71015625 0.05546875 0.06328125
1 0.30078125 0.83203125 0.04140625 0.06171875
1 0.31484375 0.68203125 0.04375 0.05
1 0.37421875 0.52578125 0.04921875 0.05859375
1 0.34375 0.4328125 0.0578125 0.053125
1 0.30390625 0.490625 0.05859375 0.071875
1 0.2984375 0.44375 0.046875 0.03828125
1 0.2796875 0.61171875 0.046875 0.0375
1 0.3 0.5875 0.04609375 0.05234375
1 0.16953125 0.53671875 0.0453125 0.04140625
1 0.14375 0.56953125 0.0421875 0.0328125
1 0.17578125 0.4078125 0.0359375 0.03984375
1 0.2203125 0.26953125 0.02890625 0.01484375
1 0.3390625 0.25 0.0328125 0.0546875
1 0.3984375 0.19609375 0.04453125 0.0390625
1 0.74140625 0.46328125 0.0484375 0.0984375
1 0.14140625 0.41171875 0.0265625 0.02109375
1 0.146875 0.46328125 0.03828125 0.028125
1 0.2953125 0.39296875 0.03125 0.0375