1 0.034375 0.4640625 0.0546875 0.09296875
1 0.09296875 0.4796875 0.04921875 0.06953125
1 0.1625 0.50546875 0.0375 0.09609375
1 0.23125 0.51015625 0.0625 0.07578125
1 0.3796875 0.4328125 0.07734375 0.10546875
1 0.35 0.54609375 0.0625 0.1
1 0.43125 0.55390625 0.09453125 0.115625
1 0.5234375 0.61328125 0.06796875 0.08515625
1 0.409375 0.6921875 0.075 0.0828125
1 0.61328125 0.54765625 0.0796875 0.10234375
1 0.7203125 0.54453125 0.10546875 0.16640625
1 0.8203125 0.5515625 0.07578125 0.115625
1 0.93671875 0.49140625 0.10234375 0.1375
1 0.8921875 0.6765625 0.1171875 0.1640625
1 0.73359375 0.68046875 0.11171875 0.1078125
1 0.77890625 0.7828125 0.146875 0.1171875