1 0.62265625 0.0265625 0.034375 0.053125
1 0.58984375 0.03828125 0.028125 0.0734375
1 0.53828125 0.19140625 0.05234375 0.10234375
1 0.19453125 0.128125 0.053125 0.0828125
1 0.321875 0.2828125 0.04921875 0.09609375
1 0.46953125 0.21875 0.05078125 0.06953125
1 0.309375 0.521875 0.053125 0.084375
1 0.11875 0.69609375 0.05078125 0.06640625
1 0.55625 0.29296875 0.053125 0.0734375
1 0.5375 0.4421875 0.05078125 0.09453125
1 0.49140625 0.43671875 0.04921875 0.0921875
1 0.525 0.52734375 0.05234375 0.08671875
1 0.56875 0.60078125 0.04375 0.0546875
1 0.7421875 0.66953125 0.0546875 0.075
1 0.4203125 0.02421875 0.034375 0.04765625
1 0.384375 0.39765625 0.03828125 0.05234375