1 0.834375 0.06875 0.065625 0.0921875
1 0.59140625 0.0703125 0.0546875 0.08671875
1 0.415625 0.19140625 0.0359375 0.07578125
1 0.378125 0.1796875 0.03359375 0.0734375
1 0.0703125 0.26484375 0.03828125 0.06796875
1 0.034375 0.271875 0.034375 0.0453125
1 0.95234375 0.36484375 0.03203125 0.065625
1 0.715625 0.33828125 0.03828125 0.06171875
1 0.675 0.33671875 0.0296875 0.0546875
1 0.628125 0.30390625 0.03203125 0.053125
1 0.68828125 0.384375 0.03828125 0.046875
1 0.69375 0.43359375 0.025 0.0375
1 0.64609375 0.478125 0.04140625 0.05703125
1 0.59921875 0.5203125 0.05703125 0.10234375
1 0.5203125 0.3953125 0.03984375 0.07578125
1 0.534375 0.45703125 0.03359375 0.03984375
1 0.54765625 0.5109375 0.04765625 0.06953125
1 0.53359375 0.56484375 0.04296875 0.04921875
1 0.4953125 0.5734375 0.05234375 0.0828125
1 0.490625 0.48046875 0.053125 0.0890625
1 0.45234375 0.42265625 0.05625 0.071875
1 0.353125 0.6265625 0.04296875 0.071875
1 0.409375 0.2734375 0.034375 0.05859375