1 0.1953125 0.028125 0.08359375 0.05546875
1 0.21640625 0.478125 0.04140625 0.05703125
1 0.1484375 0.5046875 0.0609375 0.084375
1 0.065625 0.4796875 0.04765625 0.06015625
1 0.1578125 0.59296875 0.03515625 0.0640625
1 0.221875 0.5515625 0.0484375 0.07109375
1 0.3171875 0.57265625 0.03359375 0.06484375
1 0.56640625 0.484375 0.06171875 0.08359375
1 0.63046875 0.4984375 0.065625 0.11640625
1 0.59375 0.415625 0.04921875 0.075
1 0.50859375 0.38359375 0.053125 0.06796875
1 0.72265625 0.753125 0.07578125 0.0734375
1 0.78125 0.8078125 0.06484375 0.0640625
1 0.87265625 0.8453125 0.07890625 0.1421875
1 0.1953125 0.42421875 0.03046875 0.0328125
1 0.23359375 0.2109375 0.0453125 0.04765625
1 0.0703125 0.30625 0.034375 0.05546875