1 0.80625 0.484375 0.11328125 0.12421875
1 0.68046875 0.528125 0.12265625 0.1578125
1 0.43125 0.43984375 0.13671875 0.1796875
1 0.24296875 0.4046875 0.05859375 0.08671875
1 0.56796875 0.78515625 0.090625 0.096875
1 0.5015625 0.8609375 0.1078125 0.1296875
1 0.44375 0.9640625 0.1375 0.071875
1 0.39453125 0.8671875 0.10625 0.11640625
1 0.58828125 0.96328125 0.078125 0.0734375
1 0.5953125 0.8703125 0.0703125 0.10078125
1 0.690625 0.83125 0.07421875 0.071875
1 0.98125 0.57734375 0.0375 0.05859375
1 0.903125 0.4859375 0.05234375 0.053125
1 0.9828125 0.43515625 0.0296875 0.0734375