1 0.91953125 0.59921875 0.1609375 0.1796875
1 0.7671875 0.65234375 0.14296875 0.18203125
1 0.63984375 0.7296875 0.13203125 0.17265625
1 0.94609375 0.88671875 0.1078125 0.1953125
1 0.15546875 0.3703125 0.1140625 0.125
1 0.16796875 0.234375 0.08515625 0.1203125
1 0.23203125 0.15859375 0.053125 0.11796875
1 0.37578125 0.35 0.06875 0.14375
1 0.41015625 0.53203125 0.1 0.06015625
1 0.91171875 0.0984375 0.1171875 0.16328125
1 0.77890625 0.80546875 0.0796875 0.12109375
1 0.2484375 0.45625 0.11875 0.14296875
1 0.50078125 0.678125 0.0578125 0.09609375