1 0.8140625 0.346875 0.103125 0.10546875
1 0.70625 0.4203125 0.128125 0.13984375
1 0.6890625 0.24765625 0.0609375 0.14765625
1 0.734375 0.23125 0.04453125 0.1296875
1 0.89296875 0.30546875 0.05859375 0.090625
1 0.884375 0.16328125 0.0890625 0.115625
1 0.671875 0.66015625 0.05390625 0.08046875
1 0.59375 0.66953125 0.1046875 0.0578125
1 0.53828125 0.590625 0.05234375 0.06953125
1 0.5109375 0.671875 0.07265625 0.1046875
1 0.42734375 0.73671875 0.0546875 0.06796875
1 0.18046875 0.29375 0.05703125 0.10625
1 0.17734375 0.7671875 0.04609375 0.05
1 0.1421875 0.853125 0.065625 0.08359375
1 0.91015625 0.89609375 0.04921875 0.05234375
1 0.86875 0.78515625 0.0421875 0.0484375