1 0.6734375 0.540625 0.125 0.1515625
1 0.86484375 0.41875 0.15625 0.165625
1 0.92734375 0.2203125 0.1453125 0.071875
1 0.9578125 0.328125 0.084375 0.1125
1 0.9640625 0.6484375 0.07109375 0.13671875
1 0.69609375 0.73984375 0.08046875 0.1359375
1 0.615625 0.8265625 0.10234375 0.1140625
1 0.61171875 0.71171875 0.09375 0.1203125
1 0.465625 0.7609375 0.06484375 0.084375
1 0.46875 0.89609375 0.07890625 0.12421875
1 0.315625 0.8375 0.08046875 0.10859375
1 0.225 0.8796875 0.08515625 0.10859375
1 0.21015625 0.7453125 0.0953125 0.134375
1 0.13359375 0.8453125 0.10625 0.12109375
1 0.11171875 0.6984375 0.10390625 0.146875