1 0.74765625 0.42734375 0.0640625 0.08828125
1 0.88359375 0.38984375 0.0734375 0.09453125
1 0.8796875 0.1859375 0.03515625 0.07265625
1 0.796875 0.25 0.046875 0.06328125
1 0.37578125 0.58359375 0.08984375 0.125
1 0.28125 0.6078125 0.046875 0.08984375
1 0.1140625 0.6921875 0.06796875 0.09453125
1 0.06796875 0.7453125 0.09140625 0.0890625
1 0.58828125 0.78359375 0.06953125 0.08671875
1 0.51015625 0.86015625 0.05625 0.07890625
1 0.55078125 0.90625 0.053125 0.08203125
1 0.8453125 0.7203125 0.03671875 0.075
1 0.759375 0.59921875 0.05625 0.08671875
1 0.93828125 0.1671875 0.04453125 0.08828125