1 0.0171875 0.5125 0.034375 0.10546875
1 0.0796875 0.51484375 0.07890625 0.109375
1 0.16015625 0.5609375 0.07578125 0.0796875
1 0.228125 0.34375 0.046875 0.08671875
1 0.20546875 0.26640625 0.05 0.06015625
1 0.0234375 0.27578125 0.046875 0.0984375
1 0.2875 0.4265625 0.04140625 0.0734375
1 0.35390625 0.58515625 0.059375 0.05
1 0.36015625 0.50546875 0.040625 0.04140625
1 0.33515625 0.48203125 0.02578125 0.0296875
1 0.3921875 0.40859375 0.025 0.02890625
1 0.96015625 0.64609375 0.06796875 0.0828125
1 0.97734375 0.85078125 0.0453125 0.0671875
1 0.9296875 0.8 0.0328125 0.03828125
1 0.86015625 0.76484375 0.03984375 0.04375
1 0.83046875 0.884375 0.05234375 0.065625
1 0.865625 0.5328125 0.0375 0.05546875
1 0.91875 0.5390625 0.046875 0.05859375
1 0.8359375 0.6734375 0.03203125 0.04296875
1 0.859375 0.65234375 0.025 0.0359375
1 0.715625 0.55078125 0.02734375 0.034375
1 0.74921875 0.453125 0.02265625 0.03359375
1 0.3 0.3609375 0.02578125 0.0359375
1 0.3 0.3046875 0.021875 0.02578125
1 0.34453125 0.2296875 0.0171875 0.0234375
1 0.7109375 0.4703125 0.03046875 0.028125
1 0.83125 0.5984375 0.03203125 0.05859375