1 0.8796875 0.365625 0.18515625 0.24921875
1 0.7109375 0.2984375 0.08828125 0.1734375
1 0.64765625 0.25859375 0.11171875 0.16328125
1 0.53125 0.35703125 0.0859375 0.09921875
1 0.41015625 0.4546875 0.10625 0.1609375
1 0.32734375 0.76875 0.046875 0.11171875
1 0.60390625 0.88046875 0.07109375 0.08984375
1 0.9625 0.934375 0.075 0.1015625
1 0.77421875 0.91875 0.10859375 0.0921875
1 0.40703125 0.6703125 0.05703125 0.06953125
1 0.21640625 0.19140625 0.04921875 0.05546875
1 0.26640625 0.0515625 0.05859375 0.0484375
1 0.0296875 0.94296875 0.059375 0.1109375