1 0.28828125 0.08125 0.11171875 0.15546875
1 0.7375 0.25234375 0.10390625 0.10390625
1 0.57421875 0.3109375 0.07578125 0.0921875
1 0.6640625 0.4 0.0859375 0.06796875
1 0.7359375 0.35859375 0.03203125 0.06953125
1 0.56875 0.4640625 0.11328125 0.11484375
1 0.17578125 0.340625 0.05859375 0.07734375
1 0.1671875 0.42421875 0.04609375 0.06796875
1 0.37421875 0.7171875 0.07578125 0.078125
1 0.44375 0.68125 0.05 0.0796875
1 0.58828125 0.659375 0.05703125 0.07890625
1 0.5125 0.66953125 0.08203125 0.0515625
1 0.82421875 0.8671875 0.07421875 0.06875
1 0.17890625 0.78046875 0.05390625 0.04453125
1 0.153125 0.85234375 0.06640625 0.08125