1 0.0609375 0.17890625 0.12109375 0.2375
1 0.18984375 0.23046875 0.115625 0.184375
1 0.2609375 0.378125 0.13984375 0.12109375
1 0.346875 0.49765625 0.12265625 0.171875
1 0.471875 0.50078125 0.13828125 0.2203125
1 0.63984375 0.5921875 0.1703125 0.21875
1 0.609375 0.43203125 0.11171875 0.09609375
1 0.52890625 0.72578125 0.16640625 0.190625
1 0.78515625 0.615625 0.1015625 0.19765625
1 0.87265625 0.55078125 0.07578125 0.109375
1 0.95703125 0.4515625 0.08515625 0.12421875
1 0.95703125 0.625 0.08515625 0.19765625
1 0.12890625 0.50703125 0.115625 0.12421875
1 0.60546875 0.884375 0.09296875 0.0890625