1 0.290625 0.0484375 0.103125 0.096875
1 0.278125 0.12421875 0.08125 0.0921875
1 0.1796875 0.08125 0.08828125 0.06796875
1 0.36640625 0.4953125 0.0703125 0.0875
1 0.43984375 0.5140625 0.09765625 0.0984375
1 0.4984375 0.45078125 0.08671875 0.0921875
1 0.5796875 0.428125 0.06640625 0.09921875
1 0.6515625 0.50078125 0.090625 0.125
1 0.58359375 0.52734375 0.04296875 0.07578125
1 0.5890625 0.62109375 0.0578125 0.0984375
1 0.46953125 0.67578125 0.08046875 0.08828125
1 0.58515625 0.7203125 0.03671875 0.06171875
1 0.646875 0.71171875 0.08046875 0.08828125
1 0.671875 0.61171875 0.08203125 0.09765625
1 0.74765625 0.5390625 0.046875 0.0546875
1 0.75703125 0.60703125 0.06484375 0.075
1 0.37265625 0.7796875 0.07421875 0.08203125
1 0.19609375 0.80234375 0.12578125 0.140625
1 0.09765625 0.86953125 0.103125 0.115625
1 0.15234375 0.965625 0.07421875 0.06796875
1 0.22734375 0.91328125 0.08046875 0.08671875