1 0.64765625 0.64375 0.08515625 0.1125
1 0.6453125 0.746875 0.09609375 0.10546875
1 0.7953125 0.690625 0.09765625 0.115625
1 0.72578125 0.65390625 0.059375 0.1
1 0.53984375 0.5890625 0.08203125 0.1140625
1 0.56328125 0.70546875 0.11796875 0.11875
1 0.58671875 0.7953125 0.07421875 0.08984375
1 0.46328125 0.71875 0.06171875 0.08046875
1 0.3859375 0.79140625 0.07890625 0.08125
1 0.22265625 0.69921875 0.08203125 0.07421875
1 0.21328125 0.57734375 0.13828125 0.13984375
1 0.1296875 0.509375 0.11015625 0.09921875
1 0.8734375 0.4609375 0.08828125 0.146875
1 0.68125 0.05078125 0.13046875 0.1015625
1 0.21484375 0.04140625 0.0875 0.0828125
1 0.21796875 0.19140625 0.05703125 0.09296875
1 0.13671875 0.74296875 0.065625 0.07109375
1 0.4625 0.25390625 0.0453125 0.10078125