1 0.7234375 0.24296875 0.05625 0.07109375
1 0.73359375 0.321875 0.0625 0.065625
1 0.78359375 0.41328125 0.04296875 0.0703125
1 0.66171875 0.5375 0.07421875 0.08359375
1 0.59140625 0.4796875 0.071875 0.0921875
1 0.521875 0.484375 0.07890625 0.12265625
1 0.35859375 0.46171875 0.08203125 0.04765625
1 0.5578125 0.25 0.06640625 0.05078125
1 0.81484375 0.47265625 0.03359375 0.04609375
1 0.85 0.4890625 0.0375 0.0390625
1 0.82578125 0.58359375 0.046875 0.059375
1 0.87734375 0.4 0.03984375 0.0484375
1 0.80078125 0.32421875 0.03203125 0.034375
1 0.08359375 0.7875 0.0515625 0.0890625