1 0.21015625 0.56796875 0.06875 0.0890625
1 0.284375 0.509375 0.05859375 0.0609375
1 0.32109375 0.59453125 0.0484375 0.0640625
1 0.04921875 0.45859375 0.09609375 0.1125
1 0.08828125 0.35390625 0.05078125 0.0625
1 0.05859375 0.23828125 0.06796875 0.07578125
1 0.40703125 0.61171875 0.0453125 0.05
1 0.4875 0.60859375 0.071875 0.11875
1 0.421875 0.91015625 0.1046875 0.11484375
1 0.7125 0.84921875 0.06171875 0.0953125
1 0.928125 0.96640625 0.090625 0.06640625
1 0.82890625 0.55234375 0.09140625 0.13515625
1 0.8734375 0.42265625 0.08203125 0.1109375
1 0.9640625 0.5234375 0.071875 0.15625
1 0.740625 0.521875 0.04921875 0.09375
1 0.43125 0.809375 0.0625 0.05703125
1 0.65546875 0.3421875 0.08359375 0.06640625
1 0.56171875 0.53515625 0.0359375 0.0609375