1 0.89140625 0.13671875 0.11328125 0.1171875
1 0.94140625 0.0453125 0.1015625 0.090625
1 0.90078125 0.259375 0.10078125 0.1109375
1 0.82578125 0.3109375 0.09453125 0.10703125
1 0.7703125 0.2859375 0.04140625 0.0640625
1 0.71796875 0.26875 0.05390625 0.0609375
1 0.6671875 0.4171875 0.08046875 0.13359375
1 0.61328125 0.3921875 0.08984375 0.12578125
1 0.53515625 0.39375 0.09453125 0.125
1 0.27578125 0.41484375 0.0984375 0.11796875
1 0.2671875 0.5640625 0.09765625 0.12265625
1 0.34375 0.55078125 0.06875 0.15546875
1 0.25390625 0.6296875 0.09140625 0.09453125
1 0.0578125 0.32734375 0.0671875 0.08125
1 0.07578125 0.434375 0.0609375 0.071875
1 0.5078125 0.79375 0.08203125 0.103125
1 0.56328125 0.79453125 0.059375 0.11953125
1 0.61015625 0.77890625 0.0515625 0.0953125
1 0.65078125 0.68359375 0.05859375 0.07421875
1 0.01875 0.95546875 0.0375 0.0859375
1 0.8828125 0.6375 0.0421875 0.09921875
1 0.78203125 0.9359375 0.05546875 0.0828125
1 0.93203125 0.63984375 0.03515625 0.1