1 0.93515625 0.23359375 0.065625 0.09296875
1 0.628125 0.3515625 0.05625 0.10234375
1 0.38984375 0.2015625 0.03046875 0.06953125
1 0.271875 0.0796875 0.04765625 0.071875
1 0.4984375 0.41484375 0.06171875 0.125
1 0.56328125 0.46328125 0.04921875 0.1
1 0.57578125 0.584375 0.06640625 0.11484375
1 0.0171875 0.3953125 0.03203125 0.05703125
1 0.66796875 0.79765625 0.05078125 0.090625
1 0.178125 0.87265625 0.0546875 0.0921875
1 0.240625 0.65625 0.05703125 0.08828125
1 0.5046875 0.24375 0.03046875 0.05859375
1 0.703125 0.70390625 0.03828125 0.05859375
1 0.2203125 0.58359375 0.03203125 0.04375