1 0.5203125 0.71171875 0.040625 0.071875
1 0.559375 0.6921875 0.0390625 0.071875
1 0.38515625 0.7421875 0.02890625 0.06015625
1 0.38515625 0.5765625 0.0421875 0.04140625
1 0.67421875 0.7046875 0.0421875 0.08359375
1 0.7203125 0.85859375 0.040625 0.05
1 0.19375 0.5875 0.03671875 0.03984375
1 0.2890625 0.59375 0.07578125 0.065625
1 0.20625 0.54453125 0.0390625 0.03046875
1 0.1671875 0.5203125 0.04921875 0.053125
1 0.1625 0.58515625 0.0359375 0.05
1 0.034375 0.58984375 0.03671875 0.01875
1 0.34609375 0.43125 0.04296875 0.07421875