1 0.6234375 0.32890625 0.046875 0.06484375
1 0.64375 0.39375 0.0390625 0.0796875
1 0.634375 0.45703125 0.02890625 0.046875
1 0.65 0.484375 0.02890625 0.034375
1 0.6703125 0.5515625 0.03046875 0.04921875
1 0.2671875 0.45546875 0.04140625 0.0515625
1 0.2890625 0.4078125 0.040625 0.03671875
1 0.4109375 0.45078125 0.04453125 0.06015625
1 0.93828125 0.36640625 0.028125 0.03828125
1 0.93515625 0.3296875 0.03046875 0.05390625
1 0.27890625 0.58671875 0.03828125 0.05703125
1 0.37421875 0.753125 0.03203125 0.034375
1 0.37734375 0.68984375 0.021875 0.04453125
1 0.46171875 0.54375 0.02109375 0.0421875
1 0.7390625 0.56796875 0.025 0.05546875
1 0.64375 0.54375 0.0203125 0.0421875