1 0.92734375 0.48515625 0.14453125 0.2296875
1 0.88984375 0.66484375 0.16875 0.1328125
1 0.946875 0.8140625 0.10390625 0.11796875
1 0.7359375 0.14609375 0.09296875 0.096875
1 0.6421875 0.078125 0.06953125 0.08671875
1 0.75390625 0.3140625 0.09765625 0.1015625
1 0.68828125 0.434375 0.06640625 0.090625
1 0.471875 0.08359375 0.06328125 0.08671875
1 0.43828125 0.41875 0.08125 0.10234375
1 0.34140625 0.3765625 0.06875 0.06640625
1 0.2859375 0.43359375 0.0609375 0.0734375
1 0.2953125 0.51796875 0.07578125 0.08203125
1 0.18359375 0.5125 0.0734375 0.0796875
1 0.1921875 0.43203125 0.075 0.0671875
1 0.07890625 0.4296875 0.05078125 0.06953125
1 0.25 0.64453125 0.05 0.06953125
1 0.2859375 0.6984375 0.04609375 0.05234375
1 0.3375 0.821875 0.08828125 0.09609375
1 0.06640625 0.51953125 0.05234375 0.0546875