1 0.9515625 0.6859375 0.096875 0.10625
1 0.884375 0.7640625 0.084375 0.11328125
1 0.865625 0.82890625 0.05625 0.04765625
1 0.80234375 0.771875 0.09375 0.1109375
1 0.7625 0.5453125 0.071875 0.08125
1 0.89375 0.50546875 0.04921875 0.0578125
1 0.521875 0.6953125 0.07890625 0.08828125
1 0.46640625 0.6203125 0.07421875 0.08359375
1 0.45625 0.709375 0.04921875 0.0796875
1 0.49296875 0.78203125 0.075 0.09609375
1 0.446875 0.7796875 0.0578125 0.08203125
1 0.434375 0.8296875 0.05625 0.0625
1 0.39765625 0.7609375 0.053125 0.06328125
1 0.28671875 0.80390625 0.0484375 0.05546875
1 0.2390625 0.75234375 0.0734375 0.071875
1 0.39453125 0.24140625 0.078125 0.09453125
1 0.278125 0.1125 0.03671875 0.05078125
1 0.23359375 0.42890625 0.04140625 0.04296875
1 0.96875 0.41484375 0.0578125 0.05078125