1 0.95078125 0.6890625 0.0984375 0.1078125
1 0.890625 0.753125 0.1015625 0.10625
1 0.7921875 0.7734375 0.053125 0.1
1 0.865625 0.828125 0.0625 0.059375
1 0.7625 0.540625 0.053125 0.07734375
1 0.88046875 0.496875 0.0390625 0.0484375
1 0.9640625 0.41640625 0.04609375 0.0421875
1 0.40625 0.23828125 0.0703125 0.09140625
1 0.27890625 0.10703125 0.0453125 0.05703125
1 0.86015625 0.3703125 0.03984375 0.03984375
1 0.46484375 0.61875 0.071875 0.09921875
1 0.44921875 0.77265625 0.0453125 0.05
1 0.52734375 0.6953125 0.0671875 0.0921875
1 0.44453125 0.69453125 0.046875 0.06953125
1 0.50859375 0.78203125 0.0734375 0.08984375
1 0.44296875 0.84296875 0.0703125 0.0734375
1 0.39921875 0.759375 0.05703125 0.0765625
1 0.28984375 0.80703125 0.04609375 0.06015625
1 0.240625 0.75390625 0.05546875 0.06015625
1 0.2359375 0.4265625 0.034375 0.05625
1 0.178125 0.50859375 0.03125 0.04921875
1 0.1703125 0.67109375 0.02578125 0.034375
1 0.18125 0.5609375 0.0375 0.0328125