1 0.759375 0.540625 0.09609375 0.10703125
1 0.82578125 0.47421875 0.06953125 0.084375
1 0.92265625 0.7140625 0.0890625 0.1328125
1 0.89765625 0.81484375 0.0890625 0.1046875
1 0.734375 0.78515625 0.07734375 0.103125
1 0.6109375 0.6328125 0.07890625 0.1171875
1 0.67890625 0.6453125 0.059375 0.13359375
1 0.40703125 0.7546875 0.06328125 0.06796875
1 0.34609375 0.859375 0.06171875 0.0734375
1 0.415625 0.5 0.06640625 0.07890625
1 0.359375 0.50859375 0.0484375 0.07421875
1 0.453125 0.4328125 0.06875 0.09296875
1 0.4265625 0.2921875 0.0890625 0.08984375
1 0.48828125 0.08125 0.065625 0.06796875
1 0.54296875 0.03125 0.0703125 0.0625
1 0.190625 0.3890625 0.065625 0.0703125
1 0.153125 0.44140625 0.07578125 0.059375
1 0.18515625 0.6484375 0.03203125 0.04296875
1 0.37421875 0.66484375 0.0390625 0.053125
1 0.4125 0.359375 0.06875 0.04609375