1 0.0515625 0.13359375 0.103125 0.11796875
1 0.07265625 0.303125 0.1453125 0.19765625
1 0.03984375 0.48671875 0.0796875 0.15
1 0.13828125 0.51640625 0.08203125 0.09453125
1 0.21171875 0.7375 0.11484375 0.13671875
1 0.1484375 0.87578125 0.10703125 0.12421875
1 0.26953125 0.8765625 0.0625 0.0953125
1 0.3421875 0.94296875 0.0515625 0.0828125
1 0.26953125 0.96875 0.0765625 0.0625
1 0.53984375 0.72109375 0.03671875 0.07421875
1 0.4984375 0.678125 0.040625 0.04453125
1 0.41796875 0.46953125 0.08203125 0.165625
1 0.5921875 0.546875 0.084375 0.11484375
1 0.55859375 0.63984375 0.05078125 0.0515625
1 0.603125 0.7203125 0.071875 0.103125
1 0.6484375 0.63515625 0.0703125 0.05078125
1 0.6859375 0.75703125 0.053125 0.07890625
1 0.72734375 0.67734375 0.0765625 0.0703125
1 0.76640625 0.24609375 0.059375 0.0609375