1 0.54921875 0.49375 0.11171875 0.12890625
1 0.5140625 0.5859375 0.06875 0.08125
1 0.590625 0.5875 0.0609375 0.1109375
1 0.43046875 0.653125 0.06484375 0.0828125
1 0.39609375 0.70859375 0.04609375 0.03359375
1 0.346875 0.6765625 0.04453125 0.071875
1 0.41328125 0.82421875 0.07578125 0.1
1 0.215625 0.771875 0.09375 0.09765625
1 0.95 0.075 0.1 0.14921875
1 0.7328125 0.27734375 0.0609375 0.07734375
1 0.77734375 0.0296875 0.075 0.05859375
1 0.5921875 0.284375 0.07734375 0.13125
1 0.5609375 0.3703125 0.078125 0.05546875
1 0.49921875 0.39453125 0.06015625 0.04609375
1 0.390625 0.40625 0.03828125 0.0328125
1 0.190625 0.1328125 0.06015625 0.0953125
1 0.99296875 0.50078125 0.01328125 0.0765625
1 0.0234375 0.1890625 0.046875 0.090625