1 0.08203125 0.2125 0.07578125 0.08203125
1 0.08515625 0.2921875 0.071875 0.06640625
1 0.5390625 0.15078125 0.10625 0.10234375
1 0.28984375 0.31015625 0.0890625 0.09453125
1 0.275 0.45625 0.08515625 0.0921875
1 0.25625 0.54609375 0.0671875 0.09296875
1 0.34921875 0.5328125 0.0921875 0.11640625
1 0.97109375 0.3390625 0.05703125 0.159375
1 0.55390625 0.61640625 0.0609375 0.0859375
1 0.37890625 0.3046875 0.06875 0.08671875
1 0.49453125 0.68046875 0.06328125 0.06796875
1 0.4375 0.7109375 0.075 0.0796875
1 0.5078125 0.7796875 0.08515625 0.09140625
1 0.43984375 0.803125 0.0609375 0.08515625