1 0.7578125 0.36484375 0.0796875 0.11953125
1 0.68125 0.3578125 0.08671875 0.15859375
1 0.5765625 0.34453125 0.13125 0.16875
1 0.4015625 0.2109375 0.109375 0.1265625
1 0.19765625 0.31875 0.09375 0.14296875
1 0.390625 0.453125 0.07421875 0.096875
1 0.5015625 0.47734375 0.09140625 0.07421875
1 0.68515625 0.51796875 0.06328125 0.10078125
1 0.76875 0.6875 0.13359375 0.1875
1 0.8875 0.796875 0.17109375 0.20234375
1 0.48984375 0.71875 0.1 0.1125
1 0.18203125 0.64375 0.0484375 0.09140625
1 0.41015625 0.52734375 0.05625 0.071875
1 0.0296875 0.93125 0.05859375 0.1375
1 0.0859375 0.9640625 0.06953125 0.06875