1 0.17890625 0.53828125 0.1 0.11484375
1 0.134375 0.7046875 0.07265625 0.05703125
1 0.1609375 0.74921875 0.08125 0.06171875
1 0.29140625 0.78359375 0.071875 0.07734375
1 0.19296875 0.80703125 0.07109375 0.05703125
1 0.3703125 0.72890625 0.09140625 0.109375
1 0.2953125 0.67265625 0.053125 0.059375
1 0.33984375 0.61171875 0.05234375 0.08828125
1 0.38203125 0.63828125 0.02578125 0.05703125
1 0.41953125 0.640625 0.04375 0.08828125
1 0.44140625 0.59453125 0.0296875 0.0546875
1 0.47265625 0.87421875 0.05703125 0.10703125
1 0.53359375 0.890625 0.06796875 0.10859375
1 0.596875 0.5375 0.07421875 0.0875
1 0.65 0.5046875 0.059375 0.08828125
1 0.69921875 0.4671875 0.0515625 0.06640625
1 0.7234375 0.8375 0.034375 0.04296875
1 0.8984375 0.64765625 0.05546875 0.04140625
1 0.98046875 0.70703125 0.03671875 0.03984375
1 0.74375 0.32734375 0.03359375 0.0484375
1 0.56640625 0.1359375 0.05234375 0.07109375
1 0.4390625 0.03515625 0.0421875 0.0703125
1 0.5375 0.2453125 0.0609375 0.0765625
1 0.72265625 0.0234375 0.0546875 0.046875
1 0.6796875 0.35 0.0390625 0.0640625
1 0.06640625 0.83671875 0.07890625 0.0453125