1 0.51640625 0.1078125 0.0625 0.10390625
1 0.371875 0.13984375 0.034375 0.0796875
1 0.4125 0.1328125 0.028125 0.0625
1 0.9671875 0.34609375 0.03828125 0.0546875
1 0.93515625 0.0953125 0.04140625 0.06015625
1 0.4859375 0.26640625 0.04140625 0.06640625
1 0.415625 0.3265625 0.03984375 0.05859375
1 0.3765625 0.39921875 0.06796875 0.08125
1 0.4828125 0.3984375 0.0640625 0.090625
1 0.75 0.34765625 0.04921875 0.071875
1 0.69765625 0.43671875 0.05703125 0.07890625
1 0.6953125 0.3578125 0.03359375 0.0546875
1 0.50234375 0.7125 0.053125 0.07578125
1 0.0359375 0.9578125 0.04765625 0.06796875
1 0.0359375 0.8890625 0.04765625 0.06171875
1 0.9609375 0.55078125 0.03046875 0.05078125