1 0.7140625 0.69375 0.0953125 0.12421875
1 0.64296875 0.71796875 0.07265625 0.09765625
1 0.9 0.3703125 0.11484375 0.09140625
1 0.434375 0.528125 0.06953125 0.09921875
1 0.48359375 0.75 0.05546875 0.059375
1 0.43203125 0.784375 0.08671875 0.07890625
1 0.22890625 0.6078125 0.08359375 0.08984375
1 0.1171875 0.571875 0.06484375 0.08046875
1 0.10625 0.63125 0.053125 0.065625
1 0.04375 0.6265625 0.05625 0.05546875
1 0.084375 0.54765625 0.04921875 0.0578125
1 0.07890625 0.434375 0.05625 0.06328125
1 0.36875 0.35625 0.07109375 0.075
1 0.38828125 0.28359375 0.05625 0.071875
1 0.88984375 0.2328125 0.0546875 0.05078125
1 0.4546875 0.66328125 0.0515625 0.05859375
1 0.7484375 0.33203125 0.0484375 0.04140625