1 0.51875 0.04296875 0.08515625 0.07734375
1 0.215625 0.06875 0.06953125 0.10546875
1 0.27265625 0.04453125 0.065625 0.0734375
1 0.509375 0.29375 0.06171875 0.10625
1 0.5984375 0.2984375 0.103125 0.1203125
1 0.59296875 0.4390625 0.05859375 0.09609375
1 0.6609375 0.440625 0.0484375 0.0875
1 0.8609375 0.45703125 0.06875 0.10546875
1 0.76796875 0.55078125 0.09609375 0.08828125
1 0.27265625 0.4546875 0.08046875 0.09765625
1 0.36484375 0.45546875 0.0703125 0.084375
1 0.31875 0.5203125 0.07421875 0.08359375
1 0.08203125 0.7046875 0.05390625 0.0796875
1 0.146875 0.6484375 0.06484375 0.0703125
1 0.275 0.6890625 0.10078125 0.078125
1 0.2578125 0.77421875 0.1234375 0.09609375
1 0.52734375 0.590625 0.04140625 0.0609375
1 0.5734375 0.64140625 0.0578125 0.075
1 0.65546875 0.67890625 0.06171875 0.0765625
1 0.6328125 0.7671875 0.0703125 0.0828125
1 0.68359375 0.759375 0.0484375 0.07109375
1 0.0171875 0.92578125 0.034375 0.07109375
1 0.06171875 0.9140625 0.03984375 0.0703125
1 0.853125 0.953125 0.03828125 0.05859375