1 0.4484375 0.41171875 0.09765625 0.24609375
1 0.715625 0.48125 0.07578125 0.06953125
1 0.76015625 0.70234375 0.1125 0.14375
1 0.28671875 0.82265625 0.1515625 0.14453125
1 0.60078125 0.96015625 0.19296875 0.07890625
1 0.70546875 0.9 0.1265625 0.13359375
1 0.58984375 0.86953125 0.1125 0.09453125
1 0.87734375 0.48359375 0.0796875 0.1125
1 0.59609375 0.22890625 0.09921875 0.17890625
1 0.0484375 0.50234375 0.09609375 0.16015625
1 0.98125 0.50703125 0.0375 0.13125
1 0.9546875 0.56640625 0.090625 0.06953125