1 0.63984375 0.378125 0.03984375 0.06640625
1 0.5703125 0.3890625 0.046875 0.05703125
1 0.57265625 0.56328125 0.05546875 0.090625
1 0.61015625 0.63671875 0.04765625 0.08984375
1 0.2640625 0.7703125 0.07109375 0.1296875
1 0.19296875 0.9453125 0.09296875 0.09375
1 0.0796875 0.86015625 0.0484375 0.05703125
1 0.01640625 0.41796875 0.0328125 0.11015625
1 0.50703125 0.3671875 0.05 0.0625
1 0.525 0.43125 0.04609375 0.0609375
1 0.58515625 0.32265625 0.03671875 0.08359375
1 0.31953125 0.3984375 0.03828125 0.075
1 0.64453125 0.74453125 0.05 0.10625
1 0.28671875 0.0453125 0.04453125 0.071875