1 0.5125 0.559375 0.1234375 0.1890625
1 0.603125 0.728125 0.1234375 0.190625
1 0.39609375 0.79609375 0.0828125 0.13359375
1 0.35234375 0.709375 0.05859375 0.0734375
1 0.17421875 0.56484375 0.16796875 0.2
1 0.1078125 0.63125 0.1515625 0.14140625
1 0.2453125 0.3828125 0.11796875 0.18828125
1 0.53125 0.403125 0.096875 0.12109375
1 0.63828125 0.41171875 0.09765625 0.13359375
1 0.6234375 0.534375 0.1 0.1234375
1 0.75546875 0.559375 0.0609375 0.11484375
1 0.7421875 0.69453125 0.05 0.07578125
1 0.740625 0.78125 0.0296875 0.08828125
1 0.646875 0.86171875 0.07265625 0.08359375
1 0.76875 0.81015625 0.03359375 0.07734375
1 0.9375 0.3125 0.06171875 0.11640625
1 0.79453125 0.3171875 0.0640625 0.1046875
1 0.78125 0.0875 0.090625 0.09921875
1 0.3890625 0.084375 0.10703125 0.1296875
1 0.415625 0.18828125 0.03671875 0.08203125
1 0.61015625 0.26875 0.0578125 0.071875