1 0.359375 0.77578125 0.078125 0.1109375
1 0.44375 0.77578125 0.06171875 0.08046875
1 0.42734375 0.6828125 0.0703125 0.065625
1 0.396875 0.58828125 0.06171875 0.08203125
1 0.46484375 0.55078125 0.06171875 0.08359375
1 0.45 0.4453125 0.06171875 0.07421875
1 0.6921875 0.5734375 0.06171875 0.06796875
1 0.71328125 0.51015625 0.05078125 0.0515625
1 0.640625 0.525 0.0703125 0.03671875
1 0.6328125 0.4484375 0.0953125 0.109375
1 0.7046875 0.44765625 0.02734375 0.05234375
1 0.86171875 0.32734375 0.0546875 0.0484375
1 0.82109375 0.30390625 0.03046875 0.04453125
1 0.76484375 0.5640625 0.04453125 0.053125
1 0.84453125 0.20078125 0.05 0.040625