1 0.71953125 0.390625 0.14296875 0.18671875
1 0.83203125 0.3125 0.13359375 0.16875
1 0.71875 0.12578125 0.1578125 0.190625
1 0.60546875 0.546875 0.1328125 0.1640625
1 0.72578125 0.5984375 0.1234375 0.19296875
1 0.54453125 0.78828125 0.08046875 0.1140625
1 0.44921875 0.84921875 0.071875 0.08515625
1 0.46015625 0.63828125 0.1046875 0.13828125
1 0.365625 0.7 0.06484375 0.059375
1 0.32890625 0.8328125 0.09765625 0.13359375
1 0.43203125 0.7515625 0.0796875 0.103125
1 0.09765625 0.4125 0.13671875 0.14609375
1 0.21484375 0.45234375 0.0875 0.134375