1 0.896875 0.5 0.1359375 0.10703125
1 0.88671875 0.3859375 0.09296875 0.109375
1 0.5421875 0.39375 0.10859375 0.125
1 0.39375 0.4015625 0.084375 0.1296875
1 0.46640625 0.4109375 0.04765625 0.0734375
1 0.61875 0.45859375 0.08515625 0.12109375
1 0.65390625 0.8703125 0.08046875 0.0859375
1 0.67890625 0.80078125 0.0609375 0.08984375
1 0.81484375 0.7859375 0.06796875 0.0921875
1 0.5484375 0.84921875 0.07265625 0.08515625
1 0.5359375 0.77890625 0.06328125 0.06171875
1 0.48828125 0.73203125 0.0484375 0.07578125