1 0.971875 0.1328125 0.05625 0.1109375
1 0.96015625 0.246875 0.0765625 0.10859375
1 0.81953125 0.140625 0.0578125 0.09296875
1 0.75 0.14453125 0.075 0.08671875
1 0.81484375 0.21015625 0.078125 0.07734375
1 0.5984375 0.30703125 0.07265625 0.1140625
1 0.66171875 0.29765625 0.065625 0.11875
1 0.7234375 0.325 0.0671875 0.0859375
1 0.7421875 0.41875 0.1015625 0.10078125
1 0.23671875 0.4 0.0703125 0.0828125
1 0.3515625 0.43046875 0.09375 0.10625
1 0.42890625 0.52421875 0.0703125 0.084375
1 0.515625 0.4984375 0.07890625 0.078125
1 0.484375 0.5828125 0.08828125 0.0796875
1 0.346875 0.821875 0.1 0.11640625
1 0.77890625 0.52421875 0.06796875 0.08046875