1 0.23515625 0.49609375 0.07421875 0.0734375
1 0.3953125 0.53515625 0.13125 0.15078125
1 0.6375 0.6484375 0.0484375 0.06484375
1 0.56015625 0.68828125 0.0609375 0.04921875
1 0.52734375 0.7640625 0.071875 0.0765625
1 0.59765625 0.77109375 0.04453125 0.078125
1 0.67734375 0.721875 0.08203125 0.0671875
1 0.6265625 0.5 0.04921875 0.05390625
1 0.671875 0.53828125 0.0296875 0.05546875
1 0.6984375 0.48984375 0.03359375 0.02734375
1 0.96171875 0.47265625 0.04140625 0.04140625
1 0.928125 0.44296875 0.0234375 0.02421875
1 0.1859375 0.5578125 0.02578125 0.059375
1 0.40625 0.24765625 0.04609375 0.0453125
1 0.5515625 0.10546875 0.04453125 0.03125
1 0.9703125 0.0796875 0.0359375 0.03359375
1 0.71953125 0.07890625 0.03359375 0.0390625
1 0.78359375 0.72734375 0.04375 0.021875
1 0.7640625 0.6859375 0.02734375 0.02578125