1 0.91171875 0.31328125 0.034375 0.034375
1 0.91015625 0.353125 0.028125 0.04296875
1 0.8734375 0.3296875 0.034375 0.04296875
1 0.7953125 0.334375 0.0625 0.06953125
1 0.7984375 0.3890625 0.04296875 0.03984375
1 0.89296875 0.42109375 0.03984375 0.0453125
1 0.95 0.4171875 0.03828125 0.05859375
1 0.86015625 0.44765625 0.0375 0.0453125
1 0.8796875 0.49296875 0.0546875 0.04765625
1 0.8609375 0.5359375 0.04140625 0.04765625
1 0.5703125 0.18359375 0.06796875 0.08125
1 0.5234375 0.2234375 0.06015625 0.08125
1 0.71171875 0.334375 0.04921875 0.0546875
1 0.909375 0.059375 0.04765625 0.06015625
1 0.70078125 0.3859375 0.04921875 0.06015625
1 0.540625 0.42265625 0.05703125 0.05625
1 0.45390625 0.38046875 0.046875 0.06015625
1 0.5390625 0.47265625 0.04140625 0.03046875
1 0.38515625 0.5265625 0.06640625 0.0796875
1 0.30703125 0.58359375 0.0640625 0.0921875
1 0.365625 0.609375 0.04140625 0.06171875
1 0.23828125 0.64296875 0.071875 0.05859375
1 0.31171875 0.6625 0.04375 0.053125
1 0.56484375 0.65234375 0.0703125 0.0625
1 0.52109375 0.69921875 0.071875 0.08125
1 0.59453125 0.69296875 0.05625 0.04765625
1 0.475 0.74609375 0.0546875 0.0734375
1 0.565625 0.74140625 0.034375 0.04296875
1 0.4296875 0.746875 0.06171875 0.0796875