1 0.97421875 0.47421875 0.0515625 0.0859375
1 0.9703125 0.5609375 0.05859375 0.07890625
1 0.9859375 0.6375 0.028125 0.06953125
1 0.98671875 0.82578125 0.0265625 0.065625
1 0.978125 0.87890625 0.04375 0.0640625
1 0.78046875 0.81953125 0.06015625 0.0890625
1 0.71640625 0.47421875 0.04921875 0.04921875
1 0.58984375 0.5203125 0.09453125 0.08515625
1 0.6109375 0.58828125 0.05859375 0.05703125
1 0.38828125 0.5984375 0.05078125 0.07734375
1 0.26171875 0.58984375 0.0375 0.05234375
1 0.18203125 0.425 0.07578125 0.06953125
1 0.1140625 0.38359375 0.0625 0.084375
1 0.15625 0.05859375 0.05625 0.05859375
1 0.08828125 0.46640625 0.06171875 0.06953125
1 0.0828125 0.6046875 0.06171875 0.06796875
1 0.03125 0.54765625 0.0546875 0.06171875
1 0.03046875 0.62421875 0.05625 0.075
1 0.71796875 0.8953125 0.04140625 0.04921875