1 0.509375 0.48359375 0.09140625 0.10625
1 0.52890625 0.4453125 0.05 0.0625
1 0.59140625 0.4703125 0.06171875 0.08046875
1 0.66171875 0.53515625 0.0703125 0.06484375
1 0.3671875 0.45234375 0.07890625 0.059375
1 0.078125 0.79375 0.05 0.09296875
1 0.82421875 0.571875 0.04296875 0.053125
1 0.85 0.4890625 0.0421875 0.04375
1 0.721875 0.2421875 0.04609375 0.05625
1 0.72734375 0.3078125 0.05234375 0.05859375
1 0.55859375 0.2453125 0.05546875 0.0359375
1 0.78515625 0.41328125 0.0453125 0.07265625
1 0.7421875 0.384375 0.02890625 0.04140625
1 0.7984375 0.3328125 0.0234375 0.0390625
1 0.83125 0.61796875 0.0421875 0.0453125
1 0.671875 0.97578125 0.04765625 0.04609375
1 0.884375 0.41015625 0.03515625 0.04453125
1 0.96640625 0.71171875 0.02890625 0.03515625