1 0.01875 0.07890625 0.0375 0.08515625
1 0.06875 0.1109375 0.06015625 0.06640625
1 0.1859375 0.1203125 0.10234375 0.134375
1 0.275 0.1265625 0.06953125 0.08828125
1 0.5375 0.21640625 0.09609375 0.08671875
1 0.215625 0.3515625 0.1015625 0.134375
1 0.12421875 0.43828125 0.09296875 0.0984375
1 0.19921875 0.475 0.07578125 0.07734375
1 0.10625 0.55546875 0.1 0.0890625
1 0.284375 0.634375 0.07578125 0.084375
1 0.9375 0.3953125 0.125 0.11328125
1 0.96796875 0.47109375 0.05859375 0.04140625
1 0.89453125 0.52578125 0.11171875 0.08671875
1 0.93671875 0.5984375 0.05234375 0.05859375
1 0.6625 0.515625 0.06171875 0.08125
1 0.73046875 0.53984375 0.0796875 0.07734375
1 0.78359375 0.62578125 0.11328125 0.12109375
1 0.86640625 0.6484375 0.04765625 0.07890625
1 0.74765625 0.1765625 0.05234375 0.06796875
1 0.84453125 0.2 0.03359375 0.05625
1 0.56796875 0.63359375 0.034375 0.053125
1 0.671875 0.63203125 0.09609375 0.10390625
1 0.728125 0.71953125 0.06640625 0.07890625
1 0.65703125 0.7234375 0.08671875 0.084375
1 0.5890625 0.71640625 0.06171875 0.0734375
1 0.8046875 0.74375 0.06796875 0.05625
1 0.59140625 0.81953125 0.03828125 0.0546875