1 0.51015625 0.51640625 0.06953125 0.10703125
1 0.80859375 0.67734375 0.075 0.09140625
1 0.70546875 0.45078125 0.06015625 0.07890625
1 0.39375 0.1828125 0.08984375 0.10703125
1 0.33359375 0.1890625 0.06171875 0.11484375
1 0.2734375 0.19921875 0.08125 0.1171875
1 0.24140625 0.29609375 0.0875 0.09375
1 0.1875 0.4140625 0.0953125 0.08515625
1 0.3953125 0.53203125 0.0484375 0.0890625
1 0.21328125 0.634375 0.053125 0.0625
1 0.4828125 0.4171875 0.07265625 0.03359375
1 0.54296875 0.41328125 0.08203125 0.034375