1 0.3859375 0.609375 0.09375 0.103125
1 0.3171875 0.71484375 0.1171875 0.15234375
1 0.4390625 0.7046875 0.07890625 0.10703125
1 0.33046875 0.90078125 0.12265625 0.11484375
1 0.26875 0.9390625 0.09921875 0.121875
1 0.64375 0.41171875 0.0765625 0.09609375
1 0.6875 0.40234375 0.03671875 0.0609375
1 0.7109375 0.38828125 0.02421875 0.03828125
1 0.80703125 0.4625 0.0359375 0.053125
1 0.834375 0.4234375 0.03671875 0.04921875
1 0.84609375 0.475 0.04375 0.0625
1 0.86171875 0.44375 0.0265625 0.04296875
1 0.87421875 0.49296875 0.03125 0.03984375
1 0.70703125 0.03203125 0.02734375 0.06328125
1 0.75 0.02109375 0.0625 0.0421875
1 0.8578125 0.35234375 0.02421875 0.03046875