1 0.8328125 0.55390625 0.11875 0.15078125
1 0.74765625 0.6421875 0.09765625 0.11953125
1 0.85390625 0.69765625 0.1296875 0.16171875
1 0.940625 0.6109375 0.0734375 0.1046875
1 0.596875 0.78359375 0.078125 0.0828125
1 0.73359375 0.903125 0.08046875 0.11953125
1 0.58984375 0.35703125 0.06015625 0.109375
1 0.4453125 0.27265625 0.090625 0.17578125
1 0.2 0.16484375 0.1234375 0.11484375
1 0.06015625 0.2 0.1203125 0.1890625
1 0.38203125 0.50234375 0.06015625 0.16015625
1 0.98671875 0.43125 0.0265625 0.11875
1 0.72890625 0.26328125 0.0828125 0.08203125