1 0.0359375 0.60546875 0.071875 0.12265625
1 0.07734375 0.615625 0.05859375 0.11484375
1 0.25078125 0.54765625 0.07421875 0.096875
1 0.23671875 0.6296875 0.10078125 0.1171875
1 0.42890625 0.7078125 0.08984375 0.1078125
1 0.4875 0.715625 0.046875 0.05859375
1 0.54453125 0.88359375 0.059375 0.090625
1 0.58828125 0.87109375 0.05078125 0.0921875
1 0.56484375 0.7875 0.05234375 0.06875
1 0.68828125 0.66640625 0.06484375 0.08203125
1 0.7609375 0.6359375 0.06015625 0.09140625
1 0.725 0.51171875 0.07421875 0.10390625
1 0.59375 0.54375 0.09453125 0.05078125
1 0.796875 0.38515625 0.10078125 0.11171875
1 0.08125 0.19296875 0.07734375 0.10078125
1 0.9734375 0.44921875 0.053125 0.06953125
1 0.13203125 0.84921875 0.05546875 0.04765625