1 0.30234375 0.5765625 0.0828125 0.0734375
1 0.31484375 0.6359375 0.08125 0.06015625
1 0.36953125 0.74609375 0.0671875 0.08671875
1 0.78984375 0.83125 0.09140625 0.13046875
1 0.9421875 0.940625 0.09765625 0.11875
1 0.9515625 0.8359375 0.07421875 0.08046875
1 0.725 0.66328125 0.046875 0.125
1 0.6359375 0.53046875 0.05078125 0.07265625
1 0.6484375 0.21796875 0.08046875 0.11484375
1 0.64609375 0.04453125 0.0609375 0.0890625
1 0.71171875 0.55625 0.05859375 0.04296875
1 0.7828125 0.43671875 0.0609375 0.05625
1 0.4859375 0.50703125 0.04375 0.0625
1 0.0140625 0.5671875 0.028125 0.04453125
1 0.28671875 0.45390625 0.025 0.05234375
1 0.97421875 0.29375 0.0515625 0.06875