1 0.95859375 0.24140625 0.0828125 0.08828125
1 0.39609375 0.134375 0.06640625 0.09453125
1 0.44140625 0.15078125 0.04765625 0.06953125
1 0.3765625 0.30859375 0.06015625 0.065625
1 0.31484375 0.303125 0.04765625 0.06015625
1 0.2359375 0.2828125 0.0796875 0.071875
1 0.23046875 0.49609375 0.04765625 0.1015625
1 0.30703125 0.525 0.071875 0.09765625
1 0.19375 0.30703125 0.03828125 0.03984375
1 0.2796875 0.40625 0.028125 0.03359375
1 0.3828125 0.64453125 0.0984375 0.1296875
1 0.48359375 0.62578125 0.06796875 0.084375
1 0.50234375 0.7046875 0.07578125 0.08671875
1 0.5953125 0.76015625 0.0921875 0.12265625
1 0.646875 0.865625 0.109375 0.1078125
1 0.6234375 0.25546875 0.0546875 0.0703125