1 0.71875 0.43046875 0.1203125 0.18125
1 0.778125 0.56484375 0.121875 0.1140625
1 0.64765625 0.5546875 0.0890625 0.11484375
1 0.853125 0.39375 0.07421875 0.16640625
1 0.93515625 0.434375 0.0765625 0.109375
1 0.49921875 0.25546875 0.13984375 0.1671875
1 0.32265625 0.51875 0.09609375 0.11796875
1 0.2859375 0.4109375 0.08125 0.1109375
1 0.3625 0.41640625 0.06875 0.1109375
1 0.46875 0.63515625 0.07421875 0.1
1 0.52578125 0.56640625 0.08046875 0.090625
1 0.396875 0.6265625 0.084375 0.07265625
1 0.3546875 0.7125 0.0640625 0.0890625
1 0.403125 0.734375 0.065625 0.0859375
1 0.2890625 0.6203125 0.103125 0.11328125
1 0.171875 0.628125 0.0875 0.11328125
1 0.06875 0.61328125 0.07890625 0.109375
1 0.06328125 0.265625 0.1 0.09765625
1 0.16796875 0.51484375 0.04765625 0.078125