1 0.76171875 0.05859375 0.1234375 0.1171875
1 0.8125 0.22578125 0.10546875 0.1390625
1 0.74765625 0.3328125 0.10859375 0.12734375
1 0.72109375 0.2546875 0.09453125 0.08671875
1 0.93984375 0.309375 0.08359375 0.08828125
1 0.8265625 0.5296875 0.0578125 0.0671875
1 0.809375 0.69765625 0.09453125 0.11328125
1 0.65625 0.6890625 0.06328125 0.1015625
1 0.67578125 0.81953125 0.071875 0.07734375
1 0.44296875 0.7140625 0.05546875 0.08984375
1 0.5015625 0.83671875 0.04296875 0.0640625
1 0.565625 0.89140625 0.06875 0.084375
1 0.375 0.80625 0.04296875 0.03828125
1 0.1859375 0.6921875 0.0921875 0.1078125
1 0.04765625 0.53828125 0.0734375 0.10546875
1 0.00859375 0.6015625 0.0171875 0.06875
1 0.03203125 0.6421875 0.046875 0.10078125
1 0.23203125 0.4109375 0.08125 0.0875
1 0.35078125 0.37734375 0.065625 0.10390625
1 0.5375 0.32578125 0.0390625 0.08125
1 0.16953125 0.415625 0.05 0.04296875
1 0.10078125 0.4125 0.090625 0.090625
1 0.0984375 0.15546875 0.07265625 0.10078125
1 0.18828125 0.178125 0.05703125 0.07109375
1 0.3875 0.73203125 0.04140625 0.05390625