1 0.58046875 0.38359375 0.04609375 0.07734375
1 0.59765625 0.42734375 0.03828125 0.05234375
1 0.4015625 0.3875 0.03515625 0.05859375
1 0.41484375 0.41796875 0.03984375 0.06015625
1 0.37109375 0.40625 0.04375 0.0484375
1 0.16640625 0.41484375 0.0546875 0.08671875
1 0.18515625 0.4953125 0.0546875 0.0765625
1 0.24921875 0.58515625 0.02421875 0.053125
1 0.12421875 0.33984375 0.05625 0.0796875
1 0.7859375 0.303125 0.0515625 0.07109375
1 0.72578125 0.23359375 0.03203125 0.0390625
1 0.66875 0.25859375 0.01953125 0.034375
1 0.98125 0.39453125 0.0375 0.07265625
1 0.54140625 0.26171875 0.03828125 0.0515625
1 0.32421875 0.8109375 0.025 0.04140625
1 0.66953125 0.51640625 0.02109375 0.06484375