1 0.240625 0.5328125 0.03984375 0.046875
1 0.25703125 0.5890625 0.04140625 0.04375
1 0.1703125 0.48359375 0.0703125 0.05390625
1 0.14140625 0.41875 0.06171875 0.05
1 0.09453125 0.3265625 0.040625 0.0453125
1 0.05859375 0.35625 0.02421875 0.034375
1 0.01328125 0.325 0.0234375 0.04609375
1 0.1953125 0.3234375 0.065625 0.07578125
1 0.5765625 0.4171875 0.06953125 0.0953125
1 0.65859375 0.2875 0.0875 0.12265625
1 0.6828125 0.16015625 0.075 0.09296875
1 0.65234375 0.6859375 0.08125 0.084375
1 0.71640625 0.73046875 0.03125 0.05390625
1 0.775 0.75078125 0.03984375 0.0640625
1 0.734375 0.7890625 0.03125 0.03671875
1 0.8140625 0.503125 0.05625 0.08046875
1 0.95078125 0.46640625 0.06484375 0.0828125
1 0.8203125 0.2734375 0.06953125 0.075
1 0.95234375 0.2703125 0.06953125 0.10703125