1 0.715625 0.5359375 0.08125 0.11171875
1 0.77265625 0.64296875 0.1078125 0.128125
1 0.6796875 0.63515625 0.084375 0.08125
1 0.25703125 0.34765625 0.07890625 0.09296875
1 0.1703125 0.375 0.08828125 0.09609375
1 0.08515625 0.4703125 0.0984375 0.11328125
1 0.20078125 0.50390625 0.08125 0.10703125
1 0.15 0.5671875 0.0546875 0.0625
1 0.07578125 0.5890625 0.09609375 0.109375
1 0.1296875 0.68671875 0.0796875 0.0984375
1 0.27421875 0.6484375 0.05703125 0.07578125
1 0.2203125 0.72265625 0.075 0.0796875
1 0.20390625 0.896875 0.06640625 0.065625
1 0.2203125 0.83828125 0.05703125 0.053125
1 0.05234375 0.746875 0.05234375 0.08515625