1 0.87265625 0.0609375 0.10703125 0.10234375
1 0.8734375 0.14921875 0.08984375 0.05
1 0.7671875 0.103125 0.09453125 0.0875
1 0.775 0.18984375 0.0640625 0.0703125
1 0.8875 0.525 0.0640625 0.08203125
1 0.96640625 0.5890625 0.06640625 0.1375
1 0.96953125 0.78046875 0.0609375 0.1203125
1 0.88359375 0.7890625 0.08359375 0.09453125
1 0.81328125 0.7421875 0.0484375 0.05078125
1 0.6484375 0.80859375 0.12421875 0.08203125
1 0.7453125 0.76171875 0.046875 0.08203125
1 0.67890625 0.70859375 0.07890625 0.11796875
1 0.60703125 0.70390625 0.0546875 0.115625
1 0.46953125 0.6890625 0.075 0.096875
1 0.459375 0.553125 0.08828125 0.0875
1 0.38125 0.71875 0.053125 0.04609375
1 0.36875 0.6265625 0.08671875 0.10546875
1 0.071875 0.41328125 0.04453125 0.059375
1 0.12421875 0.38828125 0.05078125 0.06328125
1 0.07421875 0.35859375 0.0234375 0.02734375
1 0.0609375 0.2859375 0.053125 0.03671875
1 0.08671875 0.23828125 0.04453125 0.04609375
1 0.025 0.2484375 0.04921875 0.046875
1 0.24296875 0.27734375 0.0515625 0.06640625
1 0.3015625 0.25546875 0.05078125 0.0609375
1 0.24609375 0.15 0.04921875 0.05859375
1 0.271875 0.09921875 0.03359375 0.034375
1 0.26015625 0.53984375 0.0515625 0.05390625
1 0.31953125 0.5171875 0.03671875 0.04296875