1 0.51328125 0.25859375 0.0984375 0.109375
1 0.44765625 0.4578125 0.10625 0.12421875
1 0.35 0.41328125 0.0765625 0.10390625
1 0.346875 0.24296875 0.05859375 0.09921875
1 0.31328125 0.51953125 0.0921875 0.13046875
1 0.309375 0.63984375 0.0859375 0.11484375
1 0.2359375 0.62109375 0.09296875 0.1203125
1 0.19453125 0.928125 0.09609375 0.12109375
1 0.44921875 0.921875 0.071875 0.109375
1 0.52265625 0.96484375 0.0796875 0.065625
1 0.60703125 0.9640625 0.0796875 0.071875
1 0.91953125 0.96796875 0.0640625 0.0640625
1 0.971875 0.959375 0.05625 0.06171875
1 0.94453125 0.92421875 0.0546875 0.05
1 0.86484375 0.91875 0.07109375 0.09609375
1 0.86328125 0.81875 0.046875 0.078125
1 0.91953125 0.64296875 0.07421875 0.084375
1 0.96796875 0.521875 0.0640625 0.10859375
1 0.990625 0.61953125 0.01875 0.06328125
1 0.99296875 0.7 0.01328125 0.0859375
1 0.5734375 0.68203125 0.0859375 0.10859375
1 0.6375 0.6078125 0.05859375 0.09375
1 0.57109375 0.5890625 0.08515625 0.09921875