1 0.6375 0.153125 0.0703125 0.08671875
1 0.58828125 0.1921875 0.046875 0.0671875
1 0.4921875 0.08671875 0.0546875 0.05703125
1 0.68203125 0.26328125 0.03984375 0.08046875
1 0.7328125 0.409375 0.04765625 0.084375
1 0.49921875 0.34375 0.04296875 0.0375
1 0.44375 0.478125 0.05703125 0.0609375
1 0.35 0.5234375 0.03828125 0.06328125
1 0.3609375 0.5640625 0.04609375 0.05625
1 0.396875 0.5375 0.02890625 0.04765625
1 0.3234375 0.5484375 0.02421875 0.0515625
1 0.55390625 0.68828125 0.04453125 0.06796875
1 0.628125 0.70859375 0.0734375 0.078125
1 0.6984375 0.67734375 0.07734375 0.08671875
1 0.7484375 0.7203125 0.07890625 0.08046875
1 0.41875 0.871875 0.0421875 0.03984375
1 0.3828125 0.884375 0.03125 0.04765625
1 0.984375 0.35234375 0.03125 0.0765625
1 0.9578125 0.39375 0.05 0.07421875
1 0.31875 0.48515625 0.0515625 0.05859375