1 0.47734375 0.59453125 0.128125 0.17421875
1 0.38046875 0.61796875 0.09375 0.13046875
1 0.44375 0.77265625 0.13515625 0.17265625
1 0.53359375 0.7375 0.0640625 0.14453125
1 0.6953125 0.490625 0.0890625 0.09453125
1 0.790625 0.40390625 0.06171875 0.11796875
1 0.4171875 0.4421875 0.109375 0.12421875
1 0.32890625 0.47890625 0.09765625 0.13515625
1 0.1359375 0.68515625 0.1015625 0.09921875
1 0.67734375 0.9578125 0.165625 0.084375
1 0.9546875 0.09609375 0.090625 0.09921875
1 0.97578125 0.42109375 0.04765625 0.15234375