1 0.57734375 0.3515625 0.0890625 0.1140625
1 0.671875 0.390625 0.12265625 0.14921875
1 0.38984375 0.41953125 0.0859375 0.128125
1 0.55859375 0.58359375 0.109375 0.14140625
1 0.5 0.60390625 0.0828125 0.11171875
1 0.4625 0.70546875 0.09765625 0.17734375
1 0.49765625 0.79140625 0.078125 0.0984375
1 0.46484375 0.9 0.0921875 0.1125
1 0.70859375 0.7171875 0.0625 0.078125
1 0.71328125 0.64765625 0.0828125 0.109375
1 0.80390625 0.65390625 0.0828125 0.11640625
1 0.7828125 0.7421875 0.09453125 0.11171875
1 0.6828125 0.79765625 0.03828125 0.04765625
1 0.06875 0.80625 0.04765625 0.05390625
1 0.94140625 0.3765625 0.09140625 0.090625