1 0.30390625 0.778125 0.0734375 0.10390625
1 0.3515625 0.82734375 0.0734375 0.10078125
1 0.2671875 0.88671875 0.09765625 0.11875
1 0.2125 0.95234375 0.084375 0.0953125
1 0.27890625 0.6890625 0.040625 0.0703125
1 0.1015625 0.4296875 0.09140625 0.09453125
1 0.1140625 0.34375 0.0671875 0.08203125
1 0.70390625 0.4875 0.0421875 0.04453125
1 0.42734375 0.3796875 0.04453125 0.0640625
1 0.79765625 0.23203125 0.0484375 0.0671875
1 0.95625 0.12578125 0.03515625 0.046875
1 0.43515625 0.24140625 0.04296875 0.06484375