1 0.1640625 0.08203125 0.09609375 0.08359375
1 0.29296875 0.046875 0.11328125 0.078125
1 0.284375 0.13828125 0.0921875 0.08828125
1 0.35625 0.47890625 0.065625 0.08046875
1 0.42734375 0.51171875 0.0546875 0.09375
1 0.48984375 0.44921875 0.0578125 0.0671875
1 0.57578125 0.43671875 0.0578125 0.09140625
1 0.646875 0.5015625 0.07578125 0.1078125
1 0.75390625 0.47265625 0.06328125 0.05
1 0.75234375 0.53828125 0.06875 0.05546875
1 0.7609375 0.6046875 0.0515625 0.0609375
1 0.6828125 0.62578125 0.0859375 0.10390625
1 0.59375 0.6203125 0.07578125 0.1
1 0.58046875 0.71484375 0.06328125 0.0625
1 0.6546875 0.71640625 0.07578125 0.06484375
1 0.48125 0.67578125 0.1125 0.0828125
1 0.37421875 0.784375 0.06640625 0.0671875
1 0.09921875 0.87109375 0.08359375 0.12578125
1 0.1890625 0.79375 0.09609375 0.1203125
1 0.15625 0.9703125 0.06640625 0.05859375
1 0.225 0.91015625 0.0609375 0.07109375