1 0.325 0.71484375 0.06796875 0.1015625
1 0.43828125 0.534375 0.0453125 0.0703125
1 0.39921875 0.42734375 0.09765625 0.10546875
1 0.4828125 0.45703125 0.05234375 0.07734375
1 0.5609375 0.45390625 0.04765625 0.0625
1 0.61171875 0.59140625 0.0609375 0.065625
1 0.59453125 0.53359375 0.03203125 0.03046875
1 0.69609375 0.6421875 0.06484375 0.115625
1 0.71875 0.52890625 0.0625 0.071875
1 0.71875 0.4140625 0.1765625 0.1328125
1 0.36171875 0.971875 0.2046875 0.05625
1 0.56796875 0.8859375 0.07109375 0.06015625
1 0.51171875 0.846875 0.0265625 0.0609375
1 0.80703125 0.55 0.06328125 0.07890625
1 0.85703125 0.4328125 0.06484375 0.05078125
1 0.825 0.35625 0.0296875 0.04453125
1 0.93984375 0.44609375 0.03046875 0.05859375
1 0.87890625 0.515625 0.02109375 0.02109375