1 0.7578125 0.1796875 0.05703125 0.09296875
1 0.4921875 0.25546875 0.06171875 0.134375
1 0.4 0.04296875 0.04296875 0.065625
1 0.19296875 0.334375 0.05234375 0.0703125
1 0.25078125 0.428125 0.05859375 0.10390625
1 0.378125 0.45703125 0.05703125 0.1296875
1 0.43046875 0.47109375 0.0375 0.10546875
1 0.51484375 0.54296875 0.06953125 0.15078125
1 0.571875 0.49765625 0.0453125 0.09296875
1 0.6140625 0.34453125 0.05234375 0.0546875
1 0.61875 0.43125 0.071875 0.11328125
1 0.6546875 0.5484375 0.06953125 0.0890625
1 0.74296875 0.59921875 0.06171875 0.115625
1 0.8015625 0.5578125 0.0453125 0.07578125
1 0.86484375 0.56171875 0.046875 0.06796875
1 0.82265625 0.65625 0.06953125 0.1171875
1 0.9359375 0.7703125 0.053125 0.0703125
1 0.98046875 0.8984375 0.0359375 0.06171875
1 0.98359375 0.953125 0.0328125 0.0375
1 0.32734375 0.8703125 0.0703125 0.1359375
1 0.9828125 0.35625 0.034375 0.04375