1 0.3015625 0.7515625 0.0921875 0.13203125
1 0.28515625 0.6328125 0.090625 0.09453125
1 0.1015625 0.703125 0.0828125 0.12890625
1 0.16875 0.7125 0.0484375 0.0734375
1 0.04375 0.803125 0.0875 0.134375
1 0.09140625 0.8359375 0.08046875 0.07578125
1 0.1453125 0.92109375 0.134375 0.121875
1 0.15078125 0.83515625 0.1140625 0.08359375
1 0.2703125 0.9390625 0.05546875 0.08046875
1 0.3359375 0.88203125 0.04453125 0.08359375
1 0.54765625 0.61640625 0.0375 0.0453125
1 0.7703125 0.05546875 0.04765625 0.078125
1 0.725 0.584375 0.0375 0.05546875
1 0.76171875 0.62578125 0.03515625 0.04609375
1 0.74921875 0.66484375 0.0578125 0.06171875
1 0.77265625 0.73203125 0.0390625 0.05390625
1 0.8015625 0.73515625 0.0171875 0.0546875
1 0.690625 0.75 0.06171875 0.0671875
1 0.85234375 0.61875 0.03828125 0.0671875
1 0.80234375 0.6 0.03515625 0.05234375
1 0.834375 0.33515625 0.03828125 0.05546875
1 0.60859375 0.35 0.04765625 0.06796875