1 0.64375 0.46875 0.07734375 0.115625
1 0.5625 0.52109375 0.09296875 0.0828125
1 0.51640625 0.44296875 0.0625 0.0453125
1 0.0265625 0.33671875 0.053125 0.0625
1 0.07421875 0.321875 0.04140625 0.05703125
1 0.55234375 0.60859375 0.06640625 0.09453125
1 0.4734375 0.58203125 0.05078125 0.06796875
1 0.6515625 0.86484375 0.08671875 0.0890625
1 0.5109375 0.74375 0.04296875 0.06640625
1 0.61171875 0.9671875 0.09296875 0.05703125
1 0.75234375 0.85625 0.071875 0.06171875
1 0.1921875 0.3828125 0.0453125 0.071875