1 0.40234375 0.71328125 0.084375 0.11328125
1 0.47734375 0.73046875 0.05390625 0.06640625
1 0.57578125 0.81953125 0.06875 0.1125
1 0.6703125 0.80859375 0.02890625 0.046875
1 0.71484375 0.7796875 0.05390625 0.08046875
1 0.896875 0.5625 0.05078125 0.071875
1 0.946875 0.53125 0.05390625 0.04765625
1 0.9328125 0.459375 0.07421875 0.0796875
1 0.58203125 0.4453125 0.04921875 0.05625
1 0.46484375 0.475 0.0546875 0.07890625
1 0.51015625 0.43671875 0.0328125 0.07109375
1 0.4609375 0.140625 0.05234375 0.0546875
1 0.53046875 0.17734375 0.03203125 0.0328125
1 0.3578125 0.27734375 0.0328125 0.078125
1 0.35703125 0.5921875 0.04765625 0.0671875
1 0.3328125 0.4984375 0.03125 0.03984375
1 0.1421875 0.7 0.04453125 0.06484375
1 0.1390625 0.64921875 0.02734375 0.0375