1 0.7109375 0.38671875 0.11953125 0.13203125
1 0.790625 0.5015625 0.071875 0.11484375
1 0.5765625 0.47734375 0.0765625 0.1109375
1 0.459375 0.5390625 0.12421875 0.12109375
1 0.46171875 0.65 0.09609375 0.09375
1 0.36015625 0.66171875 0.096875 0.1421875
1 0.365625 0.7765625 0.07578125 0.0796875
1 0.25078125 0.546875 0.0859375 0.1265625
1 0.06484375 0.2078125 0.1078125 0.11484375
1 0.32109375 0.13515625 0.08671875 0.09296875
1 0.57578125 0.04453125 0.0921875 0.0890625
1 0.61875 0.1265625 0.02109375 0.11328125
1 0.01640625 0.33515625 0.0328125 0.07578125
1 0.10625 0.353125 0.08515625 0.053125
1 0.02265625 0.53515625 0.0453125 0.10234375
1 0.46953125 0.9078125 0.0859375 0.11171875
1 0.6046875 0.928125 0.07265625 0.1046875
1 0.5625 0.98046875 0.07421875 0.0390625
1 0.54921875 0.9109375 0.053125 0.1078125
1 0.89609375 0.46953125 0.0484375 0.0890625
1 0.91640625 0.32578125 0.05703125 0.0796875
1 0.090625 0.95390625 0.03203125 0.05
1 0.19375 0.68828125 0.03046875 0.06796875