1 0.52421875 0.509375 0.0890625 0.14296875
1 0.58671875 0.56796875 0.0640625 0.13125
1 0.74453125 0.65390625 0.065625 0.09609375
1 0.70390625 0.76484375 0.04765625 0.1203125
1 0.8734375 0.65546875 0.05703125 0.05546875
1 0.903125 0.58203125 0.05234375 0.0734375
1 0.2328125 0.50625 0.065625 0.09375
1 0.23984375 0.41796875 0.05390625 0.0875
1 0.3015625 0.42265625 0.05390625 0.0703125
1 0.29609375 0.48828125 0.05390625 0.08984375
1 0.02265625 0.5671875 0.034375 0.1234375
1 0.18125 0.2703125 0.05859375 0.0796875
1 0.11953125 0.25 0.06328125 0.065625
1 0.2296875 0.2046875 0.04375 0.0765625
1 0.70078125 0.90546875 0.0578125 0.07109375
1 0.59765625 0.68203125 0.03828125 0.0984375
1 0.94296875 0.934375 0.0453125 0.075