1 0.0328125 0.16640625 0.0578125 0.1109375
1 0.075 0.121875 0.05859375 0.109375
1 0.12734375 0.17734375 0.0484375 0.0828125
1 0.25859375 0.15234375 0.084375 0.11171875
1 0.28359375 0.53359375 0.0796875 0.13828125
1 0.38203125 0.44765625 0.04765625 0.071875
1 0.36484375 0.5578125 0.0890625 0.08984375
1 0.44765625 0.56015625 0.0609375 0.0640625
1 0.46953125 0.52265625 0.03515625 0.0203125
1 0.58125 0.4359375 0.03046875 0.05625
1 0.63046875 0.4234375 0.01953125 0.03515625
1 0.67578125 0.446875 0.05234375 0.08125
1 0.63203125 0.52578125 0.06875 0.10234375
1 0.34296875 0.6609375 0.06875 0.0828125
1 0.49453125 0.65390625 0.0453125 0.06171875
1 0.5421875 0.7171875 0.06328125 0.08203125
1 0.70625 0.53828125 0.0453125 0.065625