1 0.153125 0.128125 0.03984375 0.08359375
1 0.3875 0.07890625 0.10078125 0.121875
1 0.4546875 0.18125 0.0609375 0.06875
1 0.46484375 0.27578125 0.0921875 0.1125
1 0.57421875 0.20859375 0.1 0.11875
1 0.5234375 0.1171875 0.0640625 0.04453125
1 0.73828125 0.0578125 0.0453125 0.065625
1 0.6375 0.31484375 0.0828125 0.08828125
1 0.59453125 0.39296875 0.08359375 0.05390625
1 0.43515625 0.421875 0.06328125 0.08125
1 0.284375 0.56640625 0.06640625 0.115625
1 0.5421875 0.60234375 0.08671875 0.10234375
1 0.5765625 0.50859375 0.05546875 0.0671875
1 0.6859375 0.5671875 0.0890625 0.10859375
1 0.74453125 0.84453125 0.109375 0.09921875
1 0.71328125 0.77734375 0.046875 0.02265625
1 0.80625 0.77265625 0.03515625 0.03203125
1 0.796875 0.71328125 0.03515625 0.0625
1 0.903125 0.7 0.04609375 0.05546875
1 0.965625 0.8015625 0.0640625 0.06328125
1 0.98203125 0.61328125 0.0359375 0.0375
1 0.82421875 0.5953125 0.08359375 0.096875
1 0.815625 0.5203125 0.03828125 0.03046875
1 0.83359375 0.46328125 0.04453125 0.065625
1 0.80546875 0.2671875 0.03359375 0.04609375
1 0.759375 0.29453125 0.02890625 0.03671875
1 0.0359375 0.25546875 0.071875 0.1078125