1 0.2953125 0.4984375 0.0609375 0.1109375
1 0.2921875 0.36796875 0.06953125 0.1296875
1 0.23984375 0.240625 0.07109375 0.12109375
1 0.31875 0.25078125 0.07265625 0.1046875
1 0.28046875 0.58984375 0.05859375 0.09296875
1 0.3109375 0.65390625 0.04453125 0.115625
1 0.33515625 0.59765625 0.06171875 0.11875
1 0.35078125 0.74296875 0.053125 0.08984375
1 0.434375 0.78359375 0.05625 0.15234375
1 0.59296875 0.8421875 0.0625 0.12265625
1 0.58671875 0.7265625 0.0359375 0.09140625
1 0.27421875 0.8671875 0.05078125 0.1109375
1 0.8515625 0.4171875 0.05 0.06328125
1 0.8203125 0.3671875 0.03515625 0.04921875
1 0.6046875 0.3390625 0.04921875 0.08046875
1 0.65234375 0.38984375 0.04140625 0.08125
1 0.77578125 0.2515625 0.03984375 0.0796875
1 0.8125 0.19140625 0.034375 0.0484375
1 0.878125 0.3171875 0.03203125 0.059375
1 0.9078125 0.28203125 0.03359375 0.078125
1 0.55390625 0.15234375 0.040625 0.05859375