1 0.78984375 0.09375 0.08984375 0.103125
1 0.51796875 0.1640625 0.08359375 0.125
1 0.39140625 0.08203125 0.10546875 0.11796875
1 0.4046875 0.2015625 0.096875 0.1046875
1 0.2390625 0.36953125 0.1578125 0.2015625
1 0.14765625 0.59375 0.23046875 0.234375
1 0.57265625 0.478125 0.22421875 0.2859375
1 0.60390625 0.73125 0.11875 0.18203125
1 0.39765625 0.77890625 0.1328125 0.196875
1 0.71640625 0.76015625 0.08359375 0.12109375
1 0.65 0.87890625 0.10703125 0.08828125
1 0.77265625 0.58203125 0.075 0.14609375
1 0.8078125 0.30859375 0.08046875 0.11015625
1 0.60234375 0.2828125 0.1109375 0.08203125
1 0.93125 0.3078125 0.06484375 0.08125
1 0.8828125 0.4125 0.06171875 0.06953125
1 0.97421875 0.4015625 0.0515625 0.09765625
1 0.7796875 0.81328125 0.02734375 0.05703125