1 0.65 0.6359375 0.1046875 0.12890625
1 0.85703125 0.340625 0.12421875 0.18359375
1 0.57109375 0.46484375 0.04375 0.08515625
1 0.51171875 0.73125 0.07421875 0.08515625
1 0.40234375 0.71640625 0.06328125 0.0765625
1 0.53203125 0.9546875 0.0671875 0.078125
1 0.74453125 0.96953125 0.134375 0.06015625
1 0.71953125 0.86796875 0.10546875 0.1078125
1 0.7203125 0.31953125 0.053125 0.1140625
1 0.25703125 0.321875 0.05 0.05
1 0.2765625 0.55625 0.05234375 0.0765625
1 0.29921875 0.696875 0.0484375 0.08515625
1 0.24609375 0.68203125 0.04453125 0.04453125
1 0.1453125 0.753125 0.03515625 0.02734375
1 0.1296875 0.7703125 0.03515625 0.040625
1 0.13828125 0.70390625 0.0359375 0.06171875
1 0.24453125 0.60390625 0.04140625 0.059375
1 0.3046875 0.48203125 0.06484375 0.08203125
1 0.46015625 0.50078125 0.071875 0.0984375
1 0.4546875 0.42109375 0.06171875 0.0359375
1 0.33515625 0.55234375 0.06171875 0.078125
1 0.23671875 0.4625 0.03046875 0.053125