1 0.68125 0.540625 0.109375 0.14140625
1 0.8671875 0.421875 0.15078125 0.14765625
1 0.94140625 0.271875 0.1171875 0.16796875
1 0.96875 0.65078125 0.0625 0.1328125
1 0.69453125 0.734375 0.0828125 0.12734375
1 0.1 0.68125 0.0984375 0.1234375
1 0.2 0.74296875 0.1171875 0.134375
1 0.1390625 0.8390625 0.10234375 0.11875
1 0.2265625 0.88203125 0.07421875 0.125
1 0.61796875 0.82421875 0.1 0.1109375
1 0.46953125 0.75078125 0.07578125 0.0765625
1 0.4765625 0.88984375 0.07265625 0.11328125
1 0.3078125 0.84296875 0.0765625 0.08359375
1 0.58359375 0.70390625 0.053125 0.078125