1 0.703125 0.4375 0.10234375 0.1203125
1 0.60234375 0.4296875 0.065625 0.11171875
1 0.75078125 0.2390625 0.09609375 0.115625
1 0.21796875 0.45703125 0.0625 0.075
1 0.30390625 0.51796875 0.06640625 0.0703125
1 0.25703125 0.5578125 0.046875 0.046875
1 0.284375 0.76640625 0.07578125 0.1015625
1 0.9 0.68046875 0.0828125 0.115625
1 0.8203125 0.71171875 0.08671875 0.11328125
1 0.7796875 0.6296875 0.046875 0.05625
1 0.45625 0.98125 0.05078125 0.03203125
1 0.25 0.9828125 0.0921875 0.034375
1 0.05703125 0.67109375 0.07578125 0.08671875
1 0.90703125 0.84375 0.08515625 0.0984375
1 0.9765625 0.8625 0.046875 0.13046875
1 0.9796875 0.71875 0.03984375 0.10703125
1 0.79765625 0.428125 0.06640625 0.0640625
1 0.84296875 0.4859375 0.0640625 0.065625