1 0.66640625 0.60234375 0.175 0.22109375
1 0.8234375 0.63828125 0.10546875 0.1109375
1 0.78359375 0.72578125 0.16484375 0.10625
1 0.77890625 0.88984375 0.23984375 0.2203125
1 0.31328125 0.65625 0.071875 0.10546875
1 0.2421875 0.48828125 0.1171875 0.12734375
1 0.19453125 0.61953125 0.1109375 0.12734375
1 0.0875 0.53828125 0.0578125 0.09296875
1 0.35703125 0.18515625 0.096875 0.13359375
1 0.5984375 0.04453125 0.0875 0.0890625
1 0.6328125 0.07734375 0.09765625 0.14765625
1 0.82109375 0.16953125 0.084375 0.11328125
1 0.903125 0.11796875 0.07890625 0.12109375