1 0.39375 0.075 0.0734375 0.07890625
1 0.95390625 0.2234375 0.0921875 0.10234375
1 0.89296875 0.2515625 0.04921875 0.07578125
1 0.3015625 0.24609375 0.075 0.11328125
1 0.38828125 0.2703125 0.071875 0.09609375
1 0.9671875 0.36953125 0.065625 0.11171875
1 0.93984375 0.47734375 0.10703125 0.12265625
1 0.884375 0.39765625 0.08828125 0.115625
1 0.703125 0.43203125 0.084375 0.0984375
1 0.6296875 0.4796875 0.0984375 0.115625
1 0.54609375 0.465625 0.09453125 0.1
1 0.384375 0.49765625 0.0640625 0.08671875
1 0.27265625 0.4859375 0.09453125 0.11328125
1 0.22734375 0.59453125 0.084375 0.08828125
1 0.16171875 0.653125 0.0921875 0.0984375
1 0.04453125 0.65390625 0.0734375 0.10234375
1 0.1671875 0.7296875 0.10546875 0.0703125
1 0.3203125 0.775 0.090625 0.12265625
1 0.59609375 0.61171875 0.07734375 0.08828125
1 0.95625 0.6546875 0.0875 0.09375
1 0.9390625 0.81171875 0.10234375 0.11484375
1 0.83984375 0.74375 0.0796875 0.090625
1 0.759375 0.81796875 0.0625 0.0703125
1 0.76484375 0.934375 0.0546875 0.07734375
1 0.55625 0.8109375 0.07734375 0.075
1 0.4890625 0.878125 0.09296875 0.115625
1 0.5578125 0.9296875 0.0625 0.07890625
1 0.66171875 0.9734375 0.06796875 0.053125