1 0.4875 0.440625 0.06796875 0.08984375
1 0.43671875 0.5125 0.0671875 0.0890625
1 0.3828125 0.43984375 0.0453125 0.08359375
1 0.44140625 0.18203125 0.08203125 0.090625
1 0.4515625 0.10078125 0.0609375 0.0828125
1 0.47265625 0.05625 0.04375 0.0671875
1 0.14765625 0.6703125 0.05078125 0.06953125
1 0.83359375 0.871875 0.078125 0.09375
1 0.7390625 0.546875 0.028125 0.040625
1 0.2921875 0.95390625 0.0453125 0.06015625
1 0.11171875 0.578125 0.03671875 0.05
1 0.8421875 0.709375 0.04140625 0.05703125
1 0.65390625 0.790625 0.03828125 0.0484375
1 0.475 0.6328125 0.03828125 0.06328125
1 0.18828125 0.73515625 0.03515625 0.04375