1 0.4890625 0.68125 0.0484375 0.09453125
1 0.51953125 0.75234375 0.0515625 0.06796875
1 0.55546875 0.7078125 0.053125 0.08984375
1 0.54375 0.625 0.0515625 0.08984375
1 0.65703125 0.546875 0.0515625 0.05234375
1 0.69453125 0.5890625 0.05625 0.05625
1 0.6984375 0.52578125 0.03671875 0.08125
1 0.74609375 0.58125 0.0515625 0.071875
1 0.76015625 0.51171875 0.0671875 0.08046875
1 0.75234375 0.4203125 0.0515625 0.0703125
1 0.81640625 0.4375 0.0328125 0.0515625
1 0.73984375 0.36640625 0.04375 0.0609375
1 0.68671875 0.39140625 0.053125 0.06953125
1 0.6546875 0.43203125 0.046875 0.071875
1 0.82109375 0.48359375 0.0296875 0.03671875
1 0.82578125 0.28515625 0.046875 0.0578125
1 0.6328125 0.11015625 0.07421875 0.06796875
1 0.58203125 0.05859375 0.084375 0.08046875
1 0.3125 0.665625 0.04765625 0.0765625
1 0.38828125 0.77578125 0.0484375 0.0703125
1 0.20078125 0.8734375 0.059375 0.1015625
1 0.25390625 0.94765625 0.071875 0.059375
1 0.27265625 0.8828125 0.04375 0.04921875
1 0.2421875 0.63671875 0.05703125 0.059375
1 0.0609375 0.44296875 0.0546875 0.08515625
1 0.0140625 0.29296875 0.028125 0.06875
1 0.28515625 0.2453125 0.0359375 0.05390625
1 0.5359375 0.14765625 0.028125 0.0453125