1 0.7796875 0.31171875 0.0875 0.1046875
1 0.79453125 0.37578125 0.04140625 0.06171875
1 0.8234375 0.44921875 0.0625 0.10234375
1 0.775 0.44296875 0.05234375 0.084375
1 0.76015625 0.5109375 0.0546875 0.0921875
1 0.59296875 0.65703125 0.0546875 0.11171875
1 0.56953125 0.3625 0.04609375 0.0828125
1 0.65078125 0.259375 0.0421875 0.084375
1 0.59609375 0.18515625 0.040625 0.08125
1 0.6921875 0.12265625 0.034375 0.0296875
1 0.98125 0.103125 0.0375 0.065625
1 0.68671875 0.63671875 0.034375 0.05546875
1 0.55625 0.4953125 0.0296875 0.04453125
1 0.52734375 0.771875 0.0421875 0.0921875
1 0.39765625 0.69375 0.059375 0.07421875
1 0.26875 0.6671875 0.03671875 0.06328125
1 0.23671875 0.659375 0.040625 0.0578125
1 0.1125 0.509375 0.0390625 0.046875
1 0.1453125 0.46796875 0.0453125 0.06484375
1 0.2953125 0.25546875 0.0359375 0.0671875
1 0.2015625 0.1171875 0.0515625 0.08359375
1 0.21875 0.0703125 0.03203125 0.0484375
1 0.48125 0.425 0.03984375 0.03203125
1 0.44921875 0.45078125 0.034375 0.04609375
1 0.2046875 0.509375 0.0421875 0.06796875