1 0.23984375 0.04609375 0.0796875 0.0703125
1 0.62734375 0.62265625 0.084375 0.06953125
1 0.3375 0.70625 0.08828125 0.09453125
1 0.43984375 0.334375 0.053125 0.0640625
1 0.39375 0.328125 0.03046875 0.06953125
1 0.7046875 0.346875 0.08125 0.07734375
1 0.7109375 0.4421875 0.06953125 0.07890625
1 0.77578125 0.46796875 0.05859375 0.05625
1 0.934375 0.0578125 0.0546875 0.0625
1 0.23984375 0.74296875 0.05625 0.05625
1 0.475 0.75703125 0.05625 0.04921875
1 0.49453125 0.8296875 0.0796875 0.0546875
1 0.51796875 0.93671875 0.03828125 0.0546875
1 0.5375 0.89296875 0.03203125 0.0359375
1 0.2015625 0.7828125 0.0296875 0.02421875
1 0.2640625 0.4046875 0.034375 0.03828125
1 0.1484375 0.5 0.04140625 0.0265625
1 0.60859375 0.5671875 0.084375 0.04140625
1 0.18984375 0.496875 0.04140625 0.025
1 0.18203125 0.12578125 0.04140625 0.05234375
1 0.14296875 0.43046875 0.0453125 0.04765625
1 0.103125 0.43828125 0.025 0.05078125
1 0.775 0.4046875 0.06015625 0.065625