1 0.70546875 0.55390625 0.1125 0.12890625
1 0.5765625 0.49140625 0.1046875 0.10546875
1 0.334375 0.40390625 0.0953125 0.1046875
1 0.2203125 0.7140625 0.084375 0.11171875
1 0.60546875 0.62421875 0.12578125 0.13671875
1 0.4671875 0.49921875 0.05546875 0.0765625
1 0.81875 0.871875 0.07734375 0.1015625
1 0.74140625 0.790625 0.08671875 0.08203125
1 0.7703125 0.71875 0.1 0.08046875
1 0.80546875 0.4421875 0.0515625 0.09296875
1 0.12109375 0.25078125 0.0953125 0.08203125
1 0.65234375 0.034375 0.2 0.06796875
1 0.80234375 0.0625 0.06171875 0.096875
1 0.81953125 0.61640625 0.04296875 0.12421875