1 0.2328125 0.57265625 0.10546875 0.13984375
1 0.2171875 0.7171875 0.0875 0.0734375
1 0.39375 0.78203125 0.06328125 0.07421875
1 0.45625 0.73046875 0.07734375 0.11796875
1 0.60390625 0.65078125 0.06640625 0.08359375
1 0.66953125 0.58671875 0.04140625 0.0609375
1 0.71328125 0.49609375 0.0390625 0.0703125
1 0.75703125 0.62109375 0.03828125 0.03671875
1 0.82109375 0.26328125 0.0421875 0.0765625
1 0.9265625 0.21640625 0.04453125 0.05
1 0.7984375 0.63984375 0.03671875 0.04765625
1 0.40390625 0.4703125 0.03984375 0.05390625
1 0.55625 0.57109375 0.04609375 0.05625
1 0.153125 0.721875 0.053125 0.109375