1 0.94765625 0.5296875 0.075 0.09140625
1 0.8671875 0.55625 0.09609375 0.1171875
1 0.9515625 0.41015625 0.05546875 0.07734375
1 0.89375 0.4640625 0.08125 0.0703125
1 0.74453125 0.11015625 0.0671875 0.11015625
1 0.6859375 0.19765625 0.06171875 0.06328125
1 0.67109375 0.27109375 0.06171875 0.07265625
1 0.7921875 0.33046875 0.06875 0.078125
1 0.58984375 0.25390625 0.0625 0.0796875
1 0.484375 0.37890625 0.0625 0.0671875
1 0.25703125 0.25703125 0.05703125 0.07890625
1 0.2125 0.1953125 0.0515625 0.05859375
1 0.02421875 0.553125 0.04765625 0.103125
1 0.56875 0.56875 0.07734375 0.1265625
1 0.496875 0.603125 0.04453125 0.0734375
1 0.55546875 0.67109375 0.05546875 0.06484375
1 0.5015625 0.82421875 0.065625 0.08984375