1 0.73359375 0.8546875 0.06953125 0.075
1 0.5390625 0.89609375 0.0609375 0.07265625
1 0.621875 0.64765625 0.03515625 0.03828125
1 0.58125 0.61953125 0.0390625 0.04609375
1 0.49140625 0.5703125 0.04921875 0.06171875
1 0.29609375 0.7265625 0.046875 0.04609375
1 0.328125 0.68671875 0.028125 0.03125
1 0.3140625 0.61328125 0.04140625 0.0609375
1 0.36328125 0.65625 0.03359375 0.06171875
1 0.3921875 0.5921875 0.0375 0.05546875
1 0.0140625 0.7890625 0.01953125 0.0453125
1 0.41640625 0.46640625 0.03359375 0.078125
1 0.44921875 0.2828125 0.03828125 0.0515625
1 0.503125 0.27421875 0.04609375 0.04140625
1 0.53125 0.33046875 0.0453125 0.04765625
1 0.58984375 0.4375 0.03203125 0.03203125
1 0.17734375 0.21875 0.0671875 0.0875
1 0.11640625 0.2875 0.04609375 0.05546875
1 0.07734375 0.3359375 0.04453125 0.03359375
1 0.82421875 0.7125 0.053125 0.02578125
1 0.34375 0.52734375 0.0359375 0.0359375