1 0.94921875 0.2390625 0.09609375 0.103125
1 0.38671875 0.07734375 0.0578125 0.06171875
1 0.3875 0.27734375 0.05546875 0.06796875
1 0.30703125 0.25 0.08046875 0.08828125
1 0.88984375 0.4140625 0.06796875 0.0640625
1 0.971875 0.378125 0.05625 0.10859375
1 0.940625 0.475 0.1 0.10546875
1 0.525 0.46875 0.084375 0.0984375
1 0.37734375 0.5 0.07265625 0.08671875
1 0.271875 0.48359375 0.0796875 0.0796875
1 0.328125 0.4984375 0.03203125 0.02890625
1 0.2359375 0.5984375 0.071875 0.0953125
1 0.1578125 0.65703125 0.09609375 0.090625
1 0.03046875 0.65078125 0.0609375 0.0640625
1 0.1765625 0.725 0.07578125 0.0609375
1 0.31328125 0.7828125 0.08828125 0.1125
1 0.4984375 0.88046875 0.06953125 0.09453125
1 0.5640625 0.80390625 0.05078125 0.053125
1 0.546875 0.9375 0.05859375 0.0484375
1 0.94375 0.81640625 0.10078125 0.11640625
1 0.9625 0.665625 0.075 0.0765625
1 0.8421875 0.73671875 0.0515625 0.04296875
1 0.76875 0.94453125 0.065625 0.0640625
1 0.7578125 0.82421875 0.04921875 0.05234375
1 0.5953125 0.61796875 0.0765625 0.071875
1 0.70546875 0.41015625 0.05546875 0.05546875
1 0.60078125 0.46328125 0.06015625 0.04453125