1 0.91796875 0.290625 0.03359375 0.053125
1 0.86796875 0.27890625 0.04296875 0.06171875
1 0.796875 0.36484375 0.0625 0.07578125
1 0.7328125 0.54296875 0.0625 0.0734375
1 0.68359375 0.44765625 0.046875 0.0796875
1 0.62890625 0.52734375 0.10234375 0.10234375
1 0.60546875 0.6171875 0.0828125 0.0796875
1 0.4359375 0.32421875 0.11171875 0.0828125
1 0.1765625 0.303125 0.0734375 0.06796875
1 0.18359375 0.39296875 0.05703125 0.08125
1 0.24609375 0.43671875 0.07578125 0.08125
1 0.1796875 0.52109375 0.0890625 0.0984375
1 0.2921875 0.55078125 0.109375 0.12265625
1 0.171875 0.60625 0.06953125 0.0734375
1 0.23828125 0.63671875 0.0734375 0.0703125
1 0.4046875 0.61640625 0.08125 0.1
1 0.42578125 0.52109375 0.04375 0.06640625
1 0.25390625 0.7203125 0.04921875 0.06171875