1 0.46796875 0.5484375 0.0828125 0.10859375
1 0.44765625 0.65 0.08984375 0.1140625
1 0.53828125 0.6375 0.1 0.115625
1 0.521875 0.73671875 0.1046875 0.10078125
1 0.44453125 0.75078125 0.06796875 0.08671875
1 0.4078125 0.82109375 0.084375 0.0828125
1 0.35546875 0.7328125 0.08203125 0.09296875
1 0.80234375 0.70078125 0.0796875 0.0875
1 0.875 0.7609375 0.0703125 0.07421875
1 0.896875 0.6671875 0.0984375 0.1171875
1 0.91953125 0.59921875 0.09453125 0.08203125
1 0.88828125 0.465625 0.08125 0.04921875
1 0.9625 0.46328125 0.075 0.0609375
1 0.1828125 0.7953125 0.0765625 0.06328125
1 0.1171875 0.76640625 0.04765625 0.0859375
1 0.46484375 0.034375 0.0546875 0.06875
1 0.03125 0.41171875 0.0625 0.065625
1 0.6515625 0.325 0.08125 0.078125