1 0.97578125 0.70546875 0.04765625 0.06484375
1 0.64453125 0.390625 0.0625 0.06484375
1 0.59765625 0.38359375 0.04375 0.0453125
1 0.5203125 0.53984375 0.0484375 0.05390625
1 0.57265625 0.5375 0.0421875 0.0484375
1 0.46171875 0.37578125 0.07578125 0.08203125
1 0.38046875 0.32578125 0.06796875 0.06875
1 0.40703125 0.396875 0.04609375 0.05
1 0.2984375 0.61796875 0.04765625 0.07578125
1 0.23046875 0.5609375 0.04453125 0.0484375
1 0.234375 0.59765625 0.04296875 0.03046875
1 0.25 0.65 0.04609375 0.034375
1 0.18828125 0.65703125 0.03984375 0.05859375
1 0.20234375 0.70859375 0.06328125 0.0546875
1 0.07421875 0.51875 0.05234375 0.059375
1 0.184375 0.14296875 0.0484375 0.065625
1 0.62109375 0.08671875 0.0375 0.0484375