1 0.196875 0.43359375 0.10546875 0.1109375
1 0.1015625 0.49921875 0.06015625 0.05078125
1 0.2125 0.6265625 0.06484375 0.07421875
1 0.30234375 0.55859375 0.06640625 0.0671875
1 0.39765625 0.590625 0.08828125 0.11328125
1 0.35390625 0.6734375 0.05390625 0.078125
1 0.38125 0.73984375 0.05625 0.0609375
1 0.47578125 0.72578125 0.08046875 0.09921875
1 0.55625 0.66953125 0.11328125 0.13359375
1 0.62578125 0.68515625 0.07421875 0.12890625
1 0.2625 0.371875 0.04921875 0.07578125
1 0.41171875 0.41328125 0.04140625 0.04375
1 0.75234375 0.27890625 0.090625 0.11640625
1 0.81484375 0.29921875 0.0390625 0.08203125