1 0.85703125 0.58125 0.140625 0.15703125
1 0.90234375 0.7015625 0.1359375 0.12734375
1 0.77421875 0.63046875 0.0609375 0.09609375
1 0.6109375 0.646875 0.0640625 0.08671875
1 0.6640625 0.61171875 0.0859375 0.09140625
1 0.54296875 0.59609375 0.04609375 0.06953125
1 0.52265625 0.659375 0.06953125 0.07890625
1 0.56171875 0.6890625 0.05546875 0.08046875
1 0.56015625 0.453125 0.07578125 0.071875
1 0.496875 0.40546875 0.08203125 0.09453125
1 0.49296875 0.48671875 0.09453125 0.0921875
1 0.47890625 0.575 0.09453125 0.11796875
1 0.3890625 0.54609375 0.0796875 0.0875
1 0.27421875 0.2078125 0.0578125 0.1046875
1 0.09765625 0.42890625 0.07265625 0.08203125
1 0.03828125 0.45703125 0.0765625 0.0953125
1 0.07734375 0.53984375 0.05859375 0.06484375
1 0.0296875 0.56640625 0.0484375 0.090625
1 0.0671875 0.628125 0.06484375 0.065625
1 0.03046875 0.23359375 0.03984375 0.09140625