1 0.82890625 0.86640625 0.0640625 0.0984375
1 0.4328125 0.5046875 0.06484375 0.090625
1 0.48125 0.44296875 0.06015625 0.084375
1 0.38359375 0.43828125 0.053125 0.08046875
1 0.47109375 0.63359375 0.0359375 0.0546875
1 0.14453125 0.66484375 0.05 0.0640625
1 0.17890625 0.721875 0.04296875 0.06015625
1 0.11875 0.5765625 0.05703125 0.06328125
1 0.29296875 0.93828125 0.046875 0.0609375
1 0.446875 0.18125 0.0671875 0.07890625
1 0.4453125 0.08515625 0.059375 0.07734375
1 0.47421875 0.0578125 0.0359375 0.0703125
1 0.73359375 0.5359375 0.04296875 0.0515625
1 0.83046875 0.70625 0.05078125 0.06640625
1 0.6546875 0.7859375 0.04453125 0.04453125
1 0.53984375 0.3625 0.034375 0.06171875
1 0.88125 0.35390625 0.06171875 0.065625