1 0.80234375 0.45390625 0.09375 0.11953125
1 0.8890625 0.4703125 0.05859375 0.0859375
1 0.7234375 0.67734375 0.0921875 0.11796875
1 0.7390625 0.75234375 0.0515625 0.0546875
1 0.68359375 0.85234375 0.04296875 0.059375
1 0.53359375 0.7796875 0.06796875 0.078125
1 0.3921875 0.75 0.04140625 0.05390625
1 0.36484375 0.62109375 0.08046875 0.08515625
1 0.3140625 0.68046875 0.08125 0.0796875
1 0.27109375 0.603125 0.040625 0.05
1 0.23046875 0.60625 0.0515625 0.05078125
1 0.23125 0.53359375 0.04921875 0.065625
1 0.08203125 0.47578125 0.03515625 0.05234375
1 0.0296875 0.50859375 0.05546875 0.0609375
1 0.55625 0.40390625 0.05546875 0.0734375
1 0.46015625 0.5859375 0.05 0.06796875
1 0.41953125 0.525 0.04765625 0.05390625
1 0.33046875 0.2359375 0.03828125 0.05703125
1 0.46484375 0.1921875 0.103125 0.0859375