1 0.6625 0.3921875 0.12421875 0.1796875
1 0.68359375 0.26015625 0.08203125 0.0921875
1 0.52421875 0.40390625 0.09921875 0.12890625
1 0.496875 0.553125 0.0765625 0.13828125
1 0.40859375 0.54765625 0.09609375 0.13828125
1 0.4109375 0.4796875 0.09140625 0.07265625
1 0.328125 0.546875 0.05859375 0.06796875
1 0.30859375 0.65234375 0.12109375 0.1296875
1 0.19140625 0.6046875 0.14375 0.146875
1 0.42109375 0.6296875 0.0640625 0.0625
1 0.61328125 0.70390625 0.08515625 0.10546875
1 0.7109375 0.6640625 0.12578125 0.14765625
1 0.62734375 0.59453125 0.05 0.0890625
1 0.5671875 0.2875 0.07265625 0.08203125
1 0.98125 0.82109375 0.0375 0.0765625