1 0.0390625 0.821875 0.0703125 0.13515625
1 0.0140625 0.95703125 0.028125 0.08515625
1 0.7046875 0.71015625 0.0765625 0.08671875
1 0.64921875 0.62734375 0.04140625 0.04609375
1 0.75625 0.44296875 0.0734375 0.09375
1 0.89609375 0.3171875 0.07109375 0.08125
1 0.9125 0.24375 0.0609375 0.05625
1 0.47578125 0.525 0.059375 0.0734375
1 0.88203125 0.665625 0.0234375 0.04609375
1 0.959375 0.596875 0.0453125 0.0578125
1 0.77265625 0.54453125 0.0625 0.07109375
1 0.7453125 0.64453125 0.046875 0.03203125
1 0.98828125 0.34140625 0.02265625 0.05703125
1 0.94609375 0.396875 0.05625 0.05
1 0.734375 0.2734375 0.02890625 0.06171875