1 0.1203125 0.21171875 0.16171875 0.19765625
1 0.02734375 0.27421875 0.0546875 0.084375
1 0.3484375 0.2296875 0.084375 0.14921875
1 0.38515625 0.384375 0.0984375 0.10703125
1 0.615625 0.515625 0.053125 0.05859375
1 0.53046875 0.55703125 0.06171875 0.075
1 0.47265625 0.60234375 0.05234375 0.06953125
1 0.5203125 0.615625 0.053125 0.05234375
1 0.5515625 0.69140625 0.065625 0.07578125
1 0.79296875 0.44296875 0.04375 0.05078125
1 0.3421875 0.7203125 0.03828125 0.0546875
1 0.7484375 0.51484375 0.03359375 0.03984375