1 0.759375 0.5125 0.06953125 0.08203125
1 0.7703125 0.45390625 0.04375 0.06640625
1 0.81640625 0.4578125 0.04609375 0.08828125
1 0.80390625 0.3828125 0.04375 0.0625
1 0.784375 0.321875 0.06171875 0.078125
1 0.64140625 0.25234375 0.04296875 0.05546875
1 0.6890625 0.13515625 0.0453125 0.034375
1 0.6015625 0.18203125 0.06484375 0.0703125
1 0.56796875 0.3640625 0.0609375 0.0953125
1 0.59453125 0.65390625 0.05625 0.09375
1 0.61171875 0.59375 0.03203125 0.04921875
1 0.684375 0.6359375 0.0484375 0.065625
1 0.55859375 0.50546875 0.028125 0.0359375
1 0.5578125 0.44921875 0.03046875 0.04765625
1 0.403125 0.7 0.0546875 0.0734375
1 0.53984375 0.76796875 0.04375 0.0765625
1 0.3859375 0.5125 0.03046875 0.03671875
1 0.27890625 0.6765625 0.03828125 0.0625
1 0.24140625 0.6609375 0.03828125 0.05390625
1 0.12109375 0.528125 0.02421875 0.0546875
1 0.1515625 0.47265625 0.040625 0.071875
1 0.296875 0.2734375 0.04765625 0.08828125
1 0.19765625 0.12109375 0.06171875 0.0890625
1 0.2328125 0.0734375 0.046875 0.05703125
1 0.4546875 0.44765625 0.03828125 0.03125
1 0.08203125 0.42890625 0.040625 0.0296875
1 0.978125 0.1078125 0.04375 0.05625
1 0.09140625 0.63203125 0.05390625 0.04453125
1 0.97734375 0.446875 0.0453125 0.04375