1 0.571875 0.53359375 0.1203125 0.1484375
1 0.52578125 0.68203125 0.090625 0.17734375
1 0.603125 0.69296875 0.1234375 0.17265625
1 0.684375 0.74921875 0.1 0.1203125
1 0.7671875 0.8375 0.13203125 0.16953125
1 0.95859375 0.6703125 0.0828125 0.165625
1 0.4953125 0.4375 0.11015625 0.1265625
1 0.38046875 0.17890625 0.09375 0.15234375
1 0.3703125 0.45625 0.1546875 0.14765625
1 0.2890625 0.5625 0.15078125 0.12578125
1 0.240625 0.9046875 0.059375 0.08984375
1 0.303125 0.88515625 0.06796875 0.1046875
1 0.0453125 0.95234375 0.06875 0.0953125
1 0.40859375 0.6921875 0.0859375 0.09765625