1 0.33671875 0.20859375 0.1078125 0.12421875
1 0.31328125 0.321875 0.11171875 0.1078125
1 0.215625 0.484375 0.1015625 0.1296875
1 0.29765625 0.603125 0.090625 0.10234375
1 0.02578125 0.52578125 0.0515625 0.1046875
1 0.11953125 0.62421875 0.07578125 0.109375
1 0.40078125 0.63828125 0.06796875 0.084375
1 0.415625 0.53828125 0.0703125 0.09453125
1 0.48828125 0.57421875 0.05625 0.1078125
1 0.53359375 0.3890625 0.109375 0.128125
1 0.67734375 0.27265625 0.09296875 0.11875
1 0.63046875 0.4328125 0.075 0.12421875
1 0.8484375 0.45703125 0.07578125 0.09453125
1 0.94921875 0.671875 0.09609375 0.11484375
1 0.8609375 0.73125 0.0890625 0.12109375
1 0.7203125 0.90546875 0.08671875 0.10390625
1 0.55859375 0.88984375 0.06171875 0.08125
1 0.07265625 0.82890625 0.06796875 0.0734375
1 0.78984375 0.61953125 0.04921875 0.0921875