1 0.8453125 0.56484375 0.10625 0.1140625
1 0.80546875 0.52109375 0.07421875 0.0859375
1 0.86171875 0.425 0.11171875 0.1234375
1 0.9453125 0.49921875 0.109375 0.1265625
1 0.75078125 0.50703125 0.07265625 0.07890625
1 0.21171875 0.56015625 0.08671875 0.11015625
1 0.453125 0.9046875 0.04765625 0.05859375
1 0.41953125 0.94609375 0.05 0.0609375
1 0.3796875 0.9046875 0.0546875 0.0734375
1 0.01796875 0.49296875 0.03046875 0.0609375
1 0.0203125 0.4359375 0.03984375 0.05859375
1 0.07734375 0.35703125 0.0421875 0.0515625
1 0.40625 0.6046875 0.04921875 0.071875
1 0.4828125 0.65 0.04921875 0.06015625
1 0.5515625 0.5328125 0.0421875 0.0453125
1 0.715625 0.86875 0.06171875 0.05546875
1 0.93203125 0.9671875 0.07265625 0.065625
1 0.0421875 0.22890625 0.03671875 0.0453125