1 0.75546875 0.06171875 0.115625 0.109375
1 0.8046875 0.2125 0.11328125 0.13984375
1 0.69765625 0.23984375 0.08671875 0.090625
1 0.74609375 0.33515625 0.115625 0.11875
1 0.940625 0.29609375 0.0734375 0.09609375
1 0.9921875 0.30625 0.015625 0.065625
1 0.971875 0.51640625 0.05625 0.1
1 0.90859375 0.5140625 0.05234375 0.1
1 0.82109375 0.53359375 0.0828125 0.109375
1 0.8015625 0.69765625 0.08828125 0.10390625
1 0.7546875 0.6203125 0.05625 0.06171875
1 0.65 0.68671875 0.08125 0.1015625
1 0.64296875 0.5953125 0.08515625 0.07890625
1 0.52265625 0.325 0.090625 0.11875
1 0.43515625 0.37421875 0.07890625 0.1296875
1 0.35625 0.3703125 0.090625 0.14140625
1 0.1890625 0.1640625 0.0796875 0.11484375
1 0.09296875 0.14765625 0.09609375 0.128125
1 0.221875 0.4046875 0.0890625 0.1078125
1 0.10234375 0.40546875 0.10234375 0.11484375
1 0.04453125 0.5359375 0.07578125 0.09296875
1 0.02578125 0.64453125 0.04375 0.1109375
1 0.17578125 0.69765625 0.0984375 0.12109375
1 0.6796875 0.81796875 0.08125 0.084375
1 0.44140625 0.721875 0.071875 0.09453125
1 0.375 0.73046875 0.04296875 0.0640625
1 0.37109375 0.80859375 0.0703125 0.0734375
1 0.45234375 0.8078125 0.04296875 0.0640625
1 0.50546875 0.8265625 0.05078125 0.06953125
1 0.55234375 0.90078125 0.07890625 0.08671875