1 0.9296875 0.60078125 0.140625 0.18046875
1 0.79140625 0.1421875 0.15859375 0.17734375
1 0.47265625 0.0171875 0.14140625 0.034375
1 0.4359375 0.21953125 0.12890625 0.14453125
1 0.378125 0.35625 0.15390625 0.11328125
1 0.53828125 0.4578125 0.13828125 0.171875
1 0.39140625 0.6640625 0.115625 0.14921875
1 0.284375 0.64453125 0.0921875 0.1609375
1 0.05703125 0.921875 0.1140625 0.15546875
1 0.021875 0.64296875 0.04375 0.10859375
1 0.7921875 0.93828125 0.165625 0.12265625
1 0.715625 0.8171875 0.128125 0.1171875
1 0.7609375 0.43828125 0.0859375 0.11796875