1 0.76328125 0.57421875 0.090625 0.08125
1 0.7734375 0.49453125 0.0578125 0.07265625
1 0.83359375 0.45390625 0.05390625 0.0890625
1 0.47421875 0.66484375 0.090625 0.084375
1 0.575 0.81015625 0.07890625 0.09453125
1 0.52734375 0.89921875 0.090625 0.10390625
1 0.43984375 0.934375 0.09375 0.1078125
1 0.51640625 0.96953125 0.0921875 0.0609375
1 0.109375 0.934375 0.09375 0.1078125
1 0.0296875 0.84453125 0.05859375 0.13671875
1 0.034375 0.96328125 0.06796875 0.0734375
1 0.22109375 0.55703125 0.06953125 0.0734375
1 0.64375 0.5734375 0.0296875 0.0703125
1 0.5765625 0.53359375 0.02421875 0.034375
1 0.82734375 0.70234375 0.0234375 0.04296875