1 0.62265625 0.478125 0.08359375 0.09609375
1 0.559375 0.4859375 0.046875 0.06796875
1 0.5859375 0.41875 0.0625 0.06171875
1 0.671875 0.7125 0.04296875 0.0640625
1 0.71796875 0.753125 0.07109375 0.0859375
1 0.771875 0.8046875 0.05546875 0.0546875
1 0.8859375 0.84609375 0.096875 0.11171875
1 0.2171875 0.47890625 0.05546875 0.04375
1 0.14765625 0.49765625 0.0546875 0.0875
1 0.0609375 0.48046875 0.046875 0.046875
1 0.2171875 0.54296875 0.0390625 0.04921875
1 0.1578125 0.59296875 0.0375 0.05859375
1 0.1921875 0.0234375 0.0640625 0.046875
1 0.97578125 0.06640625 0.04765625 0.11484375