1 0.33828125 0.19609375 0.04765625 0.06875
1 0.409375 0.559375 0.14765625 0.20703125
1 0.52109375 0.5703125 0.0421875 0.0875
1 0.57734375 0.58125 0.04375 0.08125
1 0.559375 0.6609375 0.0390625 0.059375
1 0.6671875 0.55 0.0609375 0.1109375
1 0.634375 0.77578125 0.0625 0.11875
1 0.71171875 0.66953125 0.05859375 0.11328125
1 0.78359375 0.66484375 0.06328125 0.10859375
1 0.75 0.87890625 0.0453125 0.08671875
1 0.821875 0.9375 0.06875 0.1203125
1 0.840625 0.453125 0.0578125 0.0703125
1 0.75 0.41171875 0.04453125 0.05390625
1 0.7546875 0.30390625 0.08046875 0.09765625
1 0.54921875 0.3765625 0.0484375 0.0546875
1 0.46953125 0.38046875 0.04296875 0.05234375
1 0.8890625 0.22421875 0.0578125 0.08515625
1 0.94921875 0.10625 0.05 0.075
1 0.81484375 0.1046875 0.0578125 0.065625
1 0.12265625 0.32109375 0.08828125 0.10625