1 0.76875 0.6421875 0.07578125 0.109375
1 0.82578125 0.63125 0.05703125 0.10390625
1 0.61484375 0.56484375 0.0890625 0.09375
1 0.596875 0.4828125 0.053125 0.07734375
1 0.5234375 0.5359375 0.07734375 0.1
1 0.49609375 0.3796875 0.04765625 0.08515625
1 0.2859375 0.28046875 0.06484375 0.1
1 0.275 0.38359375 0.096875 0.0984375
1 0.20546875 0.3921875 0.08515625 0.12109375
1 0.30078125 0.5375 0.0578125 0.1078125
1 0.37265625 0.559375 0.0890625 0.09765625
1 0.73671875 0.3078125 0.06484375 0.09609375
1 0.45625 0.134375 0.0859375 0.1015625
1 0.790625 0.34140625 0.05546875 0.09375
1 0.86015625 0.41640625 0.07265625 0.09453125
1 0.95078125 0.12265625 0.07734375 0.09375
1 0.33125 0.92890625 0.05546875 0.075
1 0.37109375 0.97109375 0.075 0.0578125
1 0.453125 0.71328125 0.0640625 0.08671875
1 0.45859375 0.540625 0.04296875 0.08125
1 0.4828125 0.609375 0.07421875 0.07578125
1 0.80546875 0.74765625 0.0640625 0.06328125
1 0.80859375 0.80546875 0.0875 0.05625