1 0.953125 0.675 0.09296875 0.13671875
1 0.89921875 0.7125 0.09140625 0.1328125
1 0.85234375 0.7375 0.09296875 0.1234375
1 0.84765625 0.4640625 0.084375 0.09375
1 0.32421875 0.20546875 0.07734375 0.0953125
1 0.3078125 0.30703125 0.08203125 0.1046875
1 0.628125 0.39921875 0.0625 0.0703125
1 0.49140625 0.57109375 0.0703125 0.10078125
1 0.4234375 0.53984375 0.08359375 0.10234375
1 0.40234375 0.6390625 0.06796875 0.0984375
1 0.30078125 0.596875 0.07890625 0.09375
1 0.21328125 0.490625 0.059375 0.10546875
1 0.009375 0.5125 0.01875 0.090625
1 0.5625 0.89296875 0.0640625 0.08828125
1 0.71796875 0.9140625 0.09140625 0.125
1 0.071875 0.828125 0.0484375 0.06953125