1 0.8078125 0.39609375 0.175 0.18203125
1 0.815625 0.51796875 0.084375 0.10546875
1 0.4625 0.5296875 0.1140625 0.1609375
1 0.55859375 0.52265625 0.0765625 0.1265625
1 0.55546875 0.6203125 0.0609375 0.0921875
1 0.49296875 0.6640625 0.0796875 0.13125
1 0.68359375 0.6046875 0.07109375 0.103125
1 0.51796875 0.1765625 0.07109375 0.11640625
1 0.2703125 0.0765625 0.0609375 0.05625
1 0.33828125 0.03671875 0.0734375 0.07109375
1 0.17578125 0.584375 0.10703125 0.13671875
1 0.33125 0.54140625 0.05546875 0.1203125
1 0.7546875 0.60546875 0.0859375 0.09453125