1 0.03203125 0.82890625 0.06015625 0.07890625
1 0.11796875 0.75859375 0.10703125 0.125
1 0.05703125 0.6109375 0.1140625 0.11875
1 0.83515625 0.35078125 0.09296875 0.1375
1 0.7953125 0.02734375 0.04453125 0.046875
1 0.784375 0.0734375 0.03671875 0.03203125
1 0.53828125 0.3859375 0.0640625 0.0859375
1 0.6296875 0.3453125 0.059375 0.06953125
1 0.60625 0.42578125 0.05078125 0.06171875
1 0.59453125 0.51171875 0.03828125 0.059375
1 0.640625 0.5140625 0.03984375 0.0375
1 0.43203125 0.4171875 0.0484375 0.0671875
1 0.33671875 0.45859375 0.06015625 0.04765625
1 0.2203125 0.25234375 0.0859375 0.10703125
1 0.6765625 0.571875 0.05703125 0.06484375
1 0.9109375 0.32265625 0.03203125 0.0421875
1 0.43515625 0.31328125 0.03984375 0.06640625