1 0.365625 0.51015625 0.0796875 0.09609375
1 0.234375 0.50625 0.06875 0.07734375
1 0.43671875 0.56328125 0.0421875 0.08359375
1 0.63359375 0.65078125 0.0828125 0.07890625
1 0.56875 0.6734375 0.034375 0.06015625
1 0.54375 0.70390625 0.053125 0.06171875
1 0.52734375 0.76015625 0.05703125 0.06171875
1 0.6 0.74375 0.06875 0.07734375
1 0.5984375 0.79453125 0.0546875 0.05703125
1 0.6859375 0.7140625 0.05390625 0.05078125
1 0.640625 0.50625 0.065625 0.05625
1 0.69296875 0.4953125 0.046875 0.04453125
1 0.67890625 0.5359375 0.05078125 0.0515625
1 0.95546875 0.46875 0.05 0.05
1 0.74296875 0.70546875 0.03515625 0.02734375
1 0.1515625 0.1375 0.06328125 0.07109375