1 0.7203125 0.63359375 0.07578125 0.11328125
1 0.796875 0.6765625 0.05703125 0.11328125
1 0.28125 0.396875 0.0609375 0.0921875
1 0.60625 0.58984375 0.04921875 0.078125
1 0.77734375 0.35078125 0.05546875 0.06015625
1 0.9625 0.8890625 0.06328125 0.08046875
1 0.40703125 0.83203125 0.071875 0.109375
1 0.19296875 0.634375 0.0453125 0.0609375
1 0.421875 0.634375 0.0546875 0.07109375
1 0.3375 0.840625 0.05078125 0.07421875
1 0.81640625 0.81015625 0.0484375 0.0671875
1 0.32890625 0.603125 0.0546875 0.0625