1 0.165625 0.87890625 0.165625 0.19296875
1 0.1140625 0.7171875 0.1484375 0.1578125
1 0.24765625 0.60390625 0.10625 0.11171875
1 0.10546875 0.37265625 0.1359375 0.15703125
1 0.11171875 0.096875 0.1015625 0.13828125
1 0.5265625 0.10078125 0.1359375 0.13515625
1 0.3953125 0.384375 0.10859375 0.175
1 0.5015625 0.4796875 0.11796875 0.14765625
1 0.634375 0.565625 0.153125 0.17421875
1 0.8078125 0.53203125 0.16484375 0.1828125
1 0.71796875 0.7109375 0.10859375 0.12890625
1 0.7765625 0.7734375 0.08046875 0.10546875
1 0.96640625 0.52890625 0.06640625 0.121875
1 0.978125 0.78828125 0.04375 0.1359375
1 0.81484375 0.31796875 0.06796875 0.075
1 0.86328125 0.165625 0.121875 0.1375