1 0.15078125 0.834375 0.02109375 0.04296875
1 0.16328125 0.86875 0.04921875 0.028125
1 0.19296875 0.8359375 0.04765625 0.05078125
1 0.2046875 0.7890625 0.05234375 0.04765625
1 0.25078125 0.7703125 0.04296875 0.03984375
1 0.27265625 0.7203125 0.03359375 0.06796875
1 0.30625 0.71796875 0.03046875 0.08671875
1 0.065625 0.65234375 0.04140625 0.06015625
1 0.19453125 0.734375 0.02421875 0.02265625
1 0.14765625 0.75234375 0.0265625 0.028125
1 0.3875 0.509375 0.06796875 0.0796875
1 0.4078125 0.415625 0.06640625 0.084375
1 0.3421875 0.31953125 0.05234375 0.0546875
1 0.36875 0.3703125 0.04140625 0.0453125
1 0.43046875 0.52265625 0.03984375 0.06953125
1 0.47265625 0.5609375 0.046875 0.06796875
1 0.60625 0.47265625 0.05703125 0.1109375
1 0.6703125 0.46484375 0.05859375 0.10546875
1 0.67421875 0.3421875 0.04375 0.0625
1 0.725 0.24765625 0.05078125 0.0375
1 0.93828125 0.61171875 0.075 0.07734375
1 0.9875 0.621875 0.025 0.08125
1 0.9875 0.51015625 0.025 0.0734375
1 0.94921875 0.50859375 0.034375 0.0734375
1 0.60390625 0.675 0.0828125 0.06953125
1 0.515625 0.83125 0.0625 0.1
1 0.575 0.828125 0.06015625 0.0640625
1 0.77109375 0.65625 0.046875 0.06953125
1 0.9609375 0.7828125 0.0546875 0.05078125
1 0.28984375 0.5203125 0.04375 0.07890625
1 0.18828125 0.4359375 0.04140625 0.06953125