1 0.59296875 0.1890625 0.1359375 0.1421875
1 0.68828125 0.08359375 0.1171875 0.159375
1 0.90546875 0.4515625 0.15703125 0.19140625
1 0.96640625 0.33046875 0.06640625 0.11484375
1 0.92890625 0.63984375 0.1421875 0.1921875
1 0.7109375 0.61328125 0.078125 0.1203125
1 0.95859375 0.9421875 0.0828125 0.09609375
1 0.47890625 0.853125 0.078125 0.09375
1 0.478125 0.95234375 0.103125 0.0953125
1 0.525 0.91171875 0.053125 0.06171875
1 0.13984375 0.753125 0.09765625 0.1125
1 0.1296875 0.85546875 0.1 0.1140625
1 0.04375 0.803125 0.0875 0.11171875
1 0.246875 0.79140625 0.0609375 0.0609375
1 0.1921875 0.49609375 0.11796875 0.1359375
1 0.375 0.33984375 0.08359375 0.0859375
1 0.06015625 0.06484375 0.078125 0.121875
1 0.7109375 0.50703125 0.05703125 0.06875
1 0.9234375 0.06796875 0.0765625 0.11796875
1 0.29375 0.2234375 0.0546875 0.0765625