1 0.96640625 0.8609375 0.06640625 0.20078125
1 0.84609375 0.515625 0.1140625 0.11953125
1 0.68359375 0.32265625 0.09453125 0.11484375
1 0.63828125 0.42890625 0.065625 0.04921875
1 0.8953125 0.784375 0.0609375 0.075
1 0.55234375 0.8859375 0.08828125 0.10234375
1 0.359375 0.77890625 0.0515625 0.075
1 0.43359375 0.68515625 0.10625 0.09375
1 0.48203125 0.57578125 0.0921875 0.09609375
1 0.43828125 0.47734375 0.084375 0.07421875
1 0.321875 0.58359375 0.1140625 0.1265625
1 0.22734375 0.6609375 0.05859375 0.0828125
1 0.17890625 0.4265625 0.0796875 0.08671875
1 0.23984375 0.50234375 0.03359375 0.0578125
1 0.1609375 0.55078125 0.115625 0.0984375
1 0.43046875 0.040625 0.1453125 0.08125
1 0.02890625 0.46875 0.05703125 0.05234375