1 0.43046875 0.89140625 0.1203125 0.1375
1 0.48671875 0.94140625 0.0765625 0.115625
1 0.53515625 0.9484375 0.040625 0.103125
1 0.7796875 0.79453125 0.06640625 0.109375
1 0.671875 0.671875 0.10546875 0.12578125
1 0.77265625 0.58984375 0.1109375 0.1640625
1 0.74453125 0.4578125 0.06953125 0.0921875
1 0.653125 0.4796875 0.11171875 0.1515625
1 0.09921875 0.37890625 0.07578125 0.12109375
1 0.36171875 0.0734375 0.09375 0.0703125
1 0.434375 0.05234375 0.0640625 0.1046875
1 0.44765625 0.26640625 0.05859375 0.11015625
1 0.271875 0.46875 0.05859375 0.10859375
1 0.19296875 0.7265625 0.04921875 0.0703125
1 0.47421875 0.51484375 0.046875 0.084375
1 0.54921875 0.44921875 0.0640625 0.0484375