1 0.45625 0.553125 0.09609375 0.11328125
1 0.4515625 0.6546875 0.08203125 0.11875
1 0.51015625 0.596875 0.05546875 0.0671875
1 0.52578125 0.69609375 0.08046875 0.1046875
1 0.46171875 0.7359375 0.08125 0.07265625
1 0.45 0.83515625 0.084375 0.1
1 0.3859375 0.80546875 0.09375 0.1046875
1 0.01796875 0.92421875 0.0359375 0.0609375
1 0.02890625 0.8359375 0.046875 0.059375
1 0.2484375 0.96171875 0.075 0.06484375
1 0.66484375 0.5484375 0.05 0.08203125
1 0.70859375 0.559375 0.04140625 0.06015625
1 0.72265625 0.49296875 0.0796875 0.0609375
1 0.71796875 0.43984375 0.06015625 0.07734375
1 0.71640625 0.3328125 0.05703125 0.07265625