1 0.65 0.22734375 0.078125 0.10625
1 0.6484375 0.0484375 0.05234375 0.06875
1 0.740625 0.665625 0.04921875 0.1125
1 0.79140625 0.82734375 0.09296875 0.11171875
1 0.93515625 0.9390625 0.11484375 0.121875
1 0.953125 0.85078125 0.06640625 0.07265625
1 0.3703125 0.74453125 0.06875 0.078125
1 0.3140625 0.6453125 0.0640625 0.071875
1 0.296875 0.56640625 0.0640625 0.0875
1 0.49296875 0.51015625 0.05234375 0.05078125
1 0.6515625 0.53828125 0.0546875 0.05703125
1 0.79296875 0.4390625 0.08359375 0.0546875
1 0.0171875 0.5421875 0.034375 0.05234375
1 0.01640625 0.17734375 0.0328125 0.05078125