1 0.65859375 0.4359375 0.07734375 0.08359375
1 0.6328125 0.50625 0.0609375 0.09140625
1 0.6984375 0.52890625 0.0328125 0.065625
1 0.52421875 0.69453125 0.08046875 0.09375
1 0.38046875 0.43671875 0.04921875 0.10390625
1 0.359375 0.553125 0.08359375 0.08203125
1 0.27109375 0.52109375 0.0984375 0.11640625
1 0.45390625 0.5453125 0.05390625 0.071875
1 0.24765625 0.13671875 0.090625 0.103125
1 0.0203125 0.15 0.040625 0.090625
1 0.0515625 0.10234375 0.07265625 0.07109375
1 0.10234375 0.1265625 0.03984375 0.0203125
1 0.5671875 0.425 0.02734375 0.053125
1 0.4890625 0.63515625 0.0578125 0.06015625