1 0.6609375 0.39140625 0.14375 0.16328125
1 0.5375 0.409375 0.125 0.14609375
1 0.49921875 0.57578125 0.0921875 0.1328125
1 0.409375 0.56171875 0.103125 0.1453125
1 0.39609375 0.4734375 0.071875 0.0609375
1 0.321875 0.6515625 0.1328125 0.13359375
1 0.3421875 0.55078125 0.0484375 0.109375
1 0.190625 0.615625 0.15390625 0.14140625
1 0.61640625 0.70703125 0.1 0.1234375
1 0.70625 0.665625 0.09765625 0.13515625
1 0.98203125 0.76015625 0.0359375 0.06171875
1 0.98515625 0.8296875 0.0296875 0.08125
1 0.6359375 0.59609375 0.08046875 0.0890625
1 0.6875 0.27421875 0.09453125 0.08984375