1 0.92578125 0.45546875 0.0765625 0.07890625
1 0.9578125 0.546875 0.07265625 0.06875
1 0.890625 0.56875 0.0484375 0.0703125
1 0.58515625 0.44609375 0.05 0.05390625
1 0.48046875 0.4515625 0.0953125 0.0984375
1 0.45234375 0.1515625 0.0625 0.10078125
1 0.521875 0.1953125 0.0578125 0.0859375
1 0.36875 0.265625 0.04765625 0.08515625
1 0.33046875 0.50078125 0.04453125 0.05234375
1 0.3046875 0.56640625 0.0453125 0.06953125
1 0.3546875 0.5921875 0.03203125 0.0484375
1 0.41015625 0.70859375 0.06171875 0.10234375
1 0.48359375 0.73125 0.04609375 0.05703125
1 0.5828125 0.8296875 0.0765625 0.1046875
1 0.671875 0.8140625 0.0375 0.05859375
1 0.71796875 0.7765625 0.04140625 0.0703125
1 0.8359375 0.6828125 0.09453125 0.1078125
1 0.13359375 0.696875 0.0609375 0.05625
1 0.1921875 0.77421875 0.0375 0.03515625
1 0.3796875 0.9859375 0.03515625 0.028125
1 0.56015625 0.93359375 0.03046875 0.04921875