1 0.478125 0.14765625 0.190625 0.2453125
1 0.2953125 0.33125 0.13203125 0.14765625
1 0.1796875 0.29765625 0.0921875 0.1109375
1 0.12578125 0.509375 0.1640625 0.24765625
1 0.42734375 0.6578125 0.115625 0.171875
1 0.31953125 0.6296875 0.07578125 0.190625
1 0.24921875 0.5578125 0.05625 0.153125
1 0.1390625 0.7234375 0.14296875 0.1375
1 0.02578125 0.5859375 0.04921875 0.15078125
1 0.54453125 0.73125 0.1 0.09453125
1 0.59375 0.840625 0.0703125 0.09765625
1 0.51015625 0.83515625 0.0890625 0.1078125
1 0.46875 0.9390625 0.07578125 0.1
1 0.71875 0.97109375 0.0828125 0.05703125
1 0.34609375 0.9203125 0.04921875 0.06953125