1 0.390625 0.59453125 0.0875 0.10546875
1 0.41484375 0.42734375 0.07265625 0.0953125
1 0.46953125 0.44453125 0.0484375 0.0609375
1 0.56953125 0.6328125 0.07734375 0.084375
1 0.56875 0.709375 0.07578125 0.0734375
1 0.50546875 0.73828125 0.0828125 0.08203125
1 0.62890625 0.634375 0.03671875 0.0609375
1 0.6859375 0.71875 0.0703125 0.08046875
1 0.74453125 0.6875 0.0921875 0.10859375
1 0.83125 0.671875 0.09375 0.1046875
1 0.82890625 0.6140625 0.07421875 0.053125
1 0.8828125 0.58125 0.06953125 0.071875
1 0.2296875 0.7421875 0.0703125 0.090625
1 0.06171875 0.80546875 0.059375 0.0671875
1 0.4140625 0.1359375 0.08125 0.05703125
1 0.5703125 0.059375 0.08984375 0.07421875
1 0.06328125 0.6328125 0.05234375 0.07421875
1 0.3375 0.5890625 0.03984375 0.07265625