1 0.83359375 0.2375 0.059375 0.09375
1 0.78515625 0.2453125 0.0546875 0.08984375
1 0.75703125 0.33046875 0.0546875 0.06953125
1 0.7265625 0.40703125 0.075 0.078125
1 0.6765625 0.4625 0.07265625 0.09765625
1 0.7453125 0.503125 0.07734375 0.090625
1 0.678125 0.54609375 0.08359375 0.0828125
1 0.49921875 0.4671875 0.084375 0.121875
1 0.4296875 0.515625 0.096875 0.09765625
1 0.6125 0.65 0.1234375 0.121875
1 0.5875 0.846875 0.08515625 0.10390625
1 0.42734375 0.746875 0.08515625 0.090625
1 0.90234375 0.59921875 0.075 0.09609375