1 0.49921875 0.44375 0.09609375 0.1265625
1 0.5875 0.5515625 0.103125 0.1203125
1 0.59296875 0.6859375 0.10546875 0.153125
1 0.690625 0.73984375 0.09296875 0.09609375
1 0.778125 0.84921875 0.09375 0.12734375
1 0.515625 0.6859375 0.071875 0.12109375
1 0.3859375 0.45546875 0.10390625 0.15390625
1 0.290625 0.5671875 0.11875 0.1375
1 0.384375 0.196875 0.07578125 0.153125
1 0.9578125 0.66953125 0.084375 0.146875
1 0.25625 0.89296875 0.08125 0.1046875
1 0.4109375 0.70546875 0.075 0.08515625
1 0.03984375 0.95234375 0.0796875 0.0953125