1 0.984375 0.82421875 0.03046875 0.12734375
1 0.88125 0.56640625 0.0640625 0.09140625
1 0.8015625 0.74921875 0.10546875 0.115625
1 0.77578125 0.8515625 0.09609375 0.0828125
1 0.6875 0.8203125 0.071875 0.09609375
1 0.759375 0.4109375 0.05546875 0.07890625
1 0.8390625 0.46171875 0.0890625 0.11171875
1 0.68828125 0.39609375 0.06953125 0.07890625
1 0.73203125 0.0859375 0.12734375 0.14921875
1 0.6171875 0.05 0.0921875 0.09921875
1 0.44765625 0.96171875 0.0609375 0.07578125
1 0.478125 0.90546875 0.03046875 0.03125
1 0.42265625 0.884375 0.040625 0.053125
1 0.47890625 0.76328125 0.0515625 0.06640625
1 0.43203125 0.69765625 0.034375 0.05234375
1 0.3890625 0.6609375 0.05 0.06953125
1 0.41328125 0.59765625 0.034375 0.05546875
1 0.4453125 0.6203125 0.01875 0.040625
1 0.48984375 0.48515625 0.0765625 0.11953125
1 0.534375 0.3828125 0.08515625 0.075
1 0.44296875 0.3921875 0.06328125 0.05234375
1 0.346875 0.52265625 0.065625 0.05078125
1 0.3734375 0.478125 0.06171875 0.03671875
1 0.609375 0.76328125 0.04140625 0.059375
1 0.49765625 0.315625 0.04609375 0.05546875
1 0.384375 0.26171875 0.03359375 0.03046875
1 0.34375 0.3046875 0.05859375 0.0484375
1 0.08359375 0.5859375 0.01484375 0.02421875
1 0.11171875 0.56875 0.03671875 0.046875
1 0.125 0.52421875 0.040625 0.03828125
1 0.1390625 0.48984375 0.02265625 0.01875
1 0.08828125 0.41171875 0.059375 0.053125
1 0.1421875 0.36171875 0.03359375 0.059375
1 0.03515625 0.37734375 0.04375 0.0390625
1 0.0921875 0.36015625 0.03984375 0.034375
1 0.1859375 0.30234375 0.02578125 0.03671875
1 0.14375 0.28828125 0.04375 0.05
1 0.096875 0.275 0.03359375 0.03125
1 0.17890625 0.21328125 0.04921875 0.04453125
1 0.23359375 0.15703125 0.0671875 0.065625
1 0.2953125 0.07109375 0.03828125 0.02734375
1 0.18359375 0.04296875 0.04609375 0.03515625
1 0.240625 0.23203125 0.03515625 0.05546875
1 0.1984375 0.26328125 0.03828125 0.03046875
1 0.296875 0.3375 0.0265625 0.04921875
1 0.7109375 0.54375 0.153125 0.1578125