1 0.6359375 0.08359375 0.071875 0.096875
1 0.80078125 0.1109375 0.0390625 0.059375
1 0.9453125 0.50078125 0.05625 0.071875
1 0.803125 0.4828125 0.0859375 0.05234375
1 0.84921875 0.596875 0.04453125 0.05
1 0.8078125 0.5953125 0.03125 0.03203125
1 0.6546875 0.65 0.0296875 0.05625
1 0.61875 0.65625 0.05390625 0.07421875
1 0.1078125 0.54375 0.034375 0.040625
1 0.2765625 0.64765625 0.0359375 0.04453125
1 0.5375 0.69921875 0.0296875 0.03671875
1 0.46953125 0.65703125 0.028125 0.03203125
1 0.52109375 0.75703125 0.034375 0.040625
1 0.51484375 0.603125 0.04765625 0.0515625