1 0.56171875 0.0546875 0.12109375 0.109375
1 0.31015625 0.08203125 0.13984375 0.1640625
1 0.29296875 0.23828125 0.08828125 0.12265625
1 0.20234375 0.29296875 0.0546875 0.0625
1 0.1796875 0.36171875 0.08125 0.05703125
1 0.67421875 0.21640625 0.15859375 0.21484375
1 0.81484375 0.290625 0.11171875 0.128125
1 0.78125 0.4203125 0.128125 0.13046875
1 0.5703125 0.36953125 0.0828125 0.1015625
1 0.49140625 0.40234375 0.0734375 0.075
1 0.4171875 0.51640625 0.090625 0.065625
1 0.5875 0.50703125 0.084375 0.125
1 0.09296875 0.5484375 0.08515625 0.1078125
1 0.225 0.609375 0.04375 0.075
1 0.30234375 0.59375 0.05703125 0.0703125
1 0.2796875 0.6734375 0.0546875 0.071875
1 0.26640625 0.74375 0.04765625 0.053125
1 0.2171875 0.72265625 0.04765625 0.09296875
1 0.48671875 0.9515625 0.0765625 0.096875