1 0.81015625 0.62890625 0.0890625 0.1046875
1 0.834375 0.6953125 0.03671875 0.05078125
1 0.8296875 0.534375 0.07578125 0.090625
1 0.7578125 0.54609375 0.065625 0.0765625
1 0.7296875 0.46875 0.071875 0.07734375
1 0.8796875 0.3734375 0.0578125 0.05703125
1 0.9421875 0.50859375 0.05546875 0.05546875
1 0.65859375 0.52890625 0.053125 0.059375
1 0.6125 0.540625 0.05703125 0.05
1 0.4078125 0.55859375 0.046875 0.0546875
1 0.28671875 0.7125 0.07265625 0.06796875
1 0.28984375 0.7546875 0.040625 0.03046875
1 0.3140625 0.3296875 0.05703125 0.065625
1 0.55 0.41328125 0.0546875 0.0515625
1 0.89921875 0.4265625 0.02265625 0.0296875
1 0.21640625 0.5640625 0.04296875 0.0375
1 0.28125 0.50703125 0.03984375 0.04609375
1 0.1625 0.48125 0.05859375 0.07578125
1 0.103125 0.58515625 0.046875 0.059375
1 0.13359375 0.6359375 0.05859375 0.0703125
1 0.0984375 0.69296875 0.053125 0.05625
1 0.2921875 0.24609375 0.0453125 0.05859375