1 0.81640625 0.4890625 0.07578125 0.1125
1 0.81796875 0.6 0.1 0.13203125
1 0.9296875 0.5671875 0.109375 0.11328125
1 0.93125 0.6875 0.10234375 0.13125
1 0.85234375 0.7109375 0.07265625 0.0875
1 0.725 0.61015625 0.06328125 0.05078125
1 0.478125 0.6796875 0.04453125 0.06171875
1 0.25625 0.58671875 0.06953125 0.09453125
1 0.21953125 0.64296875 0.0921875 0.06328125
1 0.24140625 0.71796875 0.09296875 0.07421875
1 0.15546875 0.6984375 0.0703125 0.071875
1 0.159375 0.76015625 0.0625 0.06171875
1 0.0625 0.334375 0.08203125 0.07421875
1 0.0765625 0.9390625 0.05703125 0.0953125
1 0.2171875 0.81328125 0.0453125 0.05703125
1 0.121875 0.3265625 0.0515625 0.05859375