1 0.58046875 0.4390625 0.04140625 0.08203125
1 0.54140625 0.44921875 0.0421875 0.10703125
1 0.56484375 0.50390625 0.0359375 0.05546875
1 0.6078125 0.5859375 0.0421875 0.0921875
1 0.696875 0.58671875 0.034375 0.05703125
1 0.56015625 0.26484375 0.0484375 0.0484375
1 0.50234375 0.24765625 0.04453125 0.0765625
1 0.32734375 0.26796875 0.046875 0.053125
1 0.2953125 0.26796875 0.0421875 0.053125
1 0.275 0.32890625 0.04296875 0.03671875
1 0.9484375 0.35703125 0.046875 0.06640625
1 0.8921875 0.44375 0.0296875 0.06953125
1 0.94296875 0.459375 0.034375 0.05234375
1 0.4765625 0.6015625 0.03125 0.075