1 0.6625 0.65625 0.1515625 0.16328125
1 0.671875 0.775 0.12265625 0.1078125
1 0.55234375 0.8578125 0.13359375 0.13984375
1 0.48203125 0.571875 0.17421875 0.134375
1 0.63046875 0.5171875 0.0984375 0.1203125
1 0.39609375 0.4609375 0.1203125 0.1140625
1 0.23046875 0.40859375 0.1140625 0.1375
1 0.059375 0.56171875 0.11875 0.1671875
1 0.01484375 0.44453125 0.0296875 0.11328125
1 0.03828125 0.3390625 0.0765625 0.115625
1 0.5296875 0.12265625 0.115625 0.12109375
1 0.3390625 0.2171875 0.1390625 0.10703125
1 0.525 0.45703125 0.1015625 0.1015625
1 0.4515625 0.26796875 0.125 0.07578125