1 0.71875 0.42265625 0.1046875 0.10625
1 0.7453125 0.3234375 0.06484375 0.08125
1 0.80234375 0.44140625 0.0578125 0.1046875
1 0.66796875 0.809375 0.0875 0.10234375
1 0.6203125 0.65078125 0.03671875 0.06875
1 0.57265625 0.640625 0.0484375 0.075
1 0.521875 0.6578125 0.053125 0.0609375
1 0.47578125 0.6515625 0.06171875 0.0796875
1 0.4625 0.70625 0.04921875 0.0640625
1 0.43125 0.6921875 0.040625 0.05
1 0.35078125 0.83359375 0.034375 0.06484375
1 0.36484375 0.690625 0.040625 0.04296875
1 0.41015625 0.5234375 0.04296875 0.059375
1 0.3375 0.48671875 0.04765625 0.05234375
1 0.36875 0.44609375 0.04921875 0.05625
1 0.33671875 0.58828125 0.02890625 0.0375
1 0.321875 0.61484375 0.0359375 0.05
1 0.21484375 0.43671875 0.034375 0.04609375
1 0.2015625 0.54609375 0.034375 0.028125
1 0.184375 0.58046875 0.0265625 0.04375
1 0.2578125 0.2921875 0.03515625 0.03203125
1 0.43671875 0.21484375 0.0515625 0.046875
1 0.33125 0.39765625 0.02734375 0.03359375
1 0.14765625 0.44609375 0.03828125 0.028125