1 0.10234375 0.46953125 0.13359375 0.14609375
1 0.39765625 0.4921875 0.11484375 0.1203125
1 0.4421875 0.4359375 0.06171875 0.09296875
1 0.51015625 0.475 0.0734375 0.13515625
1 0.3203125 0.41171875 0.05859375 0.0765625
1 0.60625 0.54375 0.07890625 0.09453125
1 0.48515625 0.2046875 0.06796875 0.09296875
1 0.70390625 0.19296875 0.0515625 0.0609375
1 0.6953125 0.27265625 0.065625 0.0828125
1 0.68984375 0.34765625 0.059375 0.06640625
1 0.7 0.421875 0.065625 0.06015625
1 0.75625 0.41171875 0.05546875 0.096875
1 0.78046875 0.47890625 0.0328125 0.03671875
1 0.81640625 0.5109375 0.04609375 0.05234375
1 0.790625 0.58515625 0.0484375 0.06640625
1 0.77734375 0.66953125 0.0484375 0.04921875
1 0.77578125 0.309375 0.03984375 0.06171875
1 0.78984375 0.23359375 0.0375 0.0390625
1 0.8703125 0.41796875 0.034375 0.0578125
1 0.828125 0.753125 0.034375 0.02109375
1 0.65 0.09296875 0.059375 0.0609375