1 0.5625 0.453125 0.1015625 0.12578125
1 0.56640625 0.31484375 0.10390625 0.109375
1 0.284375 0.0890625 0.13203125 0.1609375
1 0.65625 0.375 0.09140625 0.13515625
1 0.73203125 0.2421875 0.0984375 0.10859375
1 0.390625 0.725 0.07734375 0.08359375
1 0.16640625 0.35 0.07109375 0.0796875
1 0.17421875 0.43828125 0.06015625 0.08046875
1 0.4484375 0.6765625 0.04921875 0.08203125
1 0.5140625 0.6625 0.08984375 0.05859375
1 0.153125 0.85234375 0.07734375 0.07109375
1 0.17421875 0.778125 0.0453125 0.05
1 0.6015625 0.66015625 0.0515625 0.0765625
1 0.8328125 0.8625 0.06640625 0.0859375
1 0.98125 0.12265625 0.0375 0.13125
1 0.73359375 0.3421875 0.05390625 0.10625