1 0.6359375 0.0703125 0.0640625 0.08984375
1 0.81171875 0.11015625 0.05078125 0.0796875
1 0.9484375 0.503125 0.0640625 0.075
1 0.79609375 0.4796875 0.07265625 0.0703125
1 0.834375 0.5953125 0.0390625 0.0578125
1 0.78671875 0.61171875 0.04609375 0.0609375
1 0.66953125 0.640625 0.0515625 0.06484375
1 0.62265625 0.65625 0.0484375 0.0765625
1 0.51796875 0.60078125 0.06484375 0.06875
1 0.5328125 0.7046875 0.03671875 0.04375
1 0.2640625 0.640625 0.0484375 0.0578125
1 0.115625 0.54453125 0.02578125 0.04375