1 0.6515625 0.3859375 0.0984375 0.09921875
1 0.57109375 0.29921875 0.0578125 0.078125
1 0.59765625 0.06171875 0.0890625 0.11328125
1 0.47265625 0.49921875 0.0515625 0.0640625
1 0.55 0.634375 0.10390625 0.1203125
1 0.5328125 0.7203125 0.07421875 0.08359375
1 0.39609375 0.58671875 0.03671875 0.0609375
1 0.4 0.69921875 0.0671875 0.08125
1 0.33046875 0.678125 0.0609375 0.075
1 0.3015625 0.7 0.04765625 0.06015625
1 0.32734375 0.75390625 0.0375 0.053125
1 0.70625 0.9625 0.05625 0.075
1 0.4359375 0.76484375 0.040625 0.04921875
1 0.365625 0.796875 0.03828125 0.0375