1 0.19921875 0.11328125 0.0734375 0.09609375
1 0.215625 0.9640625 0.096875 0.071875
1 0.25703125 0.7859375 0.07109375 0.1296875
1 0.26328125 0.6640625 0.07890625 0.09375
1 0.31015625 0.78984375 0.05 0.1109375
1 0.325 0.87734375 0.08515625 0.07890625
1 0.34765625 0.7984375 0.03984375 0.0640625
1 0.490625 0.9453125 0.08125 0.109375
1 0.440625 0.73359375 0.06953125 0.08984375
1 0.5265625 0.71953125 0.07734375 0.125
1 0.42109375 0.3859375 0.07421875 0.103125
1 0.359375 0.3984375 0.046875 0.06875
1 0.43515625 0.303125 0.05390625 0.06484375
1 0.52265625 0.08671875 0.0484375 0.08046875
1 0.55078125 0.05859375 0.03984375 0.115625
1 0.6953125 0.7875 0.07265625 0.1015625
1 0.66875 0.69765625 0.046875 0.0703125
1 0.7359375 0.740625 0.0421875 0.06015625
1 0.87890625 0.64765625 0.0875 0.115625
1 0.81484375 0.528125 0.05546875 0.09921875
1 0.946875 0.509375 0.0265625 0.078125
1 0.865625 0.240625 0.0453125 0.0734375
1 0.95546875 0.21015625 0.04375 0.0828125
1 0.25546875 0.47890625 0.05703125 0.09140625