1 0.33671875 0.196875 0.078125 0.103125
1 0.1859375 0.34375 0.08828125 0.090625
1 0.2578125 0.3921875 0.04453125 0.0765625
1 0.478125 0.37421875 0.07265625 0.09765625
1 0.4421875 0.40859375 0.096875 0.09609375
1 0.39140625 0.45625 0.071875 0.071875
1 0.35078125 0.515625 0.09140625 0.0890625
1 0.70546875 0.659375 0.090625 0.1046875
1 0.7484375 0.7359375 0.065625 0.075
1 0.7765625 0.66015625 0.04140625 0.07890625
1 0.8359375 0.66640625 0.06796875 0.06953125
1 0.89296875 0.70390625 0.07421875 0.08203125
1 0.90078125 0.64921875 0.0546875 0.0578125
1 0.95546875 0.58203125 0.04453125 0.065625
1 0.98515625 0.57421875 0.0296875 0.0734375
1 0.740625 0.38046875 0.06484375 0.075
1 0.7890625 0.3515625 0.03984375 0.05234375
1 0.6328125 0.39140625 0.034375 0.065625
1 0.56953125 0.3203125 0.02265625 0.03984375
1 0.46875 0.76953125 0.071875 0.07578125
1 0.425 0.76875 0.02734375 0.04765625
1 0.5484375 0.66328125 0.0484375 0.08125
1 0.44296875 0.653125 0.05 0.05625
1 0.5828125 0.9203125 0.0453125 0.08828125
1 0.63359375 0.96953125 0.0671875 0.0609375
1 0.6875 0.9171875 0.05078125 0.06875
1 0.184375 0.2015625 0.04375 0.06015625
1 0.903125 0.015625 0.0703125 0.03046875