1 0.78515625 0.3828125 0.059375 0.0796875
1 0.83828125 0.12421875 0.07265625 0.0828125
1 0.903125 0.11328125 0.05546875 0.075
1 0.9609375 0.0421875 0.0640625 0.06171875
1 0.56640625 0.23671875 0.06171875 0.0640625
1 0.76171875 0.47578125 0.06484375 0.084375
1 0.7265625 0.4203125 0.04453125 0.07578125
1 0.5515625 0.3734375 0.05859375 0.06953125
1 0.49453125 0.3984375 0.04296875 0.075
1 0.690625 0.7125 0.04296875 0.06796875
1 0.6765625 0.74765625 0.03359375 0.0625
1 0.64296875 0.72734375 0.04609375 0.05390625
1 0.5796875 0.8921875 0.053125 0.0765625
1 0.51796875 0.86953125 0.05390625 0.0796875
1 0.51875 0.9359375 0.05546875 0.0703125
1 0.58046875 0.96328125 0.0546875 0.0734375
1 0.5703125 0.69765625 0.0375 0.04765625
1 0.51171875 0.6390625 0.0453125 0.04609375
1 0.44765625 0.58125 0.04296875 0.06796875
1 0.4234375 0.48984375 0.0375 0.03125
1 0.45546875 0.46796875 0.03984375 0.04140625
1 0.54140625 0.4515625 0.03359375 0.0359375
1 0.3390625 0.67890625 0.05078125 0.0671875
1 0.27109375 0.67109375 0.040625 0.046875
1 0.27890625 0.70859375 0.0328125 0.04296875
1 0.19609375 0.50625 0.04140625 0.0375
1 0.2484375 0.48203125 0.05703125 0.065625
1 0.3640625 0.09296875 0.0296875 0.0515625
1 0.28359375 0.12109375 0.025 0.02734375
1 0.46015625 0.6796875 0.03515625 0.0421875