1 0.55 0.83828125 0.06875 0.11015625
1 0.509375 0.71640625 0.08125 0.09453125
1 0.44375 0.73046875 0.06484375 0.0828125
1 0.034375 0.96796875 0.05546875 0.0546875
1 0.47265625 0.54296875 0.078125 0.0671875
1 0.4 0.51875 0.08046875 0.0890625
1 0.375 0.58203125 0.08828125 0.09609375
1 0.35078125 0.49296875 0.04375 0.0640625
1 0.696875 0.7046875 0.06484375 0.0890625
1 0.71796875 0.625 0.07109375 0.08046875
1 0.78203125 0.5890625 0.034375 0.05625
1 0.96640625 0.5921875 0.06640625 0.08515625
1 0.89765625 0.703125 0.03125 0.09296875
1 0.6546875 0.35859375 0.0390625 0.0671875
1 0.37421875 0.1875 0.06015625 0.05859375
1 0.45078125 0.23828125 0.03046875 0.06171875