1 0.96875 0.44453125 0.0625 0.096875
1 0.86328125 0.45859375 0.04296875 0.059375
1 0.9125 0.45546875 0.03515625 0.05703125
1 0.71640625 0.30390625 0.03125 0.0515625
1 0.66171875 0.21484375 0.05 0.05078125
1 0.4640625 0.05234375 0.03671875 0.02421875
1 0.41875 0.09140625 0.0453125 0.08671875
1 0.1296875 0.209375 0.04609375 0.059375
1 0.29375 0.3265625 0.0390625 0.08515625
1 0.33828125 0.45 0.059375 0.0734375
1 0.32109375 0.53359375 0.0703125 0.075
1 0.25 0.48671875 0.06875 0.08515625
1 0.1875 0.465625 0.046875 0.08828125
1 0.06484375 0.5109375 0.04921875 0.05625
1 0.525 0.66953125 0.0515625 0.08046875
1 0.46015625 0.68671875 0.05078125 0.0578125
1 0.5125 0.78203125 0.11015625 0.11953125
1 0.59453125 0.77578125 0.028125 0.046875
1 0.62890625 0.77265625 0.02734375 0.04765625
1 0.67265625 0.77265625 0.03046875 0.04765625
1 0.5578125 0.51796875 0.04140625 0.06328125
1 0.57890625 0.57734375 0.05 0.04140625
1 0.83359375 0.74921875 0.0375 0.04609375
1 0.8625 0.82109375 0.0375 0.0421875
1 0.015625 0.6359375 0.03046875 0.05234375
1 0.046875 0.70078125 0.0859375 0.071875
1 0.35703125 0.71953125 0.05546875 0.059375
1 0.4078125 0.65390625 0.03046875 0.06875
1 0.2390625 0.603125 0.07109375 0.04765625
1 0.12109375 0.7390625 0.04375 0.05703125
1 0.3921875 0.50234375 0.03046875 0.03671875