1 0.75 0.2046875 0.07109375 0.08515625
1 0.68203125 0.315625 0.10703125 0.07421875
1 0.728125 0.440625 0.07734375 0.0875
1 0.653125 0.54765625 0.0484375 0.0734375
1 0.721875 0.56875 0.0609375 0.0859375
1 0.98515625 0.68359375 0.0296875 0.084375
1 0.903125 0.65703125 0.06953125 0.07109375
1 0.9453125 0.7375 0.04296875 0.06875
1 0.8703125 0.73125 0.08359375 0.071875
1 0.90234375 0.79921875 0.059375 0.046875
1 0.77578125 0.75 0.07421875 0.08125
1 0.77421875 0.81640625 0.046875 0.0328125
1 0.83046875 0.83359375 0.05 0.06640625
1 0.5734375 0.80703125 0.0578125 0.07890625
1 0.64375 0.8109375 0.0578125 0.09296875
1 0.34140625 0.75390625 0.06171875 0.09765625
1 0.2734375 0.56171875 0.0890625 0.1015625
1 0.2046875 0.72578125 0.13125 0.15078125
1 0.46171875 0.46953125 0.084375 0.065625
1 0.50546875 0.52734375 0.04296875 0.0359375
1 0.4875 0.24765625 0.08046875 0.0796875
1 0.40546875 0.278125 0.06484375 0.0703125