1 0.84921875 0.4265625 0.08828125 0.09375
1 0.73828125 0.16484375 0.08515625 0.12578125
1 0.6921875 0.08671875 0.05078125 0.05390625
1 0.68359375 0.26484375 0.05078125 0.05859375
1 0.5375 0.6953125 0.05625 0.11953125
1 0.40625 0.68828125 0.0703125 0.06796875
1 0.4 0.88203125 0.09609375 0.09765625
1 0.02734375 0.72734375 0.0546875 0.1796875
1 0.7171875 0.75234375 0.06875 0.08359375
1 0.646875 0.77109375 0.03984375 0.06328125
1 0.671875 0.81015625 0.05390625 0.0609375
1 0.7171875 0.66640625 0.06875 0.1046875
1 0.7875 0.6515625 0.07109375 0.090625
1 0.03125 0.9453125 0.0625 0.109375