1 0.434375 0.37734375 0.19765625 0.21953125
1 0.275 0.40390625 0.15078125 0.19296875
1 0.57421875 0.58515625 0.18828125 0.196875
1 0.73203125 0.4375 0.11484375 0.11015625
1 0.71171875 0.32421875 0.1109375 0.1453125
1 0.93203125 0.2609375 0.1359375 0.1890625
1 0.31015625 0.20390625 0.15625 0.17109375
1 0.2765625 0.890625 0.1046875 0.19609375
1 0.17265625 0.92890625 0.08984375 0.13359375
1 0.9734375 0.69296875 0.053125 0.18515625
1 0.9640625 0.85 0.071875 0.1140625
1 0.3640625 0.83671875 0.06171875 0.140625
1 0.94140625 0.103125 0.09140625 0.10859375
1 0.32890625 0.028125 0.03984375 0.04375
1 0.72578125 0.7046875 0.059375 0.0796875