1 0.85234375 0.56484375 0.11015625 0.1578125
1 0.89921875 0.68984375 0.12890625 0.109375
1 0.496875 0.4921875 0.09296875 0.0859375
1 0.6609375 0.59609375 0.0734375 0.08125
1 0.596875 0.64375 0.06328125 0.075
1 0.515625 0.6609375 0.05546875 0.071875
1 0.46875 0.57734375 0.06328125 0.07578125
1 0.55859375 0.5890625 0.071875 0.06171875
1 0.38359375 0.53671875 0.06328125 0.07890625
1 0.3109375 0.50390625 0.0515625 0.07265625
1 0.49140625 0.40703125 0.0703125 0.07578125
1 0.2640625 0.2125 0.0640625 0.0921875
1 0.090625 0.42109375 0.06328125 0.08359375
1 0.0265625 0.4484375 0.04765625 0.05703125
1 0.0703125 0.525 0.04453125 0.03984375
1 0.0546875 0.6125 0.0453125 0.05546875
1 0.02578125 0.22421875 0.0515625 0.07265625
1 0.77890625 0.62734375 0.06484375 0.090625