1 0.4953125 0.446875 0.07890625 0.12421875
1 0.37890625 0.18359375 0.07578125 0.14609375
1 0.375 0.4703125 0.1421875 0.14375
1 0.284375 0.5734375 0.12578125 0.15234375
1 0.57578125 0.55859375 0.1 0.1125
1 0.51640625 0.678125 0.084375 0.12734375
1 0.590625 0.6921875 0.11015625 0.16015625
1 0.68359375 0.7453125 0.10234375 0.11796875
1 0.76484375 0.83203125 0.1109375 0.153125
1 0.953125 0.67578125 0.09296875 0.14921875
1 0.25390625 0.88671875 0.0765625 0.1125
1 0.03828125 0.9515625 0.0765625 0.096875
1 0.3078125 0.8953125 0.04453125 0.08125
1 0.41484375 0.70859375 0.0625 0.0765625