1 0.8109375 0.625 0.09296875 0.09375
1 0.83125 0.6984375 0.0578125 0.05703125
1 0.82421875 0.7390625 0.04921875 0.059375
1 0.8125 0.540625 0.05625 0.08046875
1 0.75390625 0.54921875 0.05859375 0.0703125
1 0.72890625 0.46484375 0.05859375 0.0578125
1 0.86484375 0.35234375 0.03984375 0.040625
1 0.93671875 0.5046875 0.04140625 0.0484375
1 0.6625 0.521875 0.040625 0.05625
1 0.6171875 0.52578125 0.04375 0.03671875
1 0.55390625 0.41640625 0.05 0.04453125
1 0.40859375 0.57109375 0.04765625 0.05234375
1 0.3875 0.528125 0.06015625 0.0640625
1 0.27109375 0.70546875 0.0578125 0.04921875
1 0.2875 0.75234375 0.046875 0.03671875
1 0.22265625 0.57421875 0.05 0.03671875
1 0.1328125 0.640625 0.0484375 0.03984375
1 0.1046875 0.6859375 0.05390625 0.04609375
1 0.103125 0.7265625 0.03359375 0.03359375
1 0.02890625 0.68671875 0.04453125 0.034375
1 0.10078125 0.58984375 0.04609375 0.0671875
1 0.0515625 0.58125 0.03671875 0.028125
1 0.14609375 0.4734375 0.04296875 0.04765625
1 0.275 0.50546875 0.0390625 0.02265625
1 0.30234375 0.31953125 0.03984375 0.046875
1 0.2625 0.5359375 0.03203125 0.021875
1 0.19140625 0.4703125 0.03203125 0.04140625
1 0.27734375 0.22734375 0.03828125 0.040625
1 0.33671875 0.31328125 0.0328125 0.04765625
1 0.771875 0.1328125 0.02421875 0.0296875
1 0.90859375 0.440625 0.0390625 0.0578125