1 0.7546875 0.19296875 0.215625 0.31484375
1 0.52578125 0.1921875 0.2203125 0.30703125
1 0.434375 0.0328125 0.16015625 0.065625
1 0.36640625 0.1515625 0.09296875 0.15078125
1 0.15625 0.31015625 0.14375 0.18828125
1 0.6109375 0.44296875 0.09609375 0.125
1 0.578125 0.54765625 0.12109375 0.13203125
1 0.425 0.5546875 0.1171875 0.15703125
1 0.23515625 0.671875 0.084375 0.14921875
1 0.334375 0.7 0.1078125 0.165625
1 0.43828125 0.71953125 0.07734375 0.153125
1 0.50625 0.7515625 0.0359375 0.10234375
1 0.60078125 0.7109375 0.0734375 0.165625
1 0.7125 0.74296875 0.1296875 0.19453125