1 0.384375 0.1921875 0.0796875 0.09375
1 0.4578125 0.27265625 0.1125 0.08359375
1 0.66953125 0.3703125 0.1046875 0.1078125
1 0.96953125 0.58671875 0.0609375 0.1265625
1 0.8015625 0.56328125 0.10234375 0.10078125
1 0.90078125 0.71171875 0.0953125 0.13046875
1 0.71875 0.628125 0.1 0.0828125
1 0.68984375 0.6984375 0.1 0.0828125
1 0.47265625 0.5375 0.06875 0.1
1 0.39296875 0.51328125 0.08984375 0.1
1 0.37578125 0.596875 0.10390625 0.0609375
1 0.32890625 0.50234375 0.06640625 0.06328125
1 0.51171875 0.71640625 0.08671875 0.12109375
1 0.4359375 0.71875 0.075 0.1
1 0.55390625 0.82890625 0.09765625 0.11484375
1 0.0796875 0.92421875 0.0765625 0.07578125
1 0.03671875 0.9671875 0.06796875 0.065625