1 0.59375 0.31953125 0.08046875 0.109375
1 0.6703125 0.35234375 0.0734375 0.07265625
1 0.92265625 0.44921875 0.0625 0.07578125
1 0.984375 0.7515625 0.03125 0.08359375
1 0.98125 0.82109375 0.0375 0.0671875
1 0.9140625 0.83125 0.06015625 0.05625
1 0.90390625 0.76640625 0.0390625 0.046875
1 0.8703125 0.71015625 0.034375 0.03671875
1 0.8671875 0.965625 0.0578125 0.06796875
1 0.60859375 0.61875 0.0609375 0.10703125
1 0.72265625 0.03515625 0.07578125 0.0703125
1 0.21875 0.48359375 0.04765625 0.06328125