1 0.6203125 0.18046875 0.1203125 0.128125
1 0.6796875 0.0546875 0.140625 0.10546875
1 0.5578125 0.07421875 0.08671875 0.07890625
1 0.13203125 0.1859375 0.08125 0.09296875
1 0.11171875 0.05546875 0.08984375 0.07265625
1 0.3078125 0.29140625 0.075 0.0796875
1 0.2328125 0.29609375 0.046875 0.06171875
1 0.0421875 0.321875 0.06796875 0.0796875
1 0.52578125 0.328125 0.04921875 0.08828125
1 0.459375 0.415625 0.08515625 0.11015625
1 0.98046875 0.0671875 0.0390625 0.13125
1 0.5546875 0.7671875 0.03515625 0.040625
1 0.61171875 0.72578125 0.0578125 0.059375
1 0.60625 0.63125 0.06796875 0.09375
1 0.575 0.52265625 0.04921875 0.06953125
1 0.51953125 0.56875 0.08359375 0.08125
1 0.4828125 0.50078125 0.059375 0.0484375
1 0.39296875 0.52734375 0.0625 0.06796875
1 0.44765625 0.56171875 0.03515625 0.05234375
1 0.44453125 0.6703125 0.0390625 0.0484375
1 0.5328125 0.66015625 0.0515625 0.08125
1 0.48203125 0.690625 0.02734375 0.03203125