1 0.4328125 0.04140625 0.1 0.0828125
1 0.34140625 0.04765625 0.08828125 0.09453125
1 0.2734375 0.03203125 0.0640625 0.0640625
1 0.30078125 0.2125 0.14765625 0.19609375
1 0.865625 0.08515625 0.0984375 0.109375
1 0.93671875 0.178125 0.1109375 0.11328125
1 0.02890625 0.33125 0.05703125 0.1
1 0.6625 0.52265625 0.13828125 0.1921875
1 0.8171875 0.5765625 0.11171875 0.115625
1 0.446875 0.565625 0.09296875 0.10703125
1 0.39296875 0.696875 0.08125 0.09765625
1 0.234375 0.66328125 0.10390625 0.1109375
1 0.296875 0.78515625 0.11328125 0.1171875
1 0.765625 0.73828125 0.1265625 0.14140625
1 0.8078125 0.86171875 0.109375 0.11328125
1 0.7078125 0.846875 0.0984375 0.1171875
1 0.62265625 0.88984375 0.1171875 0.1265625