1 0.59140625 0.59375 0.0890625 0.103125
1 0.5828125 0.65703125 0.06796875 0.0484375
1 0.61953125 0.71015625 0.0703125 0.09609375
1 0.6578125 0.559375 0.07265625 0.11875
1 0.7796875 0.4921875 0.07734375 0.09609375
1 0.78515625 0.3671875 0.10390625 0.0765625
1 0.6875 0.34140625 0.084375 0.07890625
1 0.39765625 0.6265625 0.08671875 0.11015625
1 0.10859375 0.06875 0.0734375 0.11953125
1 0.69140625 0.1984375 0.0765625 0.06484375
1 0.98125 0.25859375 0.0375 0.05703125
1 0.9828125 0.0625 0.034375 0.075
1 0.4703125 0.4609375 0.06484375 0.09921875