1 0.66640625 0.2765625 0.22265625 0.26796875
1 0.52578125 0.07421875 0.2359375 0.1484375
1 0.33046875 0.0625 0.18046875 0.125
1 0.85703125 0.06953125 0.178125 0.1390625
1 0.86484375 0.19765625 0.16640625 0.15859375
1 0.309375 0.58359375 0.1171875 0.21015625
1 0.2171875 0.6234375 0.09921875 0.1359375
1 0.4046875 0.50859375 0.0734375 0.13515625
1 0.6234375 0.84453125 0.11015625 0.23046875
1 0.515625 0.89296875 0.13046875 0.109375
1 0.46484375 0.68203125 0.0609375 0.0921875
1 0.81171875 0.48515625 0.103125 0.09921875