1 0.875 0.45078125 0.11875 0.16875
1 0.68046875 0.05 0.12265625 0.1
1 0.21015625 0.046875 0.11640625 0.0921875
1 0.2125 0.58359375 0.13671875 0.13515625
1 0.134375 0.50625 0.10859375 0.11484375
1 0.221875 0.69375 0.08046875 0.07421875
1 0.13828125 0.7359375 0.06875 0.07890625
1 0.378125 0.79609375 0.07421875 0.08125
1 0.46796875 0.725 0.07265625 0.07734375
1 0.54453125 0.69921875 0.090625 0.11171875
1 0.58828125 0.790625 0.08359375 0.09609375
1 0.6484375 0.74140625 0.08671875 0.109375
1 0.63671875 0.65546875 0.08359375 0.109375
1 0.80078125 0.69296875 0.12421875 0.125
1 0.54765625 0.5921875 0.1140625 0.13125
1 0.72109375 0.66875 0.0609375 0.10859375