1 0.771875 0.05703125 0.06640625 0.1015625
1 0.83671875 0.33046875 0.04609375 0.071875
1 0.84609375 0.621875 0.05 0.06875
1 0.81953125 0.575 0.028125 0.065625
1 0.7296875 0.58828125 0.0515625 0.0765625
1 0.7609375 0.62265625 0.04375 0.059375
1 0.75625 0.6703125 0.06640625 0.07421875
1 0.78046875 0.73125 0.04140625 0.0578125
1 0.8109375 0.74140625 0.03828125 0.06171875
1 0.70078125 0.75625 0.046875 0.06953125
1 0.30625 0.765625 0.11171875 0.12578125
1 0.2828125 0.646875 0.1015625 0.11328125
1 0.13359375 0.71796875 0.1125 0.121875
1 0.05390625 0.8078125 0.1078125 0.146875
1 0.14765625 0.91640625 0.125 0.1453125
1 0.3296875 0.8859375 0.0515625 0.0734375
1 0.15859375 0.81796875 0.09375 0.103125
1 0.27109375 0.853125 0.0671875 0.05625
1 0.54921875 0.62734375 0.04296875 0.04765625
1 0.48515625 0.62734375 0.0484375 0.04765625
1 0.60703125 0.34921875 0.0359375 0.078125