1 0.68359375 0.69609375 0.065625 0.0625
1 0.71328125 0.66171875 0.06640625 0.06328125
1 0.475 0.6875 0.07578125 0.09765625
1 0.52890625 0.715625 0.06640625 0.075
1 0.5734375 0.70859375 0.08046875 0.06171875
1 0.325 0.5796875 0.0953125 0.11171875
1 0.20078125 0.51640625 0.10859375 0.0875
1 0.26640625 0.78671875 0.09609375 0.08984375
1 0.19296875 0.77421875 0.065625 0.08046875
1 0.2640625 0.69375 0.0640625 0.046875
1 0.10859375 0.4875 0.0734375 0.1046875
1 0.5625 0.48203125 0.05390625 0.071875
1 0.6203125 0.503125 0.040625 0.06015625
1 0.78125 0.3828125 0.0640625 0.0484375
1 0.61328125 0.35078125 0.0484375 0.06484375
1 0.6078125 0.28359375 0.0484375 0.0484375
1 0.92734375 0.40703125 0.03515625 0.06484375