1 0.80859375 0.45234375 0.1125 0.184375
1 0.71171875 0.4953125 0.075 0.14453125
1 0.628125 0.50703125 0.08671875 0.13359375
1 0.62578125 0.33671875 0.09765625 0.13828125
1 0.5015625 0.28515625 0.08671875 0.05625
1 0.4203125 0.3140625 0.06171875 0.065625
1 0.14765625 0.26484375 0.04765625 0.053125
1 0.0578125 0.225 0.075 0.0609375
1 0.1359375 0.20390625 0.065625 0.0578125
1 0.29921875 0.6078125 0.04921875 0.05703125
1 0.671875 0.63828125 0.07421875 0.09453125
1 0.46015625 0.63203125 0.05625 0.0671875
1 0.4 0.52734375 0.04921875 0.059375
1 0.40859375 0.67890625 0.046875 0.05
1 0.3234375 0.7546875 0.03046875 0.03828125
1 0.32734375 0.79453125 0.03828125 0.034375
1 0.359375 0.925 0.04140625 0.03203125
1 0.21875 0.65390625 0.03671875 0.04140625