1 0.85703125 0.57265625 0.109375 0.13046875
1 0.4046875 0.71953125 0.09375 0.09921875
1 0.440625 0.7609375 0.0671875 0.08984375
1 0.32109375 0.81796875 0.08671875 0.09609375
1 0.446875 0.51796875 0.0578125 0.06171875
1 0.471875 0.61484375 0.05 0.078125
1 0.5484375 0.40859375 0.06171875 0.06015625
1 0.9828125 0.42578125 0.034375 0.0828125
1 0.8453125 0.32578125 0.0515625 0.05859375
1 0.2015625 0.3859375 0.05859375 0.05703125
1 0.40078125 0.440625 0.05 0.04453125
1 0.47890625 0.97421875 0.0796875 0.0515625