1 0.890625 0.31015625 0.053125 0.0640625
1 0.90078125 0.35859375 0.03671875 0.04296875
1 0.74453125 0.21875 0.03828125 0.06796875
1 0.721875 0.21484375 0.025 0.05390625
1 0.3671875 0.4765625 0.025 0.04453125
1 0.3890625 0.46328125 0.03203125 0.0546875
1 0.41328125 0.440625 0.03203125 0.05234375
1 0.3390625 0.33046875 0.0328125 0.05703125
1 0.2859375 0.27109375 0.0234375 0.02890625
1 0.26015625 0.27109375 0.05078125 0.06640625
1 0.125 0.2296875 0.05234375 0.06328125
1 0.190625 0.38359375 0.03984375 0.03984375
1 0.2015625 0.6765625 0.02890625 0.04453125
1 0.76640625 0.4046875 0.02890625 0.034375
1 0.90546875 0.23984375 0.03046875 0.034375