1 0.7546875 0.2296875 0.0796875 0.09296875
1 0.7046875 0.50078125 0.08125 0.1078125
1 0.54375 0.425 0.10390625 0.13984375
1 0.41796875 0.634375 0.0625 0.0796875
1 0.3140625 0.62734375 0.065625 0.04921875
1 0.365625 0.671875 0.06171875 0.05859375
1 0.40078125 0.72734375 0.065625 0.0625
1 0.334375 0.7171875 0.0546875 0.05078125
1 0.36484375 0.7984375 0.05703125 0.0640625
1 0.44375 0.9 0.0640625 0.06640625
1 0.4203125 0.978125 0.06640625 0.04375
1 0.275 0.7328125 0.03984375 0.05703125
1 0.56015625 0.89609375 0.0375 0.05859375
1 0.5234375 0.8984375 0.03359375 0.06640625