1 0.97734375 0.4453125 0.04453125 0.07734375
1 0.72578125 0.56953125 0.0484375 0.06015625
1 0.6515625 0.575 0.05 0.0765625
1 0.69921875 0.6171875 0.05390625 0.075
1 0.66015625 0.64140625 0.05078125 0.05390625
1 0.53984375 0.7984375 0.05078125 0.07421875
1 0.33203125 0.71875 0.078125 0.103125
1 0.23671875 0.759375 0.05703125 0.05546875
1 0.37109375 0.29765625 0.0546875 0.06484375
1 0.0171875 0.540625 0.034375 0.06875
1 0.0171875 0.30234375 0.034375 0.0640625
1 0.05 0.18203125 0.04765625 0.053125
1 0.61328125 0.31953125 0.05859375 0.0765625
1 0.50703125 0.96953125 0.065625 0.059375