1 0.74375 0.2796875 0.0625 0.0828125
1 0.6765625 0.2921875 0.05 0.05390625
1 0.7078125 0.36796875 0.0703125 0.06796875
1 0.64296875 0.38671875 0.040625 0.0640625
1 0.721875 0.44921875 0.0609375 0.06328125
1 0.66328125 0.4828125 0.04609375 0.07265625
1 0.60234375 0.46640625 0.06171875 0.09375
1 0.8140625 0.6796875 0.03984375 0.0515625
1 0.88125 0.6375 0.03671875 0.028125
1 0.66015625 0.66484375 0.0625 0.08984375
1 0.59765625 0.69921875 0.04453125 0.07265625
1 0.5875 0.63125 0.0515625 0.03828125
1 0.41796875 0.5109375 0.06171875 0.071875
1 0.46796875 0.5375 0.02890625 0.0453125
1 0.43828125 0.57578125 0.03046875 0.03515625
1 0.45625 0.63125 0.04375 0.03828125
1 0.41015625 0.64296875 0.046875 0.0390625
1 0.384375 0.69921875 0.059375 0.06875
1 0.28984375 0.70625 0.0734375 0.0859375
1 0.10234375 0.3265625 0.059375 0.0703125
1 0.1140625 0.41328125 0.06015625 0.059375
1 0.171875 0.47109375 0.0234375 0.06171875
1 0.19140625 0.53046875 0.04296875 0.05859375
1 0.3453125 0.58828125 0.04296875 0.07109375
1 0.14453125 0.5859375 0.0484375 0.03984375
1 0.2234375 0.8375 0.0578125 0.0484375
1 0.86875 0.79296875 0.03828125 0.05