1 0.5859375 0.19296875 0.0890625 0.17109375
1 0.53203125 0.30390625 0.07734375 0.1265625
1 0.4109375 0.5046875 0.08046875 0.121875
1 0.5015625 0.475 0.096875 0.1640625
1 0.39375 0.64375 0.1359375 0.13359375
1 0.37421875 0.7859375 0.103125 0.18828125
1 0.18828125 0.8359375 0.0515625 0.1390625
1 0.2875 0.91640625 0.0890625 0.0703125
1 0.0859375 0.88359375 0.07109375 0.090625
1 0.02265625 0.9390625 0.0453125 0.11640625
1 0.72421875 0.66171875 0.078125 0.09453125
1 0.88828125 0.8703125 0.0859375 0.134375
1 0.790625 0.8921875 0.06171875 0.0765625
1 0.9734375 0.44375 0.053125 0.07578125