1 0.4828125 0.39453125 0.08046875 0.0890625
1 0.4265625 0.43828125 0.07421875 0.08046875
1 0.4078125 0.34609375 0.046875 0.04609375
1 0.32265625 0.38515625 0.059375 0.075
1 0.4234375 0.89609375 0.07890625 0.1265625
1 0.35078125 0.93359375 0.08828125 0.12109375
1 0.7 0.73828125 0.0453125 0.05703125
1 0.72578125 0.796875 0.0484375 0.06015625
1 0.68515625 0.78828125 0.03125 0.04296875
1 0.57890625 0.67890625 0.0484375 0.05390625
1 0.565625 0.55234375 0.0484375 0.05703125
1 0.63828125 0.6296875 0.0390625 0.0359375
1 0.725 0.64140625 0.02578125 0.0390625
1 0.73359375 0.7515625 0.04296875 0.06171875
1 0.7546875 0.8 0.03828125 0.05078125