1 0.72421875 0.44453125 0.13671875 0.1734375
1 0.77890625 0.57109375 0.1234375 0.10546875
1 0.8625 0.39296875 0.08203125 0.18125
1 0.94765625 0.41953125 0.08671875 0.10703125
1 0.64453125 0.553125 0.10546875 0.1171875
1 0.60546875 0.49140625 0.0640625 0.084375
1 0.503125 0.259375 0.1109375 0.16953125
1 0.459375 0.62890625 0.065625 0.1046875
1 0.51796875 0.5625 0.0859375 0.078125
1 0.41796875 0.4984375 0.0671875 0.09375
1 0.36328125 0.4328125 0.0765625 0.08515625
1 0.31328125 0.503125 0.0921875 0.10390625
1 0.278125 0.3953125 0.0765625 0.11171875
1 0.28359375 0.61484375 0.103125 0.11953125
1 0.39140625 0.62734375 0.0625 0.090625
1 0.34140625 0.71484375 0.0859375 0.09453125
1 0.396875 0.73828125 0.0640625 0.0671875
1 0.1671875 0.625 0.08984375 0.1125
1 0.06640625 0.61640625 0.084375 0.10625
1 0.1625 0.52578125 0.0484375 0.0734375
1 0.08203125 0.5484375 0.06875 0.08203125
1 0.05703125 0.2578125 0.08828125 0.1078125