1 0.525 0.50859375 0.11171875 0.1515625
1 0.59140625 0.55859375 0.0515625 0.1234375
1 0.30078125 0.496875 0.06875 0.09609375
1 0.30625 0.4296875 0.0515625 0.084375
1 0.2484375 0.40703125 0.06015625 0.06484375
1 0.70390625 0.75703125 0.05859375 0.09453125
1 0.74921875 0.6640625 0.06328125 0.08359375
1 0.87734375 0.65546875 0.059375 0.0828125
1 0.90078125 0.58515625 0.05703125 0.06953125
1 0.6984375 0.8953125 0.0375 0.07109375
1 0.60390625 0.6875 0.05625 0.0875
1 0.24296875 0.4953125 0.06953125 0.11328125
1 0.18046875 0.26875 0.05703125 0.065625
1 0.115625 0.23984375 0.06015625 0.071875
1 0.02109375 0.5671875 0.04140625 0.1296875
1 0.940625 0.934375 0.0625 0.08515625