1 0.0953125 0.5390625 0.06640625 0.06953125
1 0.0390625 0.70703125 0.0734375 0.109375
1 0.11796875 0.74609375 0.06796875 0.1296875
1 0.31640625 0.671875 0.0609375 0.0734375
1 0.38125 0.62109375 0.05625 0.0734375
1 0.41171875 0.734375 0.05625 0.06640625
1 0.3359375 0.7609375 0.0609375 0.0703125
1 0.32265625 0.83203125 0.065625 0.05390625
1 0.340625 0.91015625 0.0671875 0.0703125
1 0.553125 0.39921875 0.07578125 0.075
1 0.65859375 0.40546875 0.06953125 0.075
1 0.68984375 0.59140625 0.121875 0.0921875
1 0.63828125 0.67421875 0.03046875 0.05546875
1 0.81640625 0.61796875 0.0515625 0.06640625
1 0.8515625 0.353125 0.03671875 0.05703125
1 0.9109375 0.4203125 0.02890625 0.04296875
1 0.96328125 0.31796875 0.0734375 0.09375
1 0.98203125 0.22890625 0.03125 0.0765625
1 0.99140625 0.40390625 0.0171875 0.053125