1 0.6 0.053125 0.046875 0.0625
1 0.64921875 0.128125 0.0453125 0.0671875
1 0.55390625 0.0953125 0.03828125 0.06875
1 0.55703125 0.3328125 0.06484375 0.065625
1 0.53828125 0.4171875 0.06328125 0.06953125
1 0.45703125 0.3609375 0.08984375 0.10546875
1 0.43828125 0.48203125 0.10546875 0.115625
1 0.4484375 0.59296875 0.09765625 0.08515625
1 0.3140625 0.48984375 0.109375 0.15078125
1 0.196875 0.55546875 0.08125 0.09921875
1 0.0578125 0.52421875 0.0671875 0.075
1 0.06875 0.61171875 0.06015625 0.06015625
1 0.22421875 0.77421875 0.028125 0.04140625
1 0.28359375 0.77578125 0.03359375 0.03671875
1 0.76953125 0.6828125 0.075 0.13828125
1 0.678125 0.7875 0.0828125 0.11484375
1 0.75625 0.9328125 0.190625 0.134375