1 0.5875 0.3484375 0.103125 0.12265625
1 0.6234375 0.284375 0.06015625 0.09609375
1 0.56875 0.55546875 0.1015625 0.14921875
1 0.6 0.46328125 0.03984375 0.0546875
1 0.46640625 0.54453125 0.07421875 0.10546875
1 0.65390625 0.559375 0.0671875 0.05078125
1 0.8 0.76171875 0.09765625 0.11796875
1 0.71328125 0.76171875 0.0578125 0.07265625
1 0.91171875 0.809375 0.08515625 0.12890625
1 0.9078125 0.94140625 0.1046875 0.1171875
1 0.82265625 0.9375 0.0953125 0.125
1 0.18984375 0.9171875 0.08671875 0.0953125
1 0.17734375 0.67890625 0.09609375 0.09921875
1 0.1109375 0.596875 0.06640625 0.09453125