1 0.3921875 0.47265625 0.09609375 0.13046875
1 0.3453125 0.25234375 0.10859375 0.146875
1 0.31484375 0.36796875 0.0734375 0.103125
1 0.4140625 0.3859375 0.04609375 0.0734375
1 0.8546875 0.3515625 0.0734375 0.11015625
1 0.94375 0.44140625 0.065625 0.09140625
1 0.94453125 0.5109375 0.07109375 0.06953125
1 0.98671875 0.46640625 0.0265625 0.0875
1 0.975 0.59765625 0.04921875 0.06953125
1 0.75625 0.76484375 0.07265625 0.08828125
1 0.56640625 0.86328125 0.04453125 0.059375
1 0.72734375 0.96015625 0.065625 0.0796875
1 0.5234375 0.6203125 0.065625 0.09296875
1 0.70859375 0.70078125 0.05234375 0.08046875