1 0.23046875 0.25390625 0.07265625 0.16953125
1 0.30703125 0.24765625 0.08046875 0.11015625
1 0.29140625 0.37265625 0.06015625 0.1296875
1 0.3015625 0.49609375 0.08046875 0.1109375
1 0.34375 0.59765625 0.075 0.10625
1 0.278125 0.5875 0.06015625 0.09609375
1 0.30078125 0.65859375 0.05234375 0.1
1 0.35078125 0.7296875 0.06171875 0.06015625
1 0.43203125 0.77265625 0.06953125 0.1515625
1 0.59296875 0.8359375 0.0609375 0.128125
1 0.58828125 0.72734375 0.04609375 0.071875
1 0.84921875 0.4234375 0.0546875 0.071875
1 0.821875 0.3625 0.03828125 0.0828125
1 0.7671875 0.246875 0.06796875 0.075
1 0.59609375 0.33671875 0.0515625 0.07890625
1 0.6484375 0.39765625 0.059375 0.08359375
1 0.90703125 0.2765625 0.0484375 0.05546875
1 0.56796875 0.146875 0.0640625 0.05625
1 0.27421875 0.87578125 0.03046875 0.12734375
1 0.71484375 0.11328125 0.03671875 0.0484375