1 0.2453125 0.03984375 0.06953125 0.0734375
1 0.4359375 0.32734375 0.06328125 0.075
1 0.39140625 0.32890625 0.0359375 0.05703125
1 0.16015625 0.4953125 0.03984375 0.05546875
1 0.3421875 0.709375 0.08359375 0.096875
1 0.24140625 0.74296875 0.0453125 0.08046875
1 0.47578125 0.7453125 0.0578125 0.06328125
1 0.4984375 0.8234375 0.0359375 0.071875
1 0.5421875 0.91015625 0.03125 0.05390625
1 0.52109375 0.92734375 0.03828125 0.0671875
1 0.63125 0.615625 0.07109375 0.08359375
1 0.60859375 0.5625 0.0703125 0.034375
1 0.7109375 0.43828125 0.06640625 0.084375
1 0.775 0.471875 0.0609375 0.09296875
1 0.7875 0.40390625 0.0640625 0.06015625
1 0.70703125 0.3484375 0.0671875 0.0828125
1 0.925 0.0515625 0.07734375 0.05703125
1 0.17734375 0.115625 0.025 0.04765625
1 0.20234375 0.77734375 0.0359375 0.03828125
1 0.2671875 0.41328125 0.0265625 0.05703125