1 0.57734375 0.37578125 0.03515625 0.0578125
1 0.5984375 0.421875 0.04921875 0.05078125
1 0.43046875 0.42109375 0.0390625 0.04921875
1 0.39921875 0.3984375 0.046875 0.07109375
1 0.36484375 0.4109375 0.05 0.065625
1 0.184375 0.4859375 0.053125 0.0546875
1 0.17265625 0.4203125 0.05703125 0.07578125
1 0.2484375 0.5828125 0.03046875 0.04453125
1 0.1234375 0.34609375 0.04609375 0.059375
1 0.7734375 0.28515625 0.03125 0.04921875
1 0.97421875 0.3984375 0.03359375 0.05390625
1 0.684375 0.28515625 0.04453125 0.0546875
1 0.73125 0.2375 0.0265625 0.03359375
1 0.5046875 0.13515625 0.02265625 0.034375
1 0.53984375 0.28046875 0.03046875 0.03515625