1 0.72265625 0.64765625 0.0625 0.0546875
1 0.72890625 0.58046875 0.04921875 0.06640625
1 0.68125 0.61484375 0.04765625 0.07265625
1 0.64453125 0.5375 0.05 0.05546875
1 0.63203125 0.6078125 0.078125 0.08984375
1 0.578125 0.5828125 0.05 0.0390625
1 0.565625 0.6453125 0.059375 0.05859375
1 0.88203125 0.5046875 0.04375 0.05234375
1 0.78515625 0.509375 0.04609375 0.071875
1 0.9546875 0.440625 0.04296875 0.0578125
1 0.434375 0.5375 0.0828125 0.0421875
1 0.321875 0.42421875 0.03046875 0.0421875
1 0.32734375 0.35390625 0.04140625 0.04375
1 0.31796875 0.02578125 0.07109375 0.04609375
1 0.13671875 0.0328125 0.0421875 0.06484375
1 0.11640625 0.36484375 0.02421875 0.04453125
1 0.39765625 0.6046875 0.03046875 0.04765625
1 0.34375 0.52421875 0.034375 0.07421875
1 0.7875 0.43828125 0.0515625 0.04375
1 0.8796875 0.43984375 0.03515625 0.065625