1 0.6796875 0.315625 0.0796875 0.11171875
1 0.846875 0.44375 0.10390625 0.128125
1 0.83359375 0.52890625 0.09296875 0.07421875
1 0.86328125 0.5890625 0.08828125 0.11015625
1 0.621875 0.59453125 0.10234375 0.13046875
1 0.63046875 0.70546875 0.05078125 0.0859375
1 0.721875 0.61015625 0.05234375 0.0546875
1 0.7859375 0.60390625 0.0640625 0.08046875
1 0.971875 0.61328125 0.05625 0.071875
1 0.04609375 0.79765625 0.0921875 0.1390625
1 0.03046875 0.65546875 0.0609375 0.1390625
1 0.1125 0.928125 0.04296875 0.0625