1 0.78203125 0.36953125 0.15546875 0.1609375
1 0.82890625 0.49921875 0.10703125 0.09921875
1 0.6625 0.53828125 0.1828125 0.1640625
1 0.2296875 0.79609375 0.17890625 0.1875
1 0.36171875 0.72578125 0.08828125 0.15703125
1 0.36953125 0.46015625 0.07265625 0.115625
1 0.275 0.37734375 0.12734375 0.1453125
1 0.05 0.41484375 0.1 0.12265625
1 0.03671875 0.19921875 0.0734375 0.15859375
1 0.66953125 0.87109375 0.07734375 0.0796875
1 0.79296875 0.2171875 0.11484375 0.13046875
1 0.69609375 0.14140625 0.125 0.14453125
1 0.4515625 0.31953125 0.04140625 0.09609375