1 0.103125 0.32734375 0.1640625 0.17265625
1 0.14375 0.54921875 0.175 0.20625
1 0.43671875 0.8421875 0.12109375 0.140625
1 0.54375 0.80859375 0.14921875 0.16953125
1 0.40625 0.74453125 0.103125 0.08515625
1 0.02265625 0.69140625 0.0453125 0.1109375
1 0.1109375 0.76171875 0.06640625 0.0859375
1 0.02421875 0.86328125 0.0484375 0.1078125
1 0.03828125 0.9109375 0.065625 0.08125
1 0.621875 0.5625 0.0921875 0.12578125
1 0.703125 0.46328125 0.13125 0.0921875
1 0.8453125 0.6265625 0.075 0.13125
1 0.9796875 0.28984375 0.03984375 0.1140625
1 0.9078125 0.203125 0.11484375 0.0734375