1 0.875 0.3609375 0.1765625 0.22890625
1 0.7171875 0.3046875 0.0859375 0.159375
1 0.64140625 0.2625 0.07734375 0.15546875
1 0.40625 0.45390625 0.09296875 0.1484375
1 0.53359375 0.34921875 0.0703125 0.08359375
1 0.60703125 0.878125 0.084375 0.090625
1 0.775 0.928125 0.07265625 0.11484375
1 0.94375 0.9390625 0.11171875 0.121875
1 0.33359375 0.7578125 0.05859375 0.1171875
1 0.42109375 0.67109375 0.06796875 0.103125
1 0.21484375 0.1953125 0.05 0.07890625
1 0.26953125 0.0578125 0.06953125 0.0703125
1 0.3921875 0.5703125 0.07421875 0.10390625