1 0.90703125 0.37265625 0.0921875 0.134375
1 0.82421875 0.4140625 0.11171875 0.1265625
1 0.91640625 0.78984375 0.1375 0.15078125
1 0.821875 0.85390625 0.10546875 0.1375
1 0.70234375 0.315625 0.0890625 0.10234375
1 0.759375 0.4578125 0.10234375 0.1375
1 0.475 0.46171875 0.06171875 0.09609375
1 0.528125 0.51640625 0.07734375 0.09453125
1 0.58828125 0.50390625 0.04375 0.1015625
1 0.64453125 0.56796875 0.08125 0.11171875
1 0.725 0.6234375 0.10546875 0.1078125
1 0.73125 0.5421875 0.05234375 0.04375
1 0.6875 0.72578125 0.06796875 0.07890625
1 0.65234375 0.6796875 0.053125 0.0640625
1 0.5375 0.6015625 0.06171875 0.06640625
1 0.4796875 0.5578125 0.03203125 0.0359375
1 0.44375 0.5375 0.04296875 0.053125
1 0.39375 0.5453125 0.03828125 0.05625
1 0.37109375 0.5171875 0.03359375 0.06171875
1 0.35703125 0.44765625 0.0453125 0.04765625
1 0.275 0.34296875 0.0375 0.05078125
1 0.20625 0.40234375 0.03046875 0.03984375
1 0.19765625 0.4484375 0.03203125 0.04140625
1 0.175 0.43046875 0.02421875 0.03984375
1 0.1734375 0.5171875 0.03203125 0.0453125
1 0.1296875 0.56328125 0.028125 0.04921875
1 0.1296875 0.4046875 0.034375 0.03828125