1 0.47109375 0.31953125 0.1 0.13046875
1 0.56640625 0.371875 0.05 0.10703125
1 0.83828125 0.58671875 0.178125 0.20078125
1 0.73203125 0.71328125 0.1359375 0.19296875
1 0.8640625 0.75 0.12734375 0.1265625
1 0.96484375 0.4875 0.0703125 0.153125
1 0.6125 0.65078125 0.1109375 0.1265625
1 0.46875 0.71875 0.084375 0.0921875
1 0.28203125 0.73984375 0.0953125 0.09140625
1 0.16015625 0.80546875 0.08046875 0.08359375
1 0.2 0.5953125 0.0859375 0.090625
1 0.171875 0.63984375 0.0609375 0.0671875
1 0.01875 0.6296875 0.0375 0.075
1 0.89453125 0.03046875 0.1203125 0.0609375