1 0.68828125 0.09296875 0.0625 0.078125
1 0.740625 0.16875 0.0953125 0.134375
1 0.86171875 0.4359375 0.12265625 0.1359375
1 0.803125 0.6515625 0.0828125 0.0984375
1 0.7171875 0.6453125 0.08203125 0.09765625
1 0.715625 0.74609375 0.07890625 0.09765625
1 0.64453125 0.7671875 0.046875 0.07734375
1 0.678125 0.8203125 0.06171875 0.065625
1 0.57109375 0.81640625 0.071875 0.08203125
1 0.51875 0.690625 0.115625 0.13515625
1 0.4125 0.675 0.10546875 0.15390625
1 0.4515625 0.82265625 0.0765625 0.09765625
1 0.39453125 0.88046875 0.1109375 0.125
1 0.0359375 0.72109375 0.071875 0.2078125
1 0.0375 0.94375 0.0671875 0.11171875