1 0.10390625 0.21328125 0.20703125 0.21015625
1 0.2296875 0.2046875 0.11875 0.17890625
1 0.18359375 0.5328125 0.196875 0.253125
1 0.06171875 0.52265625 0.096875 0.18515625
1 0.05234375 0.81328125 0.0984375 0.09921875
1 0.49609375 0.809375 0.12890625 0.18203125
1 0.44375 0.88203125 0.09296875 0.13125
1 0.5515625 0.91640625 0.1375 0.1671875
1 0.7421875 0.84921875 0.17265625 0.23515625
1 0.6125 0.75859375 0.12109375 0.17109375
1 0.84921875 0.43671875 0.178125 0.1453125
1 0.97578125 0.63046875 0.04765625 0.16015625
1 0.603125 0.51328125 0.10234375 0.075
1 0.7609375 0.5203125 0.07109375 0.08984375