1 0.11484375 0.19296875 0.0796875 0.09296875
1 0.67734375 0.2296875 0.09609375 0.1625
1 0.30859375 0.42265625 0.08671875 0.11484375
1 0.85234375 0.45703125 0.09765625 0.11875
1 0.08828125 0.8578125 0.06015625 0.07578125
1 0.184375 0.65859375 0.0375 0.06953125
1 0.175 0.6046875 0.06796875 0.04140625
1 0.3765625 0.3171875 0.05703125 0.075
1 0.28203125 0.7375 0.04921875 0.0640625
1 0.01640625 0.90625 0.0328125 0.103125
1 0.50546875 0.28359375 0.06640625 0.07578125
1 0.4765625 0.55234375 0.05703125 0.071875
1 0.30703125 0.68125 0.06796875 0.0375
1 0.20625 0.7703125 0.0734375 0.05703125
1 0.4890625 0.86171875 0.03203125 0.05859375