1 0.21015625 0.77734375 0.05625 0.0640625
1 0.65390625 0.52890625 0.05078125 0.065625
1 0.58125 0.5796875 0.05078125 0.04765625
1 0.7203125 0.3609375 0.05 0.0625
1 0.653125 0.36484375 0.0578125 0.0484375
1 0.565625 0.3453125 0.03359375 0.028125
1 0.50234375 0.32734375 0.040625 0.0671875
1 0.9703125 0.16875 0.04765625 0.0515625
1 0.6203125 0.08671875 0.05 0.05703125
1 0.9765625 0.9546875 0.046875 0.0546875
1 0.9515625 0.840625 0.02734375 0.05
1 0.68671875 0.7671875 0.0359375 0.0390625
1 0.2375 0.646875 0.03046875 0.03046875