1 0.64140625 0.41484375 0.03203125 0.05078125
1 0.6515625 0.48671875 0.065625 0.0796875
1 0.3421875 0.51171875 0.0625 0.06953125
1 0.384375 0.54453125 0.03984375 0.04921875
1 0.609375 0.61875 0.075 0.09609375
1 0.7296875 0.6296875 0.03203125 0.08671875
1 0.80625 0.6765625 0.08125 0.1078125
1 0.81953125 0.77734375 0.06015625 0.075
1 0.634375 0.81484375 0.0625 0.06953125
1 0.5796875 0.77734375 0.06015625 0.06953125
1 0.4796875 0.78828125 0.075 0.07890625
1 0.38671875 0.784375 0.05625 0.07734375
1 0.44375 0.86171875 0.090625 0.1078125
1 0.54453125 0.9203125 0.065625 0.0828125
1 0.0609375 0.7265625 0.04921875 0.071875
1 0.11640625 0.72265625 0.04921875 0.0640625
1 0.25234375 0.784375 0.0453125 0.06640625
1 0.31015625 0.81171875 0.05234375 0.071875
1 0.346875 0.94765625 0.05625 0.08671875
1 0.85546875 0.96875 0.04921875 0.0546875