1 0.33125 0.55234375 0.103125 0.12578125
1 0.18046875 0.44296875 0.1046875 0.13203125
1 0.16796875 0.31953125 0.08515625 0.109375
1 0.17109375 0.7546875 0.06953125 0.11015625
1 0.05859375 0.67890625 0.06875 0.11796875
1 0.35859375 0.7625 0.0765625 0.08359375
1 0.45078125 0.665625 0.0484375 0.1078125
1 0.33046875 0.65859375 0.053125 0.1046875
1 0.7546875 0.678125 0.0484375 0.07890625
1 0.63828125 0.8734375 0.05546875 0.06015625
1 0.55859375 0.2953125 0.09296875 0.1203125
1 0.6828125 0.4390625 0.06328125 0.096875
1 0.78359375 0.58046875 0.0734375 0.09296875
1 0.3640625 0.4203125 0.05546875 0.08203125