1 0.7125 0.615625 0.06953125 0.08359375
1 0.66171875 0.646875 0.04765625 0.06171875
1 0.66328125 0.57109375 0.04609375 0.075
1 0.7328125 0.53984375 0.0515625 0.05078125
1 0.98125 0.44375 0.0375 0.0640625
1 0.3359375 0.7203125 0.07265625 0.09296875
1 0.28203125 0.75390625 0.0484375 0.053125
1 0.24140625 0.7578125 0.06875 0.0609375
1 0.5421875 0.78203125 0.0484375 0.04765625
1 0.6078125 0.77109375 0.04609375 0.03828125
1 0.01171875 0.51875 0.02265625 0.0453125
1 0.05859375 0.6296875 0.03671875 0.0546875
1 0.02109375 0.29765625 0.0421875 0.0578125
1 0.36484375 0.290625 0.03671875 0.0375
1 0.6125 0.315625 0.046875 0.04296875
1 0.6703125 0.43125 0.02109375 0.034375
1 0.809375 0.60078125 0.03671875 0.03203125