1 0.19765625 0.11796875 0.059375 0.0734375
1 0.2296875 0.08203125 0.04375 0.0453125
1 0.29765625 0.259375 0.0453125 0.05859375
1 0.57109375 0.3640625 0.0484375 0.08125
1 0.6453125 0.25546875 0.03828125 0.07734375
1 0.59140625 0.1796875 0.04140625 0.075
1 0.69453125 0.12734375 0.03984375 0.05
1 0.78203125 0.3125 0.059375 0.09609375
1 0.80234375 0.38203125 0.0421875 0.06953125
1 0.81875 0.446875 0.05390625 0.09765625
1 0.77421875 0.44453125 0.03984375 0.0875
1 0.75859375 0.52734375 0.071875 0.09296875
1 0.58984375 0.66171875 0.07109375 0.1109375
1 0.484375 0.4421875 0.040625 0.05546875
1 0.45 0.4609375 0.03671875 0.0453125
1 0.55234375 0.496875 0.0328125 0.0421875
1 0.684375 0.640625 0.0296875 0.0578125
1 0.53125 0.77109375 0.03828125 0.084375
1 0.39375 0.6984375 0.046875 0.071875
1 0.28125 0.6609375 0.04609375 0.06171875
1 0.2546875 0.665625 0.03515625 0.059375
1 0.11171875 0.528125 0.03125 0.06171875
1 0.14609375 0.47109375 0.040625 0.065625
1 0.14765625 0.6578125 0.05078125 0.06484375
1 0.971875 0.10390625 0.040625 0.03984375