1 0.084375 0.11796875 0.16171875 0.17421875
1 0.325 0.30078125 0.14375 0.15546875
1 0.071875 0.3640625 0.11328125 0.125
1 0.3421875 0.4984375 0.18515625 0.10859375
1 0.27890625 0.61640625 0.1421875 0.1078125
1 0.4984375 0.86015625 0.0625 0.09609375
1 0.56171875 0.69765625 0.128125 0.17578125
1 0.78203125 0.684375 0.13203125 0.12265625
1 0.8984375 0.59921875 0.09375 0.14375
1 0.9765625 0.60859375 0.046875 0.1078125
1 0.80234375 0.56796875 0.06640625 0.09140625
1 0.83125 0.95078125 0.05859375 0.0640625
1 0.76875 0.959375 0.05546875 0.08125
1 0.93203125 0.4296875 0.0484375 0.07421875