1 0.69765625 0.28515625 0.08359375 0.09921875
1 0.6890625 0.1953125 0.07109375 0.07421875
1 0.48125 0.1671875 0.07265625 0.0703125
1 0.3890625 0.48515625 0.1109375 0.1265625
1 0.44453125 0.4234375 0.0515625 0.09296875
1 0.51875 0.4734375 0.07265625 0.1296875
1 0.60703125 0.54921875 0.078125 0.11015625
1 0.11171875 0.475 0.11640625 0.17421875
1 0.1890625 0.49296875 0.06328125 0.09375
1 0.7765625 0.4734375 0.04296875 0.0484375
1 0.815625 0.496875 0.03671875 0.06953125
1 0.79609375 0.58984375 0.05546875 0.0578125
1 0.759375 0.4078125 0.0671875 0.0875
1 0.76796875 0.31796875 0.04296875 0.06875
1 0.86328125 0.4015625 0.0359375 0.03828125
1 0.8078125 0.66015625 0.0375 0.04921875
1 0.11640625 0.1828125 0.11015625 0.171875