1 0.72890625 0.65859375 0.1890625 0.19609375
1 0.47421875 0.640625 0.16953125 0.14375
1 0.56171875 0.2625 0.1 0.12265625
1 0.68671875 0.515625 0.078125 0.075
1 0.76953125 0.521875 0.07734375 0.10859375
1 0.8765625 0.53046875 0.0890625 0.13125
1 0.928125 0.3421875 0.0265625 0.11640625
1 0.98359375 0.34375 0.0328125 0.071875
1 0.65078125 0.4171875 0.06484375 0.05390625
1 0.59453125 0.515625 0.05859375 0.08984375
1 0.0375 0.8640625 0.06328125 0.1578125
1 0.3015625 0.928125 0.0703125 0.1046875
1 0.98671875 0.91796875 0.0265625 0.12734375