1 0.5 0.4828125 0.10703125 0.13828125
1 0.6140625 0.48828125 0.0765625 0.1046875
1 0.93203125 0.459375 0.13515625 0.1625
1 0.88046875 0.34375 0.08515625 0.09609375
1 0.63359375 0.38828125 0.05859375 0.059375
1 0.42890625 0.38359375 0.0671875 0.09453125
1 0.4703125 0.2 0.065625 0.0703125
1 0.378125 0.4421875 0.0890625 0.13203125
1 0.42578125 0.7078125 0.10546875 0.12890625
1 0.32109375 0.7125 0.0546875 0.07734375
1 0.34453125 0.853125 0.053125 0.11875
1 0.253125 0.83203125 0.0484375 0.0578125
1 0.25625 0.8859375 0.06796875 0.0953125
1 0.321875 0.978125 0.03984375 0.04375
1 0.83359375 0.88984375 0.06328125 0.1203125
1 0.66796875 0.78984375 0.0515625 0.0546875
1 0.4390625 0.88125 0.0828125 0.07265625