1 0.525 0.23828125 0.10078125 0.11328125
1 0.81015625 0.39765625 0.13046875 0.14765625
1 0.94140625 0.51953125 0.1171875 0.1640625
1 0.84296875 0.5203125 0.05546875 0.0796875
1 0.92109375 0.696875 0.1578125 0.14765625
1 0.76796875 0.75625 0.084375 0.0984375
1 0.8515625 0.82109375 0.065625 0.0828125
1 0.684375 0.59140625 0.09609375 0.13515625
1 0.68671875 0.3953125 0.10078125 0.13828125
1 0.55390625 0.5375 0.05234375 0.09453125
1 0.6 0.63671875 0.0484375 0.05078125
1 0.5203125 0.68046875 0.09453125 0.140625
1 0.346875 0.60390625 0.09609375 0.08671875
1 0.32265625 0.74140625 0.06640625 0.06484375
1 0.21875 0.8625 0.0828125 0.10546875
1 0.12890625 0.95546875 0.09765625 0.078125