1 0.80234375 0.39375 0.1109375 0.1140625
1 0.9703125 0.4421875 0.05859375 0.07265625
1 0.721875 0.50234375 0.0625 0.08515625
1 0.68984375 0.671875 0.07265625 0.0984375
1 0.415625 0.71328125 0.07890625 0.10703125
1 0.2359375 0.6328125 0.08828125 0.11171875
1 0.2375 0.54140625 0.06484375 0.06796875
1 0.54453125 0.8734375 0.0390625 0.08046875
1 0.59375 0.87734375 0.05703125 0.07265625
1 0.48984375 0.71484375 0.05625 0.05703125
1 0.03359375 0.6109375 0.06640625 0.10703125
1 0.078125 0.61484375 0.04375 0.10234375
1 0.08671875 0.18359375 0.08359375 0.0984375
1 0.14453125 0.434375 0.0328125 0.0671875
1 0.1359375 0.85390625 0.04765625 0.0578125
1 0.58828125 0.54921875 0.08359375 0.04609375
1 0.7703125 0.63671875 0.04140625 0.0828125
1 0.56875 0.803125 0.034375 0.040625