1 0.71484375 0.6171875 0.07421875 0.08046875
1 0.79296875 0.68671875 0.0609375 0.08125
1 0.81953125 0.81796875 0.0453125 0.05546875
1 0.96171875 0.87890625 0.040625 0.0703125
1 0.93203125 0.9328125 0.0625 0.07109375
1 0.60859375 0.5875 0.06015625 0.05234375
1 0.8078125 0.5875 0.05859375 0.08515625
1 0.78203125 0.3421875 0.04453125 0.04765625
1 0.28125 0.38203125 0.04609375 0.06953125
1 0.425 0.6234375 0.05546875 0.06171875
1 0.3265625 0.60390625 0.05546875 0.04921875
1 0.18359375 0.621875 0.03046875 0.0515625
1 0.40703125 0.8265625 0.071875 0.0890625
1 0.3453125 0.84609375 0.05546875 0.06953125
1 0.20078125 0.94375 0.03359375 0.03515625
1 0.20390625 0.3171875 0.040625 0.04609375
1 0.31484375 0.76640625 0.0375 0.07578125
1 0.77421875 0.43046875 0.03984375 0.075
1 0.825 0.4609375 0.0609375 0.0453125