1 0.9625 0.759375 0.0734375 0.09765625
1 0.80234375 0.8796875 0.10390625 0.1203125
1 0.740625 0.784375 0.06484375 0.10078125
1 0.6828125 0.73671875 0.059375 0.07734375
1 0.6609375 0.6265625 0.09140625 0.1140625
1 0.575 0.39296875 0.06796875 0.09140625
1 0.625 0.45234375 0.08359375 0.10859375
1 0.04453125 0.21640625 0.05546875 0.078125
1 0.0390625 0.40859375 0.0546875 0.065625
1 0.103125 0.41328125 0.0578125 0.06796875
1 0.1671875 0.42578125 0.0671875 0.065625
1 0.13203125 0.5484375 0.04296875 0.0671875
1 0.1984375 0.67578125 0.05859375 0.07109375
1 0.23984375 0.6921875 0.04609375 0.05
1 0.67265625 0.32734375 0.0953125 0.09375
1 0.7375 0.58671875 0.065625 0.090625