1 0.25 0.775 0.084375 0.14453125
1 0.1890625 0.94296875 0.08046875 0.1140625
1 0.575 0.58359375 0.05625 0.11015625
1 0.61171875 0.6484375 0.065625 0.08359375
1 0.63671875 0.37890625 0.05234375 0.08359375
1 0.58984375 0.32890625 0.04375 0.084375
1 0.5625 0.39140625 0.05390625 0.08203125
1 0.50703125 0.37265625 0.04296875 0.065625
1 0.5203125 0.4328125 0.04296875 0.06796875
1 0.31640625 0.41328125 0.040625 0.09921875
1 0.64375 0.725 0.05546875 0.08359375
1 0.41328125 0.3171875 0.03203125 0.03984375
1 0.28046875 0.0390625 0.04453125 0.0703125