1 0.94765625 0.403125 0.10390625 0.15390625
1 0.78984375 0.48984375 0.1125 0.1078125
1 0.68671875 0.4640625 0.071875 0.1046875
1 0.80390625 0.79609375 0.0875 0.13359375
1 0.6171875 0.78125 0.08828125 0.11484375
1 0.2875 0.46953125 0.07890625 0.1
1 0.36171875 0.6296875 0.05625 0.09453125
1 0.49921875 0.43828125 0.06484375 0.0640625
1 0.2140625 0.48046875 0.07578125 0.0890625
1 0.1515625 0.5453125 0.06328125 0.075
1 0.15546875 0.628125 0.04921875 0.05546875
1 0.2265625 0.6859375 0.06953125 0.09453125
1 0.15625 0.73203125 0.0671875 0.0703125
1 0.165625 0.8046875 0.059375 0.07734375
1 0.059375 0.76171875 0.05 0.07578125
1 0.01484375 0.7828125 0.0234375 0.06484375
1 0.30546875 0.046875 0.05 0.0484375
1 0.95078125 0.04140625 0.0625 0.0828125
1 0.89375 0.66015625 0.075 0.0703125