1 0.67109375 0.36484375 0.0703125 0.08046875
1 0.97109375 0.58515625 0.05703125 0.12109375
1 0.80625 0.5921875 0.06875 0.05234375
1 0.9 0.70390625 0.02421875 0.09296875
1 0.703125 0.6265625 0.0796875 0.07109375
1 0.6921875 0.7 0.06171875 0.0734375
1 0.5109375 0.7109375 0.0765625 0.0984375
1 0.55546875 0.840625 0.0703125 0.1
1 0.43359375 0.73125 0.06015625 0.09765625
1 0.47109375 0.53359375 0.065625 0.075
1 0.3765625 0.4953125 0.11328125 0.1140625
1 0.37421875 0.596875 0.0703125 0.0765625
1 0.07734375 0.9359375 0.04140625 0.046875
1 0.0265625 0.9703125 0.04609375 0.05859375
1 0.3734375 0.196875 0.06875 0.0734375
1 0.44765625 0.25 0.065625 0.09375