1 0.31015625 0.34921875 0.10078125 0.1109375
1 0.378125 0.29921875 0.059375 0.07265625
1 0.2890625 0.49296875 0.0890625 0.0734375
1 0.2953125 0.42578125 0.053125 0.04609375
1 0.23515625 0.45625 0.0609375 0.084375
1 0.19296875 0.4265625 0.075 0.09609375
1 0.1265625 0.425 0.075 0.07578125
1 0.08203125 0.3921875 0.04765625 0.0546875
1 0.19140625 0.52109375 0.04921875 0.0546875
1 0.27421875 0.57734375 0.046875 0.065625
1 0.39140625 0.5734375 0.05859375 0.0703125
1 0.4921875 0.65390625 0.0640625 0.075
1 0.56875 0.640625 0.0703125 0.09375
1 0.7125 0.76015625 0.05625 0.075
1 0.7515625 0.8203125 0.05859375 0.075
1 0.8453125 0.8859375 0.09453125 0.14765625
1 0.52734375 0.7359375 0.01953125 0.03984375
1 0.340625 0.65 0.0375 0.059375
1 0.0828125 0.47421875 0.0625 0.071875
1 0.74921875 0.26640625 0.08984375 0.121875
1 0.609375 0.25546875 0.08125 0.1015625
1 0.60078125 0.09765625 0.05390625 0.096875
1 0.709375 0.5203125 0.03671875 0.0703125
1 0.82265625 0.57265625 0.06796875 0.04609375