1 0.31171875 0.7109375 0.1328125 0.17734375
1 0.4328125 0.81796875 0.13984375 0.16171875
1 0.40234375 0.5546875 0.10078125 0.11015625
1 0.13671875 0.36171875 0.103125 0.1828125
1 0.5 0.284375 0.11484375 0.16640625
1 0.72421875 0.4484375 0.0828125 0.115625
1 0.725 0.3703125 0.121875 0.1140625
1 0.8234375 0.325 0.0953125 0.109375
1 0.9390625 0.2734375 0.08046875 0.14453125
1 0.92578125 0.434375 0.09609375 0.13046875
1 0.8421875 0.428125 0.04140625 0.04296875
1 0.80625 0.49140625 0.08671875 0.1109375