1 0.56328125 0.6421875 0.0546875 0.06953125
1 0.50859375 0.72109375 0.03125 0.059375
1 0.45625 0.79921875 0.0421875 0.06484375
1 0.58671875 0.8890625 0.03984375 0.053125
1 0.61328125 0.94140625 0.0484375 0.05546875
1 0.5140625 0.89921875 0.02734375 0.06875
1 0.5078125 0.51640625 0.0515625 0.0625
1 0.53984375 0.4703125 0.0359375 0.05390625
1 0.6078125 0.446875 0.04609375 0.05234375
1 0.63984375 0.32421875 0.053125 0.04765625
1 0.62734375 0.2578125 0.05 0.0609375
1 0.38046875 0.26875 0.0453125 0.0296875
1 0.265625 0.175 0.0515625 0.059375
1 0.23828125 0.07734375 0.03203125 0.0375
1 0.4078125 0.10234375 0.0515625 0.065625
1 0.6359375 0.075 0.0453125 0.0515625
1 0.675 0.02265625 0.0546875 0.0453125
1 0.73984375 0.134375 0.034375 0.05859375
1 0.8265625 0.07265625 0.03515625 0.0375
1 0.55546875 0.059375 0.03515625 0.0546875
1 0.6125 0.040625 0.03359375 0.0359375
1 0.4171875 0.31171875 0.03359375 0.05390625
1 0.5859375 0.11015625 0.02890625 0.03671875