1 0.0484375 0.21796875 0.05 0.0515625
1 0.05234375 0.27890625 0.0484375 0.0421875
1 0.01171875 0.371875 0.0234375 0.0421875
1 0.1 0.41328125 0.04765625 0.059375
1 0.1765625 0.41640625 0.0640625 0.0640625
1 0.17421875 0.49140625 0.040625 0.03984375
1 0.1484375 0.55390625 0.0453125 0.05234375
1 0.1359375 0.225 0.0375 0.05546875
1 0.1890625 0.665625 0.034375 0.053125
1 0.24140625 0.6921875 0.03125 0.02890625
1 0.22421875 0.72734375 0.03828125 0.03359375
1 0.5734375 0.3859375 0.0609375 0.05859375
1 0.63671875 0.446875 0.0453125 0.096875
1 0.69765625 0.4578125 0.06796875 0.090625
1 0.6828125 0.33203125 0.08125 0.10078125
1 0.70234375 0.60078125 0.15703125 0.15
1 0.715625 0.76875 0.10625 0.11796875
1 0.815625 0.8703125 0.0703125 0.13203125
1 0.95859375 0.76171875 0.0828125 0.1171875
1 0.37734375 0.40703125 0.05078125 0.05234375
1 0.5484375 0.54765625 0.05078125 0.0984375