1 0.15859375 0.3203125 0.1015625 0.12421875
1 0.18046875 0.4359375 0.10234375 0.11484375
1 0.109375 0.44375 0.04765625 0.07734375
1 0.059375 0.67734375 0.0703125 0.128125
1 0.1671875 0.75625 0.09453125 0.12265625
1 0.32890625 0.55078125 0.10234375 0.125
1 0.553125 0.3078125 0.09296875 0.109375
1 0.37421875 0.421875 0.0625 0.084375
1 0.48828125 0.44921875 0.0796875 0.12265625
1 0.55234375 0.46171875 0.05703125 0.10234375
1 0.678125 0.4359375 0.04375 0.090625
1 0.7828125 0.5734375 0.071875 0.09609375
1 0.7515625 0.66953125 0.065625 0.0828125
1 0.53828125 0.58828125 0.0375 0.053125
1 0.44140625 0.659375 0.071875 0.1109375
1 0.34609375 0.6578125 0.046875 0.07890625
1 0.36484375 0.7609375 0.065625 0.08671875
1 0.640625 0.846875 0.06015625 0.0828125
1 0.5296875 0.82890625 0.053125 0.0625
1 0.51171875 0.89609375 0.03984375 0.04765625
1 0.47578125 0.903125 0.0453125 0.06796875
1 0.8828125 0.6703125 0.05078125 0.0625