1 0.95 0.05078125 0.08671875 0.1015625
1 0.88359375 0.1296875 0.1109375 0.11484375
1 0.9 0.246875 0.09296875 0.1203125
1 0.82890625 0.30390625 0.0703125 0.11171875
1 0.775 0.275 0.04765625 0.08515625
1 0.70703125 0.2796875 0.0640625 0.0796875
1 0.675 0.41171875 0.06640625 0.13828125
1 0.6109375 0.3859375 0.0828125 0.1265625
1 0.52890625 0.371875 0.0921875 0.13359375
1 0.2796875 0.41015625 0.10546875 0.1453125
1 0.2625 0.56171875 0.10703125 0.13203125
1 0.3453125 0.55234375 0.06640625 0.1359375
1 0.23671875 0.6984375 0.0625 0.06171875
1 0.24140625 0.6265625 0.109375 0.09609375
1 0.10859375 0.29375 0.05703125 0.0703125
1 0.053125 0.33671875 0.075 0.08125
1 0.08125 0.4328125 0.06640625 0.0921875
1 0.034375 0.49609375 0.0625 0.090625
1 0.01796875 0.9546875 0.0359375 0.07734375
1 0.36875 0.95546875 0.04140625 0.0703125
1 0.64765625 0.68515625 0.06015625 0.0828125
1 0.6234375 0.7859375 0.06015625 0.10234375
1 0.57890625 0.7953125 0.0453125 0.1296875
1 0.51484375 0.79296875 0.0828125 0.14140625
1 0.90859375 0.63671875 0.0921875 0.11875
1 0.85390625 0.9453125 0.06796875 0.09296875
1 0.78125 0.93671875 0.053125 0.0890625
1 0.5078125 0.965625 0.053125 0.0640625
1 0.59140625 0.975 0.0359375 0.04921875