1 0.45390625 0.12421875 0.1203125 0.16796875
1 0.27109375 0.1609375 0.15390625 0.21015625
1 0.08359375 0.48125 0.1671875 0.18515625
1 0.63125 0.45859375 0.10078125 0.12421875
1 0.54609375 0.61328125 0.09453125 0.125
1 0.6625 0.6453125 0.10625 0.11328125
1 0.59375 0.76875 0.10234375 0.1140625
1 0.70234375 0.7828125 0.05625 0.0671875
1 0.67578125 0.88125 0.07890625 0.09609375
1 0.56640625 0.8765625 0.0546875 0.08359375
1 0.515625 0.94453125 0.040625 0.0671875
1 0.51015625 0.725 0.053125 0.0703125
1 0.2359375 0.34921875 0.1296875 0.07734375
1 0.12265625 0.1625 0.13125 0.13046875
1 0.94609375 0.17890625 0.0515625 0.0453125
1 0.89453125 0.8546875 0.05234375 0.08203125