1 0.2859375 0.3046875 0.0765625 0.08671875
1 0.3140625 0.390625 0.10234375 0.0953125
1 0.4578125 0.3 0.08203125 0.078125
1 0.478125 0.36015625 0.05 0.0609375
1 0.4546875 0.40390625 0.07578125 0.071875
1 0.784375 0.28515625 0.08359375 0.08125
1 0.9109375 0.4578125 0.046875 0.06953125
1 0.96875 0.46328125 0.0625 0.06875
1 0.965625 0.5828125 0.0640625 0.09453125
1 0.3921875 0.5734375 0.0796875 0.10703125
1 0.43984375 0.51640625 0.0640625 0.07890625
1 0.490625 0.55234375 0.075 0.12890625
1 0.565625 0.56640625 0.08359375 0.103125
1 0.640625 0.55078125 0.08515625 0.10703125
1 0.565625 0.640625 0.071875 0.06171875
1 0.63203125 0.6453125 0.08359375 0.0828125
1 0.728125 0.80390625 0.07734375 0.0796875