1 0.825 0.4875 0.05546875 0.125
1 0.9453125 0.684375 0.0984375 0.134375
1 0.94453125 0.5671875 0.08203125 0.10859375
1 0.81875 0.609375 0.1015625 0.103125
1 0.85625 0.69296875 0.075 0.1140625
1 0.26328125 0.5859375 0.11015625 0.109375
1 0.2125 0.63828125 0.05703125 0.07421875
1 0.24765625 0.6984375 0.1 0.109375
1 0.0640625 0.33359375 0.075 0.0890625
1 0.11171875 0.31328125 0.0640625 0.05390625
1 0.15078125 0.68359375 0.06171875 0.08515625
1 0.07890625 0.93046875 0.0828125 0.0890625
1 0.215625 0.81015625 0.0625 0.0609375
1 0.72890625 0.6109375 0.0703125 0.0421875