1 0.83203125 0.48046875 0.08203125 0.1203125
1 0.8796875 0.50390625 0.065625 0.08671875
1 0.96171875 0.52265625 0.06171875 0.06171875
1 0.9296875 0.57265625 0.10390625 0.1265625
1 0.83828125 0.65078125 0.059375 0.078125
1 0.77109375 0.609375 0.08046875 0.09296875
1 0.79375 0.71328125 0.09140625 0.08828125
1 0.61171875 0.40234375 0.0546875 0.04765625
1 0.49296875 0.38984375 0.07890625 0.05859375
1 0.54453125 0.47890625 0.03984375 0.0546875
1 0.503125 0.50390625 0.0421875 0.06015625
1 0.384375 0.559375 0.05703125 0.05625
1 0.38984375 0.49453125 0.03671875 0.04609375
1 0.27109375 0.515625 0.01796875 0.034375
1 0.425 0.54921875 0.03671875 0.0609375
1 0.04609375 0.58671875 0.05703125 0.04765625
1 0.0734375 0.6 0.03984375 0.03046875
1 0.73046875 0.89375 0.04296875 0.06640625
1 0.7765625 0.92890625 0.04140625 0.05234375
1 0.67734375 0.61640625 0.05234375 0.04921875