1 0.60546875 0.084375 0.07734375 0.08828125
1 0.76171875 0.25390625 0.09296875 0.134375
1 0.61171875 0.25078125 0.06953125 0.10703125
1 0.50234375 0.1203125 0.053125 0.06953125
1 0.378125 0.296875 0.0625 0.07890625
1 0.3171875 0.33203125 0.075 0.0984375
1 0.30234375 0.378125 0.06953125 0.07578125
1 0.0828125 0.39140625 0.04765625 0.0703125
1 0.115625 0.4296875 0.05078125 0.0640625
1 0.1765625 0.425 0.04921875 0.08515625
1 0.22734375 0.465625 0.05703125 0.08125
1 0.290625 0.5015625 0.07734375 0.090625
1 0.2859375 0.58125 0.07578125 0.06953125
1 0.396875 0.584375 0.0921875 0.08828125
1 0.06328125 0.4609375 0.025 0.05234375
1 0.084375 0.4828125 0.0359375 0.0453125
1 0.353125 0.65703125 0.05625 0.065625
1 0.49296875 0.65390625 0.05625 0.07890625
1 0.565625 0.63984375 0.08515625 0.1015625
1 0.82578125 0.4703125 0.1109375 0.13984375
1 0.7046875 0.5015625 0.04921875 0.06171875
1 0.80703125 0.575 0.05859375 0.0625
1 0.71171875 0.7484375 0.06953125 0.084375
1 0.76171875 0.83359375 0.075 0.1015625
1 0.85234375 0.89765625 0.11171875 0.16015625
1 0.52109375 0.74375 0.053125 0.06953125
1 0.19296875 0.51875 0.05703125 0.06640625