1 0.40859375 0.55078125 0.06640625 0.0734375
1 0.33359375 0.42734375 0.08046875 0.084375
1 0.359375 0.3609375 0.0484375 0.071875
1 0.52578125 0.534375 0.03828125 0.0453125
1 0.5609375 0.5328125 0.0328125 0.0515625
1 0.5375 0.62734375 0.0484375 0.04375
1 0.57109375 0.671875 0.03515625 0.04453125
1 0.453125 0.715625 0.0578125 0.0609375
1 0.44296875 0.77734375 0.04609375 0.07734375
1 0.34609375 0.575 0.04296875 0.046875
1 0.34296875 0.51015625 0.0234375 0.02265625
1 0.32265625 0.75625 0.04140625 0.0578125