1 0.0234375 0.41015625 0.046875 0.1078125
1 0.334375 0.4203125 0.06953125 0.13828125
1 0.39921875 0.3125 0.1 0.06796875
1 0.49921875 0.36875 0.04375 0.06953125
1 0.59609375 0.3109375 0.0390625 0.08671875
1 0.5734375 0.39453125 0.06015625 0.0671875
1 0.51328125 0.45546875 0.0625 0.07578125
1 0.575 0.55703125 0.0546875 0.084375
1 0.61640625 0.65 0.04375 0.07109375
1 0.64921875 0.73203125 0.04765625 0.08515625
1 0.26328125 0.7671875 0.084375 0.17421875
1 0.64609375 0.378125 0.04140625 0.08984375
1 0.81328125 0.28984375 0.05 0.06015625
1 0.94921875 0.375 0.03125 0.05625
1 0.9734375 0.90390625 0.03671875 0.04921875
1 0.16640625 0.93984375 0.14453125 0.1203125
1 0.2859375 0.046875 0.05234375 0.06484375