1 0.775 0.48359375 0.11015625 0.11640625
1 0.95 0.40234375 0.09765625 0.125
1 0.9515625 0.04375 0.0515625 0.0875
1 0.68515625 0.46484375 0.06875 0.09609375
1 0.50234375 0.428125 0.065625 0.08671875
1 0.2921875 0.471875 0.07265625 0.09453125
1 0.221875 0.48125 0.08671875 0.10703125
1 0.1515625 0.546875 0.0734375 0.0890625
1 0.15390625 0.6359375 0.0515625 0.06015625
1 0.22421875 0.67421875 0.05859375 0.09296875
1 0.159375 0.73828125 0.06796875 0.071875
1 0.16171875 0.8078125 0.0671875 0.06796875
1 0.0515625 0.7609375 0.071875 0.06328125
1 0.20703125 0.7421875 0.0515625 0.06953125
1 0.3625 0.62109375 0.0640625 0.07265625
1 0.621875 0.77421875 0.07578125 0.11796875
1 0.80546875 0.8 0.1015625 0.12578125
1 0.8890625 0.65859375 0.0765625 0.07734375
1 0.3078125 0.0359375 0.04453125 0.04921875