1 0.40546875 0.10625 0.05078125 0.07890625
1 0.478125 0.209375 0.06015625 0.0828125
1 0.77734375 0.18984375 0.06171875 0.07890625
1 0.9453125 0.3328125 0.05078125 0.065625
1 0.3203125 0.3125 0.06015625 0.084375
1 0.31171875 0.39296875 0.04921875 0.06953125
1 0.5296875 0.40234375 0.04765625 0.0546875
1 0.50625 0.45390625 0.04921875 0.06796875
1 0.37734375 0.47734375 0.04296875 0.06171875
1 0.4375 0.49453125 0.04296875 0.06640625
1 0.36171875 0.58359375 0.04765625 0.06796875
1 0.3734375 0.64296875 0.03984375 0.04375
1 0.85234375 0.64609375 0.03046875 0.06015625
1 0.67109375 0.4984375 0.0359375 0.053125
1 0.67734375 0.596875 0.0375 0.046875
1 0.20859375 0.5921875 0.0359375 0.05078125
1 0.98671875 0.38046875 0.0265625 0.065625