1 0.73046875 0.65078125 0.15390625 0.18046875
1 0.46640625 0.63359375 0.1453125 0.15078125
1 0.29609375 0.94140625 0.09453125 0.090625
1 0.0375 0.86953125 0.075 0.115625
1 0.7328125 0.51328125 0.13203125 0.08359375
1 0.88046875 0.54296875 0.07265625 0.13828125
1 0.91875 0.353125 0.04140625 0.078125
1 0.9828125 0.34453125 0.034375 0.0765625
1 0.68359375 0.42734375 0.078125 0.07109375
1 0.59375 0.5078125 0.08046875 0.10390625
1 0.54609375 0.2671875 0.08828125 0.1234375
1 0.625 0.25859375 0.0375 0.1296875
1 0.98203125 0.92109375 0.0359375 0.128125