1 0.84921875 0.64453125 0.0984375 0.11484375
1 0.94296875 0.60078125 0.09921875 0.13359375
1 0.7984375 0.45234375 0.10859375 0.13046875
1 0.715625 0.6203125 0.103125 0.1296875
1 0.4125 0.646875 0.09453125 0.103125
1 0.47734375 0.471875 0.1015625 0.109375
1 0.26953125 0.36328125 0.059375 0.10078125
1 0.21328125 0.36015625 0.06328125 0.1046875
1 0.16875 0.33828125 0.04375 0.06171875
1 0.2484375 0.68828125 0.0484375 0.1
1 0.22421875 0.88046875 0.05390625 0.06328125
1 0.109375 0.909375 0.05859375 0.05703125
1 0.13203125 0.8421875 0.040625 0.05078125
1 0.1734375 0.703125 0.04296875 0.05546875
1 0.17578125 0.77890625 0.0734375 0.046875