1 0.68828125 0.7 0.059375 0.0859375
1 0.56953125 0.703125 0.0609375 0.065625
1 0.51953125 0.70546875 0.0515625 0.07578125
1 0.696875 0.82890625 0.028125 0.05
1 0.71640625 0.8515625 0.0296875 0.059375
1 0.9609375 0.94375 0.06640625 0.07265625
1 0.39453125 0.5703125 0.05859375 0.06640625
1 0.3875 0.74453125 0.0453125 0.07890625
1 0.28515625 0.58671875 0.0484375 0.05703125
1 0.35625 0.43046875 0.040625 0.0546875
1 0.20546875 0.54375 0.0484375 0.04609375
1 0.19375 0.590625 0.040625 0.03828125
1 0.15859375 0.578125 0.03984375 0.03984375
1 0.17109375 0.52265625 0.03828125 0.04140625
1 0.0359375 0.60234375 0.0453125 0.07265625
1 0.05078125 0.14609375 0.04296875 0.03984375
1 0.184375 0.4484375 0.04296875 0.053125