1 0.85078125 0.63125 0.09609375 0.1078125
1 0.6828125 0.596875 0.059375 0.0671875
1 0.6609375 0.67578125 0.09609375 0.10078125
1 0.58125 0.81015625 0.06875 0.0875
1 0.55390625 0.665625 0.0578125 0.11328125
1 0.6046875 0.56796875 0.08359375 0.09375
1 0.53515625 0.553125 0.06796875 0.09609375
1 0.478125 0.45703125 0.05546875 0.059375
1 0.40234375 0.45390625 0.046875 0.06328125
1 0.36796875 0.45 0.0265625 0.05
1 0.35625 0.703125 0.04609375 0.04921875
1 0.33515625 0.72578125 0.03046875 0.0203125
1 0.378125 0.65 0.0515625 0.05625
1 0.14921875 0.503125 0.03125 0.0390625
1 0.109375 0.540625 0.03828125 0.05625
1 0.15078125 0.63359375 0.040625 0.03359375
1 0.02890625 0.6125 0.0359375 0.0390625
1 0.93125 0.8515625 0.04375 0.06328125
1 0.746875 0.7671875 0.05859375 0.07109375
1 0.15859375 0.08125 0.03984375 0.0328125
1 0.15625 0.128125 0.05078125 0.0625
1 0.95703125 0.61484375 0.08515625 0.06484375
1 0.0359375 0.190625 0.02890625 0.0375
1 0.49140625 0.11484375 0.04375 0.0515625