1 0.60546875 0.56484375 0.05390625 0.07265625
1 0.63984375 0.5609375 0.02578125 0.0703125
1 0.63125 0.49296875 0.046875 0.05625
1 0.4296875 0.5625 0.0328125 0.05703125
1 0.428125 0.625 0.0359375 0.06484375
1 0.78125 0.6265625 0.053125 0.0828125
1 0.8125 0.5953125 0.0359375 0.06328125
1 0.825 0.7078125 0.071875 0.08046875
1 0.878125 0.59375 0.028125 0.04375
1 0.98359375 0.5140625 0.0328125 0.071875
1 0.5 0.3109375 0.03515625 0.04453125
1 0.52265625 0.2171875 0.03203125 0.03203125
1 0.1703125 0.41796875 0.02578125 0.0390625