1 0.95234375 0.35546875 0.0515625 0.06953125
1 0.896875 0.4484375 0.03359375 0.06484375
1 0.696875 0.590625 0.04609375 0.078125
1 0.61796875 0.59921875 0.0578125 0.090625
1 0.56484375 0.51328125 0.04140625 0.05546875
1 0.5828125 0.446875 0.0375 0.0875
1 0.5390625 0.4546875 0.03828125 0.10390625
1 0.546875 0.25859375 0.03203125 0.04453125
1 0.5 0.26640625 0.0390625 0.06015625
1 0.59453125 0.271875 0.03359375 0.04921875
1 0.33125 0.26484375 0.03671875 0.0625
1 0.26796875 0.3296875 0.04296875 0.05390625
1 0.475 0.6078125 0.03046875 0.06328125
1 0.95078125 0.45546875 0.03515625 0.04765625