1 0.71171875 0.4328125 0.1171875 0.1390625
1 0.7421875 0.32578125 0.08125 0.1046875
1 0.66875 0.7984375 0.1046875 0.11171875
1 0.359375 0.834375 0.046875 0.05
1 0.52265625 0.66328125 0.06953125 0.06640625
1 0.578125 0.63046875 0.05703125 0.06875
1 0.471875 0.6421875 0.04765625 0.05546875
1 0.459375 0.6984375 0.04453125 0.071875
1 0.42265625 0.68984375 0.03984375 0.04453125
1 0.42890625 0.51953125 0.06875 0.08203125
1 0.365625 0.44765625 0.06953125 0.05546875
1 0.346875 0.49375 0.05859375 0.0578125
1 0.3328125 0.6140625 0.05234375 0.053125
1 0.3421875 0.578125 0.028125 0.02890625
1 0.35703125 0.6890625 0.02578125 0.0328125
1 0.3125 0.52734375 0.04296875 0.03515625
1 0.1984375 0.5515625 0.028125 0.034375
1 0.1953125 0.58203125 0.03828125 0.0421875
1 0.21875 0.4328125 0.0421875 0.04765625
1 0.2625 0.290625 0.02890625 0.03515625
1 0.3859375 0.259375 0.03515625 0.05859375
1 0.43203125 0.21328125 0.0484375 0.03984375
1 0.790625 0.43984375 0.06640625 0.11484375
1 0.79375 0.33203125 0.0296875 0.08515625
1 0.37578125 0.94921875 0.0484375 0.04140625