1 0.6328125 0.371875 0.0515625 0.07578125
1 0.5984375 0.53671875 0.0359375 0.08203125
1 0.6578125 0.671875 0.03046875 0.04140625
1 0.67421875 0.68984375 0.0328125 0.04453125
1 0.7640625 0.6046875 0.034375 0.05703125
1 0.4546875 0.2171875 0.0328125 0.04609375
1 0.68203125 0.1 0.0359375 0.04375
1 0.61796875 0.20234375 0.02265625 0.04296875
1 0.92421875 0.12109375 0.0171875 0.03125
1 0.95703125 0.08203125 0.02578125 0.04375
1 0.8765625 0.3046875 0.02890625 0.0484375
1 0.79453125 0.2109375 0.02109375 0.0421875
1 0.80234375 0.85703125 0.040625 0.04609375
1 0.815625 0.63046875 0.02734375 0.0203125
1 0.9421875 0.51875 0.021875 0.04453125