1 0.36796875 0.3859375 0.09609375 0.12578125
1 0.428125 0.44453125 0.0828125 0.11875
1 0.21171875 0.2234375 0.0984375 0.12109375
1 0.49453125 0.16953125 0.06875 0.0796875
1 0.46484375 0.02421875 0.0859375 0.0484375
1 0.38046875 0.04609375 0.0828125 0.0921875
1 0.778125 0.2140625 0.0359375 0.05390625
1 0.4875 0.58671875 0.0859375 0.109375
1 0.60078125 0.59609375 0.046875 0.07109375
1 0.7078125 0.65078125 0.06875 0.06484375
1 0.28203125 0.7140625 0.04453125 0.07109375
1 0.321875 0.94375 0.05234375 0.08671875
1 0.2484375 0.9640625 0.04765625 0.059375
1 0.18828125 0.9765625 0.04921875 0.046875