1 0.87734375 0.04765625 0.09296875 0.09453125
1 0.8671875 0.1515625 0.08046875 0.0796875
1 0.784375 0.10859375 0.115625 0.10078125
1 0.77265625 0.18828125 0.06171875 0.08125
1 0.89609375 0.534375 0.0859375 0.103125
1 0.95859375 0.5890625 0.0828125 0.15703125
1 0.9640625 0.7703125 0.07109375 0.1265625
1 0.87578125 0.80546875 0.09765625 0.071875
1 0.68125 0.81640625 0.06953125 0.0796875
1 0.6265625 0.796875 0.04765625 0.09921875
1 0.596875 0.69375 0.06875 0.10546875
1 0.6796875 0.703125 0.096875 0.13828125
1 0.459375 0.55234375 0.06875 0.0640625
1 0.4734375 0.6859375 0.053125 0.078125
1 0.38203125 0.71875 0.04453125 0.05859375
1 0.25703125 0.55703125 0.05234375 0.06796875
1 0.2421875 0.26875 0.0625 0.06171875
1 0.2953125 0.24921875 0.053125 0.075
1 0.24765625 0.14765625 0.0515625 0.04921875
1 0.26953125 0.11875 0.06328125 0.0640625
1 0.08828125 0.23828125 0.0609375 0.0578125
1 0.06953125 0.29296875 0.0765625 0.06875
1 0.10234375 0.37578125 0.04921875 0.03515625
1 0.07734375 0.40703125 0.034375 0.03125
1 0.35390625 0.62265625 0.04609375 0.03984375
1 0.0234375 0.24453125 0.046875 0.0484375