1 0.13203125 0.228125 0.053125 0.08515625
1 0.25234375 0.26171875 0.04765625 0.0890625
1 0.2953125 0.265625 0.02265625 0.06953125
1 0.71015625 0.2140625 0.03046875 0.06796875
1 0.74140625 0.19921875 0.02109375 0.09453125
1 0.90546875 0.25546875 0.0375 0.04921875
1 0.890625 0.31171875 0.0375 0.05234375
1 0.89921875 0.365625 0.03359375 0.03984375
1 0.1890625 0.3796875 0.03203125 0.053125
1 0.33828125 0.328125 0.034375 0.05859375
1 0.41953125 0.434375 0.03828125 0.0703125
1 0.38671875 0.46171875 0.03203125 0.06015625
1 0.36484375 0.484375 0.03046875 0.065625
1 0.20390625 0.65625 0.05625 0.1015625
1 0.775 0.4 0.04765625 0.0453125