1 0.9484375 0.0765625 0.103125 0.14140625
1 0.78359375 0.021875 0.07734375 0.04296875
1 0.67109375 0.065625 0.03671875 0.1296875
1 0.72734375 0.2703125 0.05625 0.09765625
1 0.9890625 0.48515625 0.021875 0.0953125
1 0.56796875 0.31640625 0.10078125 0.1921875
1 0.4828125 0.39140625 0.04765625 0.0578125
1 0.540625 0.490625 0.10234375 0.1234375
1 0.525 0.59765625 0.0703125 0.07421875
1 0.603125 0.6015625 0.06640625 0.07890625
1 0.43125 0.6609375 0.0625 0.0671875
1 0.3515625 0.66328125 0.04765625 0.05625
1 0.39609375 0.71796875 0.03828125 0.0375
1 0.40546875 0.82109375 0.06875 0.084375
1 0.215625 0.7671875 0.08828125 0.09765625
1 0.2046875 0.13828125 0.07421875 0.08515625
1 0.34296875 0.3984375 0.034375 0.04609375
1 0.3875 0.403125 0.03125 0.03984375
1 0.54296875 0.8484375 0.04921875 0.0390625
1 0.65 0.8296875 0.04296875 0.046875