1 0.66171875 0.7359375 0.1078125 0.14140625
1 0.73203125 0.7015625 0.08359375 0.08984375
1 0.578125 0.80546875 0.10546875 0.1046875
1 0.49140625 0.80859375 0.06640625 0.0796875
1 0.10078125 0.33203125 0.19140625 0.15625
1 0.66484375 0.47734375 0.0609375 0.078125
1 0.575 0.63671875 0.08828125 0.071875
1 0.875 0.34453125 0.08515625 0.10078125
1 0.8109375 0.23984375 0.0484375 0.06171875
1 0.63984375 0.94765625 0.06953125 0.10234375
1 0.87578125 0.96015625 0.09296875 0.07890625
1 0.96640625 0.8640625 0.06640625 0.0890625
1 0.3 0.0390625 0.125 0.07734375
1 0.17890625 0.0296875 0.1015625 0.059375
1 0.690625 0.19453125 0.07421875 0.07734375