1 0.490625 0.48203125 0.05859375 0.08828125
1 0.5015625 0.5828125 0.053125 0.075
1 0.528125 0.55859375 0.0484375 0.0546875
1 0.54296875 0.4953125 0.04140625 0.08203125
1 0.59453125 0.52734375 0.05234375 0.09296875
1 0.45625 0.42890625 0.03828125 0.0453125
1 0.63984375 0.478125 0.046875 0.05859375
1 0.3484375 0.62109375 0.03515625 0.06640625
1 0.69140625 0.38671875 0.0328125 0.046875
1 0.70625 0.34609375 0.02578125 0.05
1 0.59296875 0.0640625 0.05078125 0.084375
1 0.41875 0.19296875 0.0421875 0.053125
1 0.39140625 0.18671875 0.04140625 0.06796875
1 0.83671875 0.06953125 0.04609375 0.0734375
1 0.95546875 0.37109375 0.03359375 0.04765625
1 0.06875 0.265625 0.04140625 0.04375
1 0.5140625 0.4046875 0.03125 0.065625