1 0.5546875 0.6078125 0.0609375 0.08203125
1 0.6171875 0.5734375 0.065625 0.05703125
1 0.53359375 0.4546875 0.06796875 0.1078125
1 0.4921875 0.39375 0.0546875 0.0578125
1 0.68984375 0.87265625 0.0953125 0.1
1 0.62109375 0.7875 0.05546875 0.05859375
1 0.8421875 0.7828125 0.08046875 0.08828125
1 0.58359375 0.7328125 0.02421875 0.0515625
1 0.17421875 0.71015625 0.04140625 0.03671875
1 0.140625 0.6578125 0.040625 0.03828125
1 0.0921875 0.53125 0.0375 0.03515625
1 0.1265625 0.459375 0.0453125 0.03359375
1 0.07890625 0.45 0.04140625 0.0546875
1 0.11796875 0.40546875 0.053125 0.05390625
1 0.06484375 0.40078125 0.04609375 0.0578125
1 0.0265625 0.20546875 0.053125 0.05859375
1 0.978125 0.75546875 0.04375 0.0890625