1 0.19609375 0.04609375 0.075 0.07578125
1 0.85 0.02421875 0.084375 0.04765625
1 0.60703125 0.1515625 0.071875 0.1078125
1 0.509375 0.234375 0.053125 0.08125
1 0.57109375 0.22890625 0.06015625 0.07890625
1 0.24375 0.35390625 0.0796875 0.10234375
1 0.13671875 0.29921875 0.05234375 0.0546875
1 0.03984375 0.2046875 0.05078125 0.06015625
1 0.46328125 0.49765625 0.0734375 0.0890625
1 0.46796875 0.584375 0.0796875 0.0828125
1 0.2484375 0.48671875 0.07578125 0.0796875
1 0.19296875 0.5171875 0.05625 0.07734375
1 0.25234375 0.56875 0.06171875 0.0703125
1 0.1390625 0.60703125 0.065625 0.0890625
1 0.17734375 0.6984375 0.06640625 0.09609375
1 0.2375 0.765625 0.07734375 0.06640625
1 0.30859375 0.81328125 0.06796875 0.0640625
1 0.978125 0.29140625 0.04375 0.1046875
1 0.94765625 0.24140625 0.04296875 0.06953125
1 0.7734375 0.471875 0.05859375 0.0828125
1 0.9484375 0.69609375 0.065625 0.0640625
1 0.96875 0.765625 0.0625 0.08125
1 0.87890625 0.85859375 0.0640625 0.06953125
1 0.43515625 0.80703125 0.05703125 0.05859375
1 0.375 0.8203125 0.04375 0.06015625
1 0.4171875 0.84921875 0.05625 0.0453125
1 0.3234375 0.978125 0.05 0.04375
1 0.26875 0.9734375 0.05625 0.053125