1 0.3890625 0.65 0.12109375 0.125
1 0.40078125 0.515625 0.1078125 0.12421875
1 0.5171875 0.47109375 0.06953125 0.12734375
1 0.5328125 0.30703125 0.07421875 0.1109375
1 0.5703125 0.18828125 0.11796875 0.18828125
1 0.36875 0.79375 0.09765625 0.14140625
1 0.184375 0.83203125 0.04921875 0.14765625
1 0.27421875 0.9171875 0.09921875 0.06875
1 0.0234375 0.95625 0.046875 0.0875
1 0.07421875 0.88046875 0.06328125 0.08046875
1 0.72734375 0.678125 0.071875 0.08828125
1 0.896875 0.8828125 0.08203125 0.10625
1 0.7875 0.88203125 0.05859375 0.0875