1 0.7328125 0.65 0.07265625 0.0875
1 0.6796875 0.60390625 0.06875 0.08046875
1 0.615625 0.61875 0.06796875 0.08828125
1 0.5546875 0.65234375 0.059375 0.08203125
1 0.4328125 0.52265625 0.0546875 0.05625
1 0.65078125 0.534375 0.02734375 0.053125
1 0.734375 0.57421875 0.034375 0.0375
1 0.79375 0.50234375 0.0671875 0.075
1 0.88984375 0.515625 0.0578125 0.075
1 0.32109375 0.34765625 0.034375 0.053125
1 0.125 0.36015625 0.04765625 0.04609375
1 0.3265625 0.03046875 0.084375 0.0609375
1 0.14296875 0.02421875 0.046875 0.04765625
1 0.38984375 0.5828125 0.05859375 0.09140625
1 0.78046875 0.43515625 0.025 0.05234375
1 0.86484375 0.43515625 0.05 0.06875