1 0.5203125 0.6 0.0671875 0.1015625
1 0.56640625 0.584375 0.04375 0.078125
1 0.6234375 0.47265625 0.06953125 0.09453125
1 0.534375 0.49375 0.06953125 0.08828125
1 0.59296875 0.19765625 0.075 0.06875
1 0.62734375 0.146875 0.0421875 0.0703125
1 0.68828125 0.8140625 0.034375 0.06171875
1 0.58359375 0.72890625 0.03359375 0.03828125
1 0.39375 0.6984375 0.0578125 0.06640625
1 0.21484375 0.5625 0.06953125 0.1015625
1 0.1625 0.6140625 0.04140625 0.09296875
1 0.11171875 0.6171875 0.08515625 0.10859375
1 0.2328125 0.7875 0.05625 0.1078125
1 0.2140625 0.9515625 0.07734375 0.096875
1 0.14765625 0.440625 0.02890625 0.07109375