1 0.22109375 0.32109375 0.0640625 0.0859375
1 0.2765625 0.2796875 0.07890625 0.08359375
1 0.3765625 0.5953125 0.05 0.053125
1 0.371875 0.53125 0.05 0.06875
1 0.4265625 0.53515625 0.06328125 0.0921875
1 0.50546875 0.23203125 0.06171875 0.0671875
1 0.5546875 0.259375 0.0484375 0.06328125
1 0.67890625 0.21640625 0.07734375 0.09453125
1 0.66015625 0.11328125 0.0671875 0.10625
1 0.7609375 0.07265625 0.07109375 0.0953125
1 0.8296875 0.16171875 0.03203125 0.0703125
1 0.9 0.18671875 0.0890625 0.09921875
1 0.9734375 0.08203125 0.053125 0.09296875
1 0.56875 0.3703125 0.07578125 0.0875
1 0.74375 0.68203125 0.046875 0.08125
1 0.66171875 0.67734375 0.05390625 0.05625
1 0.68359375 0.75546875 0.065625 0.0640625
1 0.74296875 0.7515625 0.07890625 0.078125
1 0.565625 0.47734375 0.05859375 0.05703125
1 0.7484375 0.846875 0.040625 0.065625