1 0.78828125 0.31484375 0.0765625 0.0953125
1 0.6671875 0.31796875 0.0625 0.10078125
1 0.70703125 0.44609375 0.046875 0.084375
1 0.6625 0.45078125 0.03828125 0.059375
1 0.53671875 0.24609375 0.04453125 0.09140625
1 0.471875 0.09453125 0.0453125 0.059375
1 0.32109375 0.37109375 0.04765625 0.05234375
1 0.415625 0.421875 0.046875 0.078125
1 0.4828125 0.3484375 0.059375 0.06015625
1 0.56484375 0.66015625 0.0546875 0.1015625
1 0.42109375 0.75 0.053125 0.08984375
1 0.48046875 0.78359375 0.034375 0.084375
1 0.27578125 0.60546875 0.04765625 0.0796875
1 0.35390625 0.6203125 0.06796875 0.08125
1 0.84453125 0.98203125 0.04375 0.0359375