1 0.978125 0.534375 0.04375 0.08828125
1 0.9125 0.66328125 0.0875 0.12578125
1 0.83046875 0.55390625 0.06875 0.0890625
1 0.7453125 0.50390625 0.08046875 0.11875
1 0.746875 0.36953125 0.06484375 0.12890625
1 0.66171875 0.37421875 0.0890625 0.12734375
1 0.52265625 0.440625 0.046875 0.05703125
1 0.45859375 0.421875 0.06328125 0.078125
1 0.40234375 0.4765625 0.05 0.07265625
1 0.109375 0.525 0.059375 0.06171875
1 0.053125 0.57578125 0.04140625 0.0453125
1 0.03515625 0.6234375 0.02890625 0.03515625
1 0.140625 0.6546875 0.04609375 0.04296875
1 0.20234375 0.59921875 0.03515625 0.05078125
1 0.271875 0.6203125 0.0828125 0.08984375
1 0.3 0.725 0.08671875 0.0578125
1 0.37734375 0.68125 0.0578125 0.08984375
1 0.4359375 0.67890625 0.0375 0.0578125
1 0.75546875 0.678125 0.06640625 0.071875
1 0.73046875 0.75390625 0.06171875 0.0703125