1 0.6921875 0.94453125 0.1125 0.109375
1 0.51875 0.8890625 0.0890625 0.1234375
1 0.29921875 0.10546875 0.1796875 0.19921875
1 0.165625 0.16328125 0.06875 0.18828125
1 0.32890625 0.27421875 0.1125 0.12109375
1 0.71796875 0.29921875 0.1140625 0.16796875
1 0.71015625 0.63125 0.12109375 0.13828125
1 0.696875 0.79453125 0.15546875 0.159375
1 0.02890625 0.35703125 0.05703125 0.16171875
1 0.20703125 0.5234375 0.14765625 0.1703125
1 0.40625 0.659375 0.115625 0.13046875
1 0.215625 0.3546875 0.10390625 0.1484375
1 0.828125 0.278125 0.0859375 0.11015625
1 0.94453125 0.13515625 0.11015625 0.15859375
1 0.8453125 0.14453125 0.04609375 0.13125
1 0.68671875 0.17109375 0.0890625 0.0796875
1 0.54609375 0.23828125 0.05546875 0.13203125