1 0.8546875 0.31328125 0.1046875 0.109375
1 0.81953125 0.49296875 0.06171875 0.05078125
1 0.73203125 0.3984375 0.04609375 0.06171875
1 0.65234375 0.409375 0.06015625 0.07109375
1 0.58515625 0.4515625 0.059375 0.05234375
1 0.53203125 0.3984375 0.059375 0.075
1 0.53984375 0.4625 0.0359375 0.04921875
1 0.49140625 0.2515625 0.071875 0.08359375
1 0.33046875 0.33203125 0.0515625 0.0453125
1 0.425 0.5375 0.05 0.0515625
1 0.2765625 0.69296875 0.0296875 0.04765625
1 0.15 0.68515625 0.046875 0.03515625
1 0.0765625 0.68828125 0.0515625 0.0375
1 0.18515625 0.6078125 0.02265625 0.0234375
1 0.028125 0.66171875 0.0515625 0.04609375
1 0.1859375 0.459375 0.046875 0.04609375
1 0.05078125 0.0984375 0.0390625 0.04921875