1 0.8875 0.57265625 0.06796875 0.08515625
1 0.8328125 0.678125 0.08828125 0.1
1 0.7453125 0.6890625 0.06015625 0.09296875
1 0.675 0.71171875 0.06953125 0.09296875
1 0.63125 0.63671875 0.05546875 0.05078125
1 0.5578125 0.628125 0.06484375 0.0828125
1 0.565625 0.71953125 0.071875 0.06640625
1 0.4921875 0.7375 0.06953125 0.08046875
1 0.48515625 0.45 0.0640625 0.0578125
1 0.41640625 0.42421875 0.0671875 0.10078125
1 0.39609375 0.59453125 0.08359375 0.10546875
1 0.3953125 0.50625 0.0671875 0.04765625
1 0.3359375 0.5890625 0.02421875 0.0796875
1 0.57578125 0.06484375 0.07734375 0.0796875
1 0.4140625 0.14296875 0.08515625 0.06875
1 0.14765625 0.22734375 0.04765625 0.03828125
1 0.22734375 0.73828125 0.05546875 0.10078125
1 0.17265625 0.73515625 0.040625 0.07109375
1 0.06796875 0.8046875 0.06015625 0.08828125
1 0.0828125 0.65546875 0.09765625 0.11796875
1 0.04453125 0.5375 0.071875 0.0984375
1 0.13359375 0.5609375 0.05390625 0.05078125
1 0.971875 0.76015625 0.05625 0.06171875