1 0.78984375 0.1375 0.1078125 0.146875
1 0.45625 0.08984375 0.090625 0.15625
1 0.3296875 0.10234375 0.109375 0.1359375
1 0.0328125 0.178125 0.065625 0.16640625
1 0.578125 0.303125 0.10546875 0.09765625
1 0.4953125 0.41640625 0.11328125 0.14765625
1 0.396875 0.36171875 0.1 0.11875
1 0.4265625 0.50859375 0.1359375 0.16953125
1 0.309375 0.465625 0.128125 0.175
1 0.29296875 0.63828125 0.1171875 0.16171875
1 0.95 0.48828125 0.1 0.13984375
1 0.6796875 0.665625 0.08671875 0.10390625
1 0.73671875 0.7515625 0.08125 0.084375
1 0.64609375 0.8171875 0.065625 0.1015625
1 0.5734375 0.86484375 0.10703125 0.1375
1 0.6296875 0.9484375 0.0640625 0.08671875
1 0.49296875 0.7765625 0.09296875 0.10546875
1 0.459375 0.896875 0.0921875 0.1296875
1 0.06015625 0.85703125 0.0984375 0.09296875
1 0.0515625 0.96015625 0.09375 0.0796875
1 0.190625 0.634375 0.07734375 0.134375