1 0.6890625 0.778125 0.1515625 0.18203125
1 0.6953125 0.94140625 0.09375 0.1171875
1 0.5046875 0.88671875 0.06796875 0.10078125
1 0.4203125 0.66015625 0.1109375 0.13671875
1 0.17890625 0.5203125 0.07734375 0.1546875
1 0.028125 0.3546875 0.05546875 0.165625
1 0.30703125 0.10859375 0.1375 0.1890625
1 0.1984375 0.1671875 0.07265625 0.19453125
1 0.3484375 0.2390625 0.096875 0.1703125
1 0.72421875 0.6234375 0.12890625 0.12578125
1 0.728125 0.26953125 0.1 0.115625
1 0.55625 0.2296875 0.04609375 0.10703125
1 0.84140625 0.271875 0.0640625 0.11640625
1 0.9359375 0.12578125 0.08125 0.0953125
1 0.70703125 0.1578125 0.0578125 0.07421875
1 0.85390625 0.15703125 0.05078125 0.12109375