1 0.28828125 0.56875 0.06796875 0.0828125
1 0.3453125 0.746875 0.078125 0.0703125
1 0.240625 0.7546875 0.07265625 0.08046875
1 0.1828125 0.68671875 0.06328125 0.0609375
1 0.57265625 0.7984375 0.0609375 0.07578125
1 0.7796875 0.75 0.0703125 0.103125
1 0.83359375 0.83828125 0.06328125 0.08046875
1 0.83984375 0.778125 0.053125 0.05625
1 0.875 0.72890625 0.07421875 0.10546875
1 0.91875 0.77734375 0.03203125 0.05078125
1 0.7890625 0.84765625 0.0265625 0.05859375
1 0.95078125 0.7375 0.04453125 0.078125
1 0.90703125 0.65859375 0.05859375 0.04921875
1 0.71484375 0.5703125 0.06484375 0.08203125
1 0.66015625 0.54765625 0.0484375 0.0765625
1 0.4671875 0.46640625 0.07578125 0.04765625
1 0.50234375 0.5046875 0.040625 0.0484375
1 0.7234375 0.44375 0.0640625 0.08125
1 0.6359375 0.81640625 0.0578125 0.0984375
1 0.48984375 0.24765625 0.06484375 0.071875
1 0.67578125 0.31640625 0.053125 0.0765625
1 0.71796875 0.315625 0.03203125 0.05234375
1 0.74765625 0.20625 0.06953125 0.0828125
1 0.984375 0.6828125 0.03125 0.06171875
1 0.44609375 0.290625 0.05234375 0.04140625