1 0.05546875 0.44296875 0.09921875 0.14296875
1 0.03359375 0.3453125 0.05078125 0.0859375
1 0.17890625 0.4859375 0.0703125 0.10078125
1 0.27890625 0.44296875 0.06796875 0.07421875
1 0.39921875 0.52421875 0.08984375 0.07578125
1 0.4671875 0.54609375 0.04375 0.09296875
1 0.5671875 0.58515625 0.09921875 0.090625
1 0.7265625 0.45546875 0.0671875 0.06640625
1 0.68984375 0.15390625 0.07265625 0.103125
1 0.6578125 0.08671875 0.03515625 0.0328125
1 0.8921875 0.20546875 0.05078125 0.06796875
1 0.83515625 0.32734375 0.0484375 0.05