1 0.23984375 0.64765625 0.11640625 0.1296875
1 0.29140625 0.5171875 0.09765625 0.1375
1 0.2484375 0.21875 0.11875 0.14140625
1 0.15703125 0.12578125 0.14375 0.14296875
1 0.04765625 0.07265625 0.0953125 0.1453125
1 0.23671875 0.025 0.13984375 0.04921875
1 0.4375 0.39609375 0.06953125 0.103125
1 0.67109375 0.375 0.09375 0.12890625
1 0.7125 0.2796875 0.06484375 0.07734375
1 0.76640625 0.3546875 0.0828125 0.08359375
1 0.80234375 0.51640625 0.0796875 0.0875
1 0.73515625 0.484375 0.046875 0.0765625
1 0.68828125 0.54140625 0.0796875 0.1265625
1 0.7421875 0.5984375 0.06640625 0.07421875
1 0.64609375 0.46015625 0.0609375 0.06015625
1 0.62109375 0.54375 0.06328125 0.0671875
1 0.3296875 0.690625 0.0890625 0.115625
1 0.39765625 0.7484375 0.090625 0.10859375
1 0.3296875 0.81015625 0.11015625 0.09375