1 0.8515625 0.3140625 0.0703125 0.09765625
1 0.72890625 0.4046875 0.0453125 0.04921875
1 0.65078125 0.4046875 0.05859375 0.071875
1 0.5265625 0.3890625 0.05546875 0.07265625
1 0.54296875 0.46484375 0.04609375 0.05859375
1 0.58828125 0.43984375 0.05703125 0.0609375
1 0.8234375 0.4921875 0.06796875 0.06484375
1 0.48984375 0.25546875 0.0671875 0.07734375
1 0.42421875 0.53515625 0.04375 0.0609375
1 0.33125 0.32578125 0.0328125 0.0421875
1 0.27265625 0.6953125 0.0328125 0.04453125
1 0.14765625 0.678125 0.03984375 0.0375
1 0.07421875 0.6984375 0.04140625 0.040625
1 0.20625 0.07578125 0.03359375 0.05390625
1 0.0421875 0.09921875 0.02578125 0.0421875
1 0.1765625 0.45546875 0.03359375 0.03984375