1 0.628125 0.6265625 0.0875 0.10390625
1 0.3421875 0.72109375 0.10859375 0.09609375
1 0.484375 0.75703125 0.05703125 0.0609375
1 0.49921875 0.82734375 0.0546875 0.07421875
1 0.5390625 0.909375 0.0328125 0.04609375
1 0.5171875 0.9296875 0.02578125 0.0703125
1 0.24609375 0.75078125 0.08203125 0.08046875
1 0.434375 0.33203125 0.0640625 0.08515625
1 0.3953125 0.3234375 0.04375 0.06875
1 0.71171875 0.3546875 0.084375 0.09453125
1 0.709375 0.44453125 0.08046875 0.10234375
1 0.77734375 0.4703125 0.06171875 0.075
1 0.7875 0.409375 0.04453125 0.05390625
1 0.928125 0.0578125 0.08046875 0.0703125
1 0.240625 0.0390625 0.0703125 0.07734375
1 0.16328125 0.490625 0.05390625 0.05703125
1 0.2609375 0.40390625 0.046875 0.06015625