1 0.6484375 0.42578125 0.059375 0.0921875
1 0.6796875 0.38515625 0.04765625 0.06015625
1 0.73984375 0.36640625 0.040625 0.0640625
1 0.7546875 0.42578125 0.0421875 0.06484375
1 0.76171875 0.51328125 0.06171875 0.075
1 0.74375 0.5828125 0.053125 0.06484375
1 0.70234375 0.51875 0.0546875 0.0703125
1 0.65625 0.53671875 0.05390625 0.06875
1 0.7 0.5859375 0.0453125 0.071875
1 0.54609375 0.634375 0.06328125 0.10859375
1 0.55 0.68828125 0.065625 0.07890625
1 0.48515625 0.6828125 0.05859375 0.07265625
1 0.51640625 0.7515625 0.071875 0.08203125
1 0.3078125 0.65859375 0.05078125 0.09375
1 0.19765625 0.871875 0.0703125 0.09375
1 0.240625 0.9515625 0.05546875 0.07734375
1 0.27265625 0.88125 0.04375 0.06484375
1 0.05234375 0.434375 0.0609375 0.08203125
1 0.6359375 0.1140625 0.08203125 0.09375
1 0.5625 0.0578125 0.0640625 0.0875
1 0.81796875 0.4296875 0.04609375 0.05703125
1 0.80859375 0.4703125 0.05 0.0578125
1 0.81640625 0.28203125 0.0484375 0.071875
1 0.37265625 0.7609375 0.04140625 0.053125