1 0.57421875 0.07109375 0.1 0.10703125
1 0.41875 0.15 0.084375 0.1125
1 0.4125 0.415625 0.08515625 0.125
1 0.4828125 0.45078125 0.059375 0.08515625
1 0.39375 0.50234375 0.07109375 0.06328125
1 0.39453125 0.60234375 0.09609375 0.1296875
1 0.08671875 0.65 0.09296875 0.1375
1 0.225 0.73359375 0.0765625 0.10234375
1 0.1625 0.72109375 0.02734375 0.065625
1 0.06640625 0.81015625 0.09140625 0.1
1 0.48984375 0.73984375 0.08515625 0.10703125
1 0.56796875 0.72578125 0.07265625 0.0953125
1 0.56015625 0.62734375 0.07265625 0.08515625
1 0.63046875 0.6390625 0.05703125 0.0734375
1 0.6796875 0.7296875 0.08671875 0.10625
1 0.7453125 0.6859375 0.084375 0.11796875
1 0.83515625 0.6765625 0.09296875 0.12109375
1 0.875 0.578125 0.07421875 0.0921875
1 0.97421875 0.76875 0.03671875 0.0703125