1 0.64921875 0.73359375 0.1515625 0.17734375
1 0.7625 0.64609375 0.115625 0.1671875
1 0.9171875 0.60390625 0.1546875 0.1578125
1 0.77734375 0.81640625 0.06953125 0.115625
1 0.9484375 0.90234375 0.10234375 0.190625
1 0.153125 0.38125 0.11171875 0.125
1 0.16640625 0.2296875 0.08828125 0.09453125
1 0.221875 0.165625 0.07109375 0.09375
1 0.365625 0.3484375 0.059375 0.12265625
1 0.39296875 0.52578125 0.0921875 0.09453125
1 0.5046875 0.67890625 0.08984375 0.115625
1 0.921875 0.1015625 0.11953125 0.15703125
1 0.59140625 0.31640625 0.08515625 0.11171875