1 0.11171875 0.09609375 0.12109375 0.14375
1 0.521875 0.0921875 0.09765625 0.14375
1 0.6296875 0.1109375 0.07890625 0.125
1 0.86875 0.153125 0.10234375 0.125
1 0.16015625 0.21796875 0.053125 0.0703125
1 0.10546875 0.38359375 0.128125 0.14765625
1 0.3953125 0.38671875 0.10546875 0.16796875
1 0.5046875 0.4796875 0.1109375 0.15234375
1 0.775 0.3375 0.1265625 0.1625
1 0.6265625 0.5671875 0.14140625 0.17734375
1 0.7859375 0.521875 0.1265625 0.18828125
1 0.96953125 0.5546875 0.0609375 0.171875
1 0.98125 0.77734375 0.0375 0.1703125
1 0.90234375 0.7703125 0.06953125 0.10546875
1 0.7296875 0.715625 0.1171875 0.16015625
1 0.8 0.78125 0.075 0.128125
1 0.25546875 0.60234375 0.10234375 0.12109375
1 0.10703125 0.696875 0.1453125 0.18515625
1 0.1578125 0.87265625 0.16640625 0.1984375
1 0.384375 0.584375 0.06953125 0.10546875