1 0.634375 0.38203125 0.090625 0.10078125
1 0.58203125 0.29921875 0.0703125 0.0953125
1 0.6015625 0.06015625 0.10546875 0.1203125
1 0.67578125 0.29375 0.05625 0.06875
1 0.471875 0.5 0.06875 0.06953125
1 0.5453125 0.63203125 0.0984375 0.1203125
1 0.5328125 0.715625 0.08359375 0.08515625
1 0.38671875 0.5859375 0.0640625 0.05546875
1 0.396875 0.71171875 0.084375 0.10390625
1 0.32890625 0.68359375 0.06015625 0.08046875
1 0.290625 0.7015625 0.0421875 0.06875
1 0.32578125 0.746875 0.05390625 0.06796875
1 0.29609375 0.7703125 0.02109375 0.05078125
1 0.690625 0.95859375 0.05625 0.0828125