1 0.08359375 0.3046875 0.13515625 0.159375
1 0.14453125 0.55 0.15625 0.18125
1 0.02109375 0.68984375 0.04140625 0.109375
1 0.0234375 0.8578125 0.046875 0.0921875
1 0.11328125 0.75390625 0.07578125 0.0703125
1 0.40546875 0.72890625 0.10625 0.09609375
1 0.43125 0.840625 0.1109375 0.14921875
1 0.540625 0.7921875 0.159375 0.1640625
1 0.6953125 0.47265625 0.13671875 0.084375
1 0.61796875 0.54140625 0.08359375 0.0625
1 0.83984375 0.62578125 0.06953125 0.1140625
1 0.97421875 0.3 0.0515625 0.125
1 0.89765625 0.20390625 0.1109375 0.075