1 0.284375 0.11875 0.04609375 0.05390625
1 0.396875 0.246875 0.0765625 0.084375
1 0.3953125 0.17578125 0.04375 0.02734375
1 0.23984375 0.4296875 0.04921875 0.078125
1 0.184375 0.459375 0.04453125 0.04609375
1 0.17734375 0.5203125 0.0640625 0.0609375
1 0.18359375 0.5703125 0.03984375 0.03515625
1 0.171875 0.67109375 0.03203125 0.02734375
1 0.240625 0.74765625 0.03203125 0.0578125
1 0.284375 0.79296875 0.04296875 0.04296875
1 0.396875 0.76484375 0.03984375 0.078125
1 0.44296875 0.778125 0.03984375 0.04609375
1 0.4390625 0.8375 0.0625 0.05546875
1 0.503125 0.78671875 0.0625 0.06796875
1 0.5265625 0.6953125 0.0734375 0.08359375
1 0.459375 0.70234375 0.05078125 0.08515625
1 0.46015625 0.61171875 0.075 0.0765625
1 0.75625 0.54296875 0.0578125 0.0984375
1 0.7953125 0.76875 0.0625 0.0890625
1 0.87578125 0.76484375 0.078125 0.07578125
1 0.86796875 0.82890625 0.05546875 0.03828125
1 0.953125 0.6890625 0.08515625 0.07109375
1 0.96953125 0.415625 0.0609375 0.05625
1 0.96484375 0.521875 0.0703125 0.06796875
1 0.89140625 0.5015625 0.03828125 0.05390625
1 0.86640625 0.37890625 0.05234375 0.0671875
1 0.65625 0.3390625 0.06171875 0.04921875
1 0.5953125 0.41875 0.0671875 0.0546875