1 0.796875 0.45078125 0.0953125 0.13125
1 0.70546875 0.63125 0.08671875 0.14609375
1 0.85 0.6421875 0.09140625 0.1234375
1 0.94453125 0.61171875 0.08046875 0.11640625
1 0.4015625 0.65390625 0.07421875 0.09375
1 0.41953125 0.55390625 0.05703125 0.05390625
1 0.48046875 0.4640625 0.09765625 0.11796875
1 0.265625 0.36171875 0.06484375 0.09609375
1 0.19921875 0.35078125 0.0875 0.10078125
1 0.21875 0.87890625 0.059375 0.06796875
1 0.10546875 0.90546875 0.0421875 0.059375
1 0.1234375 0.8390625 0.0421875 0.06328125
1 0.2515625 0.6890625 0.0578125 0.1140625
1 0.16640625 0.78203125 0.053125 0.03828125
1 0.17578125 0.70703125 0.02734375 0.0484375