1 0.68984375 0.8203125 0.0609375 0.08125
1 0.73046875 0.71015625 0.03671875 0.04453125
1 0.60078125 0.73203125 0.046875 0.04296875
1 0.39609375 0.6859375 0.06015625 0.0953125
1 0.22265625 0.7796875 0.090625 0.08515625
1 0.21171875 0.95078125 0.0875 0.0984375
1 0.1421875 0.97109375 0.0375 0.0578125
1 0.12421875 0.60859375 0.0921875 0.1078125
1 0.21171875 0.56171875 0.07265625 0.09765625
1 0.15625 0.44765625 0.04609375 0.05234375
1 0.5078125 0.60078125 0.0640625 0.08046875
1 0.56875 0.58984375 0.04375 0.078125
1 0.53125 0.4921875 0.0640625 0.07734375
1 0.6296875 0.48203125 0.0625 0.08671875
1 0.5875 0.19453125 0.05859375 0.06875
1 0.64140625 0.15234375 0.04140625 0.05625