1 0.6546875 0.1234375 0.1125 0.16953125
1 0.7921875 0.32890625 0.0875 0.1609375
1 0.88828125 0.4234375 0.09609375 0.1265625
1 0.89765625 0.33203125 0.09921875 0.0875
1 0.465625 0.38671875 0.06328125 0.0828125
1 0.59296875 0.51640625 0.06171875 0.10625
1 0.63359375 0.565625 0.05625 0.075
1 0.67421875 0.5234375 0.0578125 0.11953125
1 0.4390625 0.47421875 0.0625 0.07109375
1 0.23828125 0.38515625 0.06953125 0.0796875
1 0.3671875 0.45625 0.05625 0.0921875
1 0.3078125 0.609375 0.0625 0.1125
1 0.240625 0.6625 0.06953125 0.11640625
1 0.090625 0.6625 0.0859375 0.13125
1 0.0671875 0.81484375 0.078125 0.13984375
1 0.15 0.775 0.07578125 0.090625
1 0.1703125 0.86640625 0.078125 0.0828125