1 0.7171875 0.6921875 0.09609375 0.1078125
1 0.6359375 0.71484375 0.0671875 0.08359375
1 0.89921875 0.38984375 0.1015625 0.07890625
1 0.740625 0.3390625 0.04609375 0.053125
1 0.434375 0.534375 0.07890625 0.0859375
1 0.43515625 0.79609375 0.0703125 0.09140625
1 0.47734375 0.74765625 0.04765625 0.053125
1 0.2484375 0.603125 0.07109375 0.07890625
1 0.2078125 0.62265625 0.046875 0.059375
1 0.1234375 0.578125 0.0484375 0.06640625
1 0.1125 0.63203125 0.0703125 0.06171875
1 0.04296875 0.62421875 0.0546875 0.06328125
1 0.0765625 0.54296875 0.04609375 0.065625
1 0.08046875 0.4375 0.0484375 0.06171875
1 0.37265625 0.3484375 0.0625 0.065625
1 0.38984375 0.27109375 0.03359375 0.0390625
1 0.3703125 0.1 0.0359375 0.06015625
1 0.45234375 0.66640625 0.04609375 0.04453125