1 0.63359375 0.3484375 0.03984375 0.10390625
1 0.93125 0.2265625 0.0546875 0.078125
1 0.50546875 0.40546875 0.04140625 0.09375
1 0.55859375 0.4625 0.06796875 0.1015625
1 0.58515625 0.59140625 0.05 0.09296875
1 0.525 0.5234375 0.040625 0.059375
1 0.7015625 0.7125 0.0390625 0.0453125
1 0.66484375 0.7953125 0.0453125 0.0734375
1 0.17734375 0.86640625 0.03828125 0.0734375
1 0.38671875 0.2046875 0.02265625 0.06640625
1 0.50390625 0.24296875 0.03046875 0.0453125
1 0.275 0.08125 0.0484375 0.06796875
1 0.015625 0.38359375 0.03046875 0.04140625
1 0.03984375 0.4296875 0.03125 0.04453125
1 0.2296875 0.6484375 0.0234375 0.05625
1 0.67734375 0.396875 0.02109375 0.05859375
1 0.21796875 0.58828125 0.02734375 0.046875