1 0.16328125 0.040625 0.059375 0.08125
1 0.1046875 0.04140625 0.0640625 0.0828125
1 0.4484375 0.1625 0.0671875 0.09140625
1 0.40625 0.2609375 0.08828125 0.12578125
1 0.96015625 0.15234375 0.071875 0.06796875
1 0.7890625 0.2703125 0.0578125 0.07109375
1 0.95625 0.5234375 0.06953125 0.0890625
1 0.871875 0.5015625 0.11328125 0.12265625
1 0.92734375 0.578125 0.07265625 0.065625
1 0.1640625 0.45703125 0.09140625 0.109375
1 0.284375 0.6171875 0.06953125 0.1171875
1 0.346875 0.52890625 0.078125 0.13515625
1 0.41171875 0.5546875 0.04296875 0.06875
1 0.4546875 0.8296875 0.0828125 0.1921875
1 0.53125 0.89140625 0.07890625 0.11796875
1 0.68515625 0.69765625 0.04140625 0.0796875
1 0.71796875 0.7671875 0.05625 0.08828125
1 0.803125 0.85 0.08671875 0.13359375