1 0.49453125 0.50859375 0.0859375 0.128125
1 0.56796875 0.55546875 0.078125 0.11640625
1 0.6234375 0.54921875 0.046875 0.11875
1 0.69765625 0.61484375 0.08125 0.1171875
1 0.81953125 0.49609375 0.1 0.12734375
1 0.9265625 0.4390625 0.13828125 0.1171875
1 0.79609375 0.67265625 0.09453125 0.12578125
1 0.80390625 0.58359375 0.07265625 0.04765625
1 0.74609375 0.78515625 0.078125 0.08046875
1 0.69453125 0.73359375 0.08671875 0.0703125
1 0.7390625 0.3109375 0.0765625 0.1109375
1 0.7078125 0.375 0.0703125 0.059375
1 0.8875 0.3421875 0.12265625 0.12890625
1 0.978125 0.3625 0.04375 0.0671875
1 0.91171875 0.94375 0.109375 0.09609375
1 0.96640625 0.89296875 0.06640625 0.11796875
1 0.55234375 0.65 0.06796875 0.07109375
1 0.47890625 0.6 0.028125 0.03359375
1 0.3796875 0.56875 0.04609375 0.046875
1 0.34453125 0.54609375 0.04375 0.0671875
1 0.4125 0.46640625 0.04765625 0.06328125
1 0.31875 0.46171875 0.03984375 0.05078125
1 0.3609375 0.43828125 0.0359375 0.0421875
1 0.12265625 0.45 0.028125 0.02734375
1 0.15546875 0.46640625 0.04453125 0.03828125
1 0.1421875 0.41875 0.03359375 0.03984375
1 0.16875 0.39609375 0.0296875 0.02265625
1 0.22890625 0.35625 0.04296875 0.03359375
1 0.0765625 0.584375 0.03828125 0.03359375
1 0.11640625 0.5390625 0.04296875 0.03359375