1 0.4453125 0.50390625 0.121875 0.14453125
1 0.50390625 0.453125 0.1015625 0.153125
1 0.4515625 0.33984375 0.04921875 0.0875
1 0.38046875 0.3390625 0.084375 0.13828125
1 0.14609375 0.40078125 0.078125 0.09296875
1 0.37890625 0.65703125 0.05546875 0.08125
1 0.303125 0.725 0.04140625 0.0578125
1 0.228125 0.5859375 0.0296875 0.04609375
1 0.46875 0.69765625 0.053125 0.05546875
1 0.1578125 0.79921875 0.0484375 0.0421875
1 0.3203125 0.90234375 0.03984375 0.03984375
1 0.7109375 0.578125 0.1015625 0.15078125
1 0.81640625 0.56015625 0.1078125 0.16796875
1 0.878125 0.83125 0.103125 0.09765625
1 0.93828125 0.80859375 0.0765625 0.0953125
1 0.8015625 0.08828125 0.046875 0.103125
1 0.6484375 0.2625 0.05625 0.075