1 0.69453125 0.06484375 0.1125 0.11328125
1 0.59609375 0.10078125 0.0796875 0.0984375
1 0.7921875 0.31875 0.07578125 0.1078125
1 0.91484375 0.62265625 0.115625 0.15859375
1 0.58203125 0.45703125 0.04140625 0.08671875
1 0.125 0.3109375 0.04453125 0.03125
1 0.19921875 0.3859375 0.03984375 0.03984375
1 0.07578125 0.60703125 0.03671875 0.05234375
1 0.11640625 0.59921875 0.0390625 0.03515625
1 0.18984375 0.52734375 0.03671875 0.0515625
1 0.32578125 0.51875 0.0609375 0.053125
1 0.3671875 0.4546875 0.05625 0.05859375
1 0.29921875 0.39609375 0.04296875 0.05625
1 0.4671875 0.59453125 0.04296875 0.04140625
1 0.515625 0.70859375 0.03671875 0.05625
1 0.70390625 0.89140625 0.0625 0.071875
1 0.65625 0.96875 0.0515625 0.05859375
1 0.2796875 0.8953125 0.0453125 0.03359375
1 0.3328125 0.71875 0.03359375 0.03046875