1 0.9375 0.23203125 0.06875 0.078125
1 0.62734375 0.34453125 0.04296875 0.08984375
1 0.678125 0.39609375 0.02265625 0.04140625
1 0.26953125 0.07265625 0.02890625 0.0484375
1 0.38046875 0.18671875 0.0328125 0.0640625
1 0.50625 0.2421875 0.02890625 0.053125
1 0.49453125 0.4234375 0.0515625 0.121875
1 0.56171875 0.4578125 0.05234375 0.0734375
1 0.5109375 0.51953125 0.03984375 0.0546875
1 0.58359375 0.58203125 0.05 0.11171875
1 0.540625 0.6125 0.01953125 0.09296875
1 0.659375 0.7875 0.05390625 0.08828125
1 0.703125 0.70546875 0.03046875 0.0453125
1 0.18125 0.86328125 0.03828125 0.0609375
1 0.23125 0.61484375 0.059375 0.11328125
1 0.01796875 0.3875 0.0359375 0.04296875
1 0.04140625 0.43046875 0.04921875 0.040625
1 0.37109375 0.784375 0.03359375 0.05546875
1 0.99375 0.21171875 0.0125 0.0546875