1 0.825 0.4171875 0.11328125 0.14375
1 0.74921875 0.4546875 0.084375 0.1125
1 0.915625 0.3609375 0.065625 0.12890625
1 0.68984375 0.30390625 0.07890625 0.09375
1 0.92421875 0.77734375 0.10546875 0.1125
1 0.8296875 0.85390625 0.11328125 0.1328125
1 0.725 0.62421875 0.10546875 0.12109375
1 0.6359375 0.5703125 0.0609375 0.09296875
1 0.590625 0.4984375 0.07265625 0.10390625
1 0.53046875 0.52421875 0.07421875 0.10703125
1 0.47890625 0.4609375 0.078125 0.0875
1 0.534375 0.6109375 0.05546875 0.07890625
1 0.40390625 0.5421875 0.0671875 0.0640625
1 0.2015625 0.396875 0.0453125 0.034375
1 0.19609375 0.44140625 0.03984375 0.02734375
1 0.1765625 0.5078125 0.03828125 0.0328125
1 0.684375 0.71875 0.07734375 0.0859375
1 0.13203125 0.56328125 0.034375 0.03125
1 0.10078125 0.41640625 0.03125 0.0359375
1 0.08671875 0.43515625 0.0296875 0.0359375