1 0.934375 0.409375 0.109375 0.134375
1 0.9125 0.53515625 0.09765625 0.125
1 0.73203125 0.53671875 0.09375 0.10546875
1 0.796875 0.63203125 0.10078125 0.1203125
1 0.67109375 0.63515625 0.09375 0.10625
1 0.653125 0.71953125 0.07421875 0.07734375
1 0.72890625 0.71015625 0.06640625 0.0859375
1 0.58984375 0.72421875 0.075 0.09609375
1 0.5328125 0.22421875 0.06875 0.09921875
1 0.28359375 0.13125 0.071875 0.1109375
1 0.1875 0.12890625 0.09140625 0.11171875
1 0.06328125 0.09609375 0.06875 0.06796875
1 0.22890625 0.36171875 0.06875 0.12421875
1 0.12734375 0.42578125 0.084375 0.10859375
1 0.1078125 0.55390625 0.071875 0.0609375
1 0.28359375 0.65 0.04453125 0.05
1 0.18984375 0.478125 0.03828125 0.06875
1 0.59765625 0.81640625 0.04296875 0.04765625