1 0.4984375 0.25546875 0.1296875 0.16328125
1 0.28828125 0.40390625 0.0875 0.09921875
1 0.32265625 0.509375 0.08984375 0.1109375
1 0.05703125 0.26015625 0.0875 0.11484375
1 0.165625 0.63203125 0.08671875 0.10234375
1 0.16796875 0.51328125 0.05 0.0703125
1 0.06640625 0.6125 0.06953125 0.0953125
1 0.27421875 0.62109375 0.0859375 0.11171875
1 0.3921875 0.62421875 0.06953125 0.08828125
1 0.33984375 0.7203125 0.075 0.096875
1 0.40625 0.72890625 0.065625 0.09609375
1 0.46875 0.63046875 0.084375 0.1125
1 0.52265625 0.56171875 0.0765625 0.090625
1 0.65703125 0.55625 0.1 0.1203125
1 0.78515625 0.5640625 0.125 0.1140625
1 0.72734375 0.44921875 0.12109375 0.16796875
1 0.84609375 0.39140625 0.0703125 0.19140625
1 0.9328125 0.43984375 0.10703125 0.10078125