1 0.81875 0.14921875 0.07109375 0.065625
1 0.74609375 0.1640625 0.05703125 0.05703125
1 0.8546875 0.2296875 0.04765625 0.05078125
1 0.778125 0.33671875 0.03984375 0.05625
1 0.97734375 0.278125 0.04296875 0.05234375
1 0.8046875 0.47265625 0.05546875 0.06875
1 0.41796875 0.3125 0.046875 0.06796875
1 0.3578125 0.309375 0.06875 0.07734375
1 0.353125 0.2171875 0.06640625 0.0640625
1 0.128125 0.2953125 0.1265625 0.128125
1 0.17578125 0.4421875 0.08515625 0.08359375
1 0.40703125 0.41796875 0.059375 0.06875
1 0.29140625 0.50625 0.0375 0.059375
1 0.36796875 0.51328125 0.04921875 0.0625
1 0.425 0.53671875 0.05 0.078125
1 0.35703125 0.74375 0.0515625 0.09296875
1 0.42109375 0.75 0.06484375 0.09296875
1 0.51015625 0.67265625 0.05703125 0.08359375
1 0.5125 0.74296875 0.02734375 0.03359375
1 0.5578125 0.75625 0.04453125 0.06484375
1 0.675 0.66171875 0.04375 0.05390625
1 0.6328125 0.59375 0.07109375 0.05546875
1 0.975 0.6609375 0.04921875 0.09765625
1 0.61015625 0.678125 0.06640625 0.0875
1 0.1203125 0.69140625 0.07265625 0.07890625
1 0.03671875 0.690625 0.0625 0.05859375