1 0.73046875 0.546875 0.0890625 0.11484375
1 0.2640625 0.43046875 0.125 0.15234375
1 0.26796875 0.60625 0.10234375 0.1640625
1 0.03984375 0.875 0.06484375 0.1265625
1 0.20703125 0.928125 0.071875 0.09296875
1 0.8265625 0.56875 0.06484375 0.08359375
1 0.78671875 0.6625 0.07109375 0.090625
1 0.8546875 0.81328125 0.071875 0.09765625
1 0.76328125 0.7703125 0.04140625 0.0734375
1 0.39140625 0.8953125 0.10546875 0.10625
1 0.11953125 0.878125 0.07109375 0.059375
1 0.64609375 0.60703125 0.03125 0.0671875