1 0.1625 0.2640625 0.0640625 0.07734375
1 0.20234375 0.32734375 0.0734375 0.0890625
1 0.5625 0.584375 0.09609375 0.1078125
1 0.4625 0.503125 0.08828125 0.10234375
1 0.4109375 0.6359375 0.08515625 0.09296875
1 0.525 0.821875 0.084375 0.09765625
1 0.9015625 0.95078125 0.075 0.0984375
1 0.82109375 0.9578125 0.08828125 0.084375
1 0.234375 0.67265625 0.05234375 0.06015625
1 0.134375 0.60625 0.04140625 0.046875
1 0.13203125 0.65078125 0.04296875 0.03984375
1 0.81171875 0.12890625 0.0703125 0.084375
1 0.53828125 0.2375 0.06015625 0.05859375
1 0.3265625 0.3296875 0.02421875 0.04375