1 0.53046875 0.53046875 0.13359375 0.1625
1 0.40234375 0.503125 0.11484375 0.09765625
1 0.3765625 0.70078125 0.1828125 0.25703125
1 0.24609375 0.73671875 0.1 0.1640625
1 0.3078125 0.88671875 0.1203125 0.13828125
1 0.50859375 0.81328125 0.1 0.1921875
1 0.61328125 0.86328125 0.11171875 0.190625
1 0.684375 0.9328125 0.05234375 0.09453125
1 0.97421875 0.78046875 0.0515625 0.1359375
1 0.8953125 0.81328125 0.05703125 0.075
1 0.8515625 0.64296875 0.08125 0.0796875
1 0.90625 0.19921875 0.07578125 0.16171875