1 0.4640625 0.56875 0.07109375 0.09609375
1 0.50234375 0.50078125 0.071875 0.08046875
1 0.60234375 0.65390625 0.08515625 0.103125
1 0.859375 0.58359375 0.109375 0.1921875
1 0.89375 0.69765625 0.11171875 0.11875
1 0.78359375 0.6359375 0.046875 0.07890625
1 0.66328125 0.60234375 0.0640625 0.09296875
1 0.4953125 0.41875 0.0875 0.09453125
1 0.3140625 0.48984375 0.0546875 0.07578125
1 0.38671875 0.5359375 0.0671875 0.08046875
1 0.09453125 0.42890625 0.06484375 0.078125
1 0.04765625 0.45078125 0.05546875 0.06015625
1 0.08359375 0.5453125 0.05703125 0.0625
1 0.0265625 0.5640625 0.053125 0.06640625
1 0.06640625 0.62890625 0.06953125 0.06015625
1 0.28359375 0.21953125 0.0609375 0.10859375
1 0.1234375 0.159375 0.025 0.06796875
1 0.04296875 0.23515625 0.06796875 0.0828125