1 0.33046875 0.2890625 0.11875 0.1453125
1 0.09453125 0.09921875 0.11328125 0.12578125
1 0.30078125 0.6 0.0984375 0.1140625
1 0.50078125 0.85078125 0.06328125 0.08203125
1 0.5453125 0.665625 0.07734375 0.07265625
1 0.5703125 0.7375 0.0296875 0.078125
1 0.5984375 0.73984375 0.02890625 0.0703125
1 0.78828125 0.709375 0.0734375 0.115625
1 0.75 0.66015625 0.04609375 0.07109375
1 0.8375 0.66875 0.06171875 0.10546875
1 0.8109375 0.56953125 0.053125 0.09765625
1 0.8859375 0.5765625 0.08359375 0.1125
1 0.91640625 0.64375 0.06484375 0.07265625
1 0.965625 0.5921875 0.0640625 0.071875
1 0.3171875 0.4796875 0.08359375 0.0640625
1 0.2390625 0.2875 0.046875 0.05
1 0.778125 0.9625 0.04140625 0.075
1 0.83203125 0.9546875 0.05 0.0421875
1 0.0828125 0.40546875 0.0625 0.05390625