1 0.63828125 0.4984375 0.11875 0.14765625
1 0.53828125 0.5375 0.0953125 0.15546875
1 0.91171875 0.64375 0.1375 0.17109375
1 0.8375 0.74375 0.1390625 0.1046875
1 0.5859375 0.90234375 0.1203125 0.15546875
1 0.58515625 0.97734375 0.1203125 0.0453125
1 0.41015625 0.79921875 0.0890625 0.11953125
1 0.4140625 0.67890625 0.07109375 0.09765625
1 0.38203125 0.58203125 0.0703125 0.09609375
1 0.33203125 0.62890625 0.08203125 0.11953125
1 0.3609375 0.4984375 0.08828125 0.09921875
1 0.1140625 0.671875 0.12109375 0.146875
1 0.196875 0.7875 0.11640625 0.1390625
1 0.02265625 0.70234375 0.0453125 0.08515625
1 0.05625 0.96171875 0.04921875 0.0765625
1 0.5625 0.159375 0.09140625 0.109375
1 0.51015625 0.23515625 0.04375 0.046875
1 0.58984375 0.0828125 0.05390625 0.0515625