1 0.70703125 0.4234375 0.11640625 0.13828125
1 0.80859375 0.35 0.09296875 0.09921875
1 0.71171875 0.2609375 0.103125 0.13359375
1 0.88359375 0.29765625 0.05078125 0.0875
1 0.88984375 0.16484375 0.09921875 0.11484375
1 0.44453125 0.7375 0.06640625 0.078125
1 0.5078125 0.68828125 0.0421875 0.08671875
1 0.53984375 0.61171875 0.053125 0.08828125
1 0.6046875 0.6640625 0.12421875 0.06015625
1 0.68125 0.66953125 0.03828125 0.071875
1 0.184375 0.28359375 0.084375 0.1296875
1 0.165625 0.7765625 0.04765625 0.05859375
1 0.14453125 0.85546875 0.084375 0.09609375
1 0.9015625 0.90390625 0.06015625 0.06328125