1 0.553125 0.41328125 0.1234375 0.1359375
1 0.5796875 0.2703125 0.11875 0.1359375
1 0.4828125 0.29921875 0.059375 0.11328125
1 0.86796875 0.2328125 0.07421875 0.13046875
1 0.98125 0.265625 0.0375 0.165625
1 0.60859375 0.7359375 0.0609375 0.084375
1 0.62109375 0.81953125 0.04609375 0.06953125
1 0.57734375 0.85390625 0.0390625 0.04375
1 0.5609375 0.63984375 0.05 0.08671875
1 0.4046875 0.65859375 0.06171875 0.0625
1 0.1265625 0.44140625 0.075 0.0765625
1 0.059375 0.53828125 0.0515625 0.0625
1 0.47578125 0.79296875 0.0453125 0.05546875
1 0.4390625 0.61484375 0.06953125 0.05
1 0.490625 0.4953125 0.04765625 0.0875
1 0.0859375 0.34296875 0.05625 0.03984375
1 0.5578125 0.77890625 0.0453125 0.06328125
1 0.4875 0.7140625 0.046875 0.0484375