1 0.73984375 0.40703125 0.03984375 0.06640625
1 0.840625 0.440625 0.03671875 0.0390625
1 0.91875 0.41484375 0.04140625 0.0640625
1 0.71484375 0.53671875 0.01640625 0.03671875
1 0.28671875 0.76796875 0.03984375 0.05390625
1 0.353125 0.778125 0.04453125 0.071875
1 0.25078125 0.728125 0.03046875 0.03671875
1 0.25703125 0.76015625 0.03359375 0.034375
1 0.11171875 0.88984375 0.02734375 0.0453125
1 0.0203125 0.7765625 0.040625 0.05
1 0.0609375 0.73203125 0.028125 0.03515625
1 0.3828125 0.62265625 0.03671875 0.0625
1 0.24140625 0.21640625 0.04765625 0.04453125
1 0.02734375 0.3765625 0.04609375 0.0671875
1 0.015625 0.125 0.03046875 0.05078125
1 0.26484375 0.34921875 0.03671875 0.03984375
1 0.21328125 0.259375 0.021875 0.0421875
1 0.396875 0.21015625 0.015625 0.0328125
1 0.6484375 0.26796875 0.03515625 0.0671875
1 0.56796875 0.36875 0.02890625 0.0390625
1 0.41171875 0.4046875 0.028125 0.04296875
1 0.43671875 0.3671875 0.02421875 0.04921875
1 0.5375 0.5359375 0.0390625 0.0484375
1 0.7125 0.61015625 0.03359375 0.0640625