1 0.70703125 0.509375 0.1609375 0.19453125
1 0.6875 0.7578125 0.153125 0.24375
1 0.57890625 0.8109375 0.18203125 0.26015625
1 0.46171875 0.83203125 0.09140625 0.265625
1 0.22578125 0.82734375 0.09921875 0.1484375
1 0.11484375 0.79921875 0.1546875 0.178125
1 0.37265625 0.8203125 0.10546875 0.1078125
1 0.0765625 0.62265625 0.13203125 0.203125
1 0.23671875 0.57421875 0.1796875 0.21875
1 0.240625 0.3671875 0.12890625 0.15078125
1 0.51328125 0.5796875 0.125 0.12265625
1 0.82578125 0.321875 0.08359375 0.0875
1 0.0296875 0.45 0.05859375 0.14765625