1 0.87578125 0.1609375 0.11796875 0.134375
1 0.63125 0.13203125 0.11953125 0.0796875
1 0.95859375 0.4953125 0.0828125 0.1296875
1 0.6875 0.5546875 0.0953125 0.09609375
1 0.6 0.53671875 0.07265625 0.07109375
1 0.678125 0.71953125 0.0765625 0.08984375
1 0.5921875 0.74296875 0.05703125 0.05234375
1 0.32890625 0.62265625 0.05625 0.0671875
1 0.4015625 0.66640625 0.07890625 0.0828125
1 0.32890625 0.8296875 0.06015625 0.03984375
1 0.31796875 0.7796875 0.0421875 0.0390625
1 0.24375 0.73125 0.06875 0.0328125
1 0.25078125 0.78125 0.06015625 0.04921875
1 0.1078125 0.88515625 0.05625 0.04765625
1 0.12734375 0.821875 0.0640625 0.05859375
1 0.02265625 0.89375 0.0453125 0.0625
1 0.14609375 0.9640625 0.02265625 0.01875
1 0.2875 0.49453125 0.10625 0.09765625
1 0.19921875 0.61328125 0.03984375 0.04921875
1 0.2046875 0.68203125 0.03984375 0.05234375
1 0.3265625 0.2390625 0.05859375 0.08125
1 0.2796875 0.6390625 0.03046875 0.05
1 0.48046875 0.26640625 0.0703125 0.071875
1 0.49140625 0.45859375 0.0375 0.075