1 0.371875 0.05625 0.05625 0.10703125
1 0.57109375 0.38359375 0.0921875 0.11328125
1 0.784375 0.5890625 0.09296875 0.125
1 0.81796875 0.7046875 0.12109375 0.13984375
1 0.7828125 0.79609375 0.06640625 0.06171875
1 0.67109375 0.93828125 0.06796875 0.07890625
1 0.08125 0.16015625 0.04296875 0.04765625
1 0.0859375 0.27421875 0.046875 0.0625
1 0.134375 0.3203125 0.06015625 0.05859375
1 0.1125 0.371875 0.04921875 0.053125
1 0.184375 0.4171875 0.046875 0.0640625
1 0.10234375 0.44453125 0.04765625 0.06015625
1 0.04765625 0.390625 0.046875 0.053125
1 0.36328125 0.55234375 0.046875 0.05859375
1 0.315625 0.51484375 0.04375 0.05625
1 0.33671875 0.6234375 0.0546875 0.05234375
1 0.240625 0.5953125 0.0546875 0.065625
1 0.36328125 0.73359375 0.03359375 0.05859375