1 0.0671875 0.19765625 0.1296875 0.21953125
1 0.5296875 0.46875 0.0640625 0.09453125
1 0.5984375 0.52109375 0.09140625 0.11171875
1 0.7328125 0.75078125 0.10546875 0.14375
1 0.96015625 0.56796875 0.0796875 0.09453125
1 0.93203125 0.66171875 0.08828125 0.09921875
1 0.8890625 0.8625 0.05234375 0.06640625
1 0.98046875 0.934375 0.0390625 0.08125
1 0.69140625 0.95234375 0.09453125 0.09453125
1 0.5890625 0.96171875 0.08828125 0.07578125
1 0.653125 0.221875 0.128125 0.14921875
1 0.36171875 0.7359375 0.08671875 0.11171875