1 0.7765625 0.41171875 0.134375 0.15
1 0.8109375 0.2984375 0.134375 0.11015625
1 0.68984375 0.21953125 0.1578125 0.21796875
1 0.5640625 0.05390625 0.1359375 0.10546875
1 0.29609375 0.08359375 0.1765625 0.159375
1 0.3015625 0.2359375 0.0640625 0.11328125
1 0.19765625 0.29453125 0.07421875 0.0703125
1 0.1640625 0.35546875 0.0765625 0.06875
1 0.4125 0.51875 0.09453125 0.0703125
1 0.48828125 0.36328125 0.06953125 0.06953125
1 0.5921875 0.49921875 0.08671875 0.11640625
1 0.21875 0.6171875 0.0484375 0.08046875
1 0.29375 0.59140625 0.07578125 0.07109375
1 0.27734375 0.66171875 0.05859375 0.084375
1 0.265625 0.73046875 0.040625 0.0625
1 0.0921875 0.5546875 0.0625 0.0890625
1 0.49609375 0.9546875 0.0640625 0.090625
1 0.60859375 0.95 0.0921875 0.1
1 0.66953125 0.4140625 0.07578125 0.11640625