1 0.6453125 0.73828125 0.07734375 0.08359375
1 0.6828125 0.78671875 0.04140625 0.078125
1 0.68046875 0.834375 0.040625 0.059375
1 0.8609375 0.50703125 0.08203125 0.10625
1 0.825 0.6171875 0.0453125 0.06015625
1 0.87421875 0.66484375 0.03671875 0.05625
1 0.984375 0.896875 0.03125 0.0453125
1 0.75390625 0.8546875 0.05859375 0.0640625
1 0.33203125 0.91484375 0.090625 0.1390625
1 0.321875 0.775 0.09765625 0.1171875
1 0.32265625 0.671875 0.0578125 0.08984375
1 0.20859375 0.490625 0.0921875 0.13203125
1 0.159375 0.33671875 0.10546875 0.1078125
1 0.06875 0.3328125 0.075 0.10859375
1 0.02265625 0.45625 0.0453125 0.0875
1 0.23984375 0.246875 0.10625 0.0796875
1 0.61015625 0.2234375 0.04765625 0.08515625
1 0.6421875 0.17890625 0.06171875 0.0765625
1 0.653125 0.3203125 0.04375 0.04921875
1 0.55234375 0.43359375 0.05078125 0.05625
1 0.59140625 0.47109375 0.03671875 0.05546875
1 0.5765625 0.565625 0.046875 0.0765625
1 0.7796875 0.584375 0.04453125 0.078125
1 0.8046875 0.4390625 0.04921875 0.0640625