1 0.05390625 0.4609375 0.09453125 0.1078125
1 0.06796875 0.55 0.065625 0.05859375
1 0.159375 0.6796875 0.06484375 0.07421875
1 0.09296875 0.69609375 0.05234375 0.075
1 0.13671875 0.46953125 0.0421875 0.08046875
1 0.4140625 0.425 0.1078125 0.10625
1 0.49296875 0.68671875 0.07890625 0.0875
1 0.37421875 0.82109375 0.08125 0.11171875
1 0.746875 0.49296875 0.06796875 0.07890625
1 0.8640625 0.6734375 0.0609375 0.078125
1 0.67734375 0.55 0.04296875 0.05859375
1 0.634375 0.45625 0.04140625 0.053125
1 0.67734375 0.7109375 0.05625 0.0828125
1 0.70234375 0.7875 0.06328125 0.053125
1 0.73671875 0.83984375 0.046875 0.06875
1 0.61484375 0.5875 0.05703125 0.0546875
1 0.8609375 0.4 0.03359375 0.0484375
1 0.8484375 0.3 0.02109375 0.04375
1 0.690625 0.42734375 0.02578125 0.04921875