1 0.0703125 0.1953125 0.10703125 0.11953125
1 0.12109375 0.321875 0.1046875 0.1015625
1 0.02421875 0.32890625 0.04453125 0.09375
1 0.0234375 0.5375 0.04609375 0.1453125
1 0.2578125 0.5546875 0.065625 0.13671875
1 0.08828125 0.596875 0.059375 0.08828125
1 0.2203125 0.69375 0.109375 0.0875
1 0.36171875 0.77109375 0.07109375 0.08671875
1 0.45859375 0.89921875 0.08359375 0.1296875
1 0.58671875 0.92734375 0.13046875 0.1453125
1 0.1 0.95234375 0.06640625 0.071875
1 0.4171875 0.59375 0.1875 0.234375
1 0.57734375 0.46171875 0.07265625 0.1265625
1 0.7140625 0.365625 0.128125 0.18203125
1 0.79296875 0.51796875 0.1078125 0.10234375
1 0.940625 0.46796875 0.11796875 0.16953125
1 0.32421875 0.128125 0.09296875 0.12265625
1 0.57578125 0.0453125 0.1234375 0.07890625
1 0.62109375 0.1578125 0.0640625 0.09765625