1 0.2796875 0.16015625 0.15546875 0.19453125
1 0.453125 0.13515625 0.11015625 0.140625
1 0.034375 0.48515625 0.06875 0.1578125
1 0.55859375 0.61796875 0.08203125 0.11015625
1 0.58984375 0.76484375 0.10859375 0.128125
1 0.575 0.87578125 0.03046875 0.10625
1 0.5140625 0.94375 0.05 0.0640625
1 0.659375 0.86875 0.05625 0.13671875
1 0.70546875 0.7875 0.0546875 0.0625
1 0.6453125 0.6484375 0.0640625 0.1046875
1 0.63671875 0.42890625 0.059375 0.065625
1 0.9515625 0.16875 0.03671875 0.0421875
1 0.16796875 0.2015625 0.04296875 0.05078125