1 0.565625 0.30625 0.09140625 0.1
1 0.7328125 0.40390625 0.11015625 0.10859375
1 0.7015625 0.2921875 0.03359375 0.0765625
1 0.58046875 0.39921875 0.09453125 0.059375
1 0.4890625 0.38828125 0.07109375 0.09140625
1 0.49765625 0.4578125 0.03984375 0.0390625
1 0.30078125 0.72578125 0.0421875 0.0671875
1 0.334375 0.79140625 0.05078125 0.084375
1 0.39609375 0.77421875 0.05 0.0890625
1 0.153125 0.60390625 0.07578125 0.0609375
1 0.7734375 0.54140625 0.10625 0.06328125
1 0.7234375 0.640625 0.08671875 0.05859375