1 0.309375 0.39453125 0.0640625 0.0890625
1 0.28203125 0.31171875 0.0484375 0.0625
1 0.45859375 0.40546875 0.0859375 0.0671875
1 0.471875 0.36171875 0.05546875 0.0640625
1 0.45546875 0.30234375 0.05703125 0.05234375
1 0.396875 0.56171875 0.0828125 0.10390625
1 0.45 0.52578125 0.0515625 0.09453125
1 0.50546875 0.57109375 0.06953125 0.11796875
1 0.56953125 0.56875 0.07734375 0.09609375
1 0.56796875 0.6359375 0.06484375 0.0578125
1 0.63046875 0.64765625 0.075 0.0765625
1 0.64140625 0.553125 0.07890625 0.1140625
1 0.7296875 0.80390625 0.06796875 0.0859375
1 0.96640625 0.58203125 0.06640625 0.0734375
1 0.8171875 0.91328125 0.0515625 0.0734375
1 0.97421875 0.47734375 0.05078125 0.07421875
1 0.91640625 0.46015625 0.0328125 0.04375
1 0.80703125 0.5296875 0.03203125 0.04453125
1 0.78359375 0.275 0.06953125 0.04609375
1 0.04140625 0.8109375 0.0515625 0.04765625
1 0.159375 0.8734375 0.04375 0.0390625
1 0.30390625 0.915625 0.04296875 0.05234375
1 0.4625 0.9859375 0.04921875 0.028125
1 0.31953125 0.7140625 0.03046875 0.03515625
1 0.03984375 0.534375 0.0390625 0.06796875