1 0.9734375 0.709375 0.053125 0.153125
1 0.9828125 0.59765625 0.034375 0.0890625
1 0.88984375 0.74609375 0.0828125 0.11953125
1 0.80078125 0.66484375 0.05546875 0.07421875
1 0.7421875 0.66796875 0.0765625 0.08125
1 0.54453125 0.74609375 0.090625 0.09296875
1 0.31328125 0.47421875 0.0921875 0.11484375
1 0.36640625 0.3703125 0.0984375 0.1140625
1 0.24609375 0.38828125 0.08203125 0.09765625
1 0.50546875 0.27109375 0.05625 0.1078125
1 0.55859375 0.203125 0.06171875 0.08359375
1 0.57421875 0.08359375 0.07578125 0.090625
1 0.6375 0.18515625 0.09609375 0.12890625
1 0.07265625 0.3890625 0.075 0.07265625
1 0.40859375 0.95 0.07578125 0.1
1 0.371875 0.63828125 0.07734375 0.06328125
1 0.45078125 0.7359375 0.053125 0.07265625
1 0.621875 0.79296875 0.03359375 0.0328125