1 0.684375 0.315625 0.08125 0.128125
1 0.84296875 0.4375 0.11171875 0.125
1 0.8296875 0.5296875 0.09296875 0.071875
1 0.8703125 0.59921875 0.084375 0.0921875
1 0.78828125 0.5984375 0.06796875 0.07734375
1 0.62421875 0.58671875 0.11171875 0.1359375
1 0.721875 0.60625 0.04140625 0.05234375
1 0.63203125 0.71015625 0.06640625 0.08671875
1 0.83984375 0.68046875 0.03984375 0.04921875
1 0.97421875 0.61015625 0.0515625 0.0609375
1 0.03125 0.6703125 0.06015625 0.125
1 0.053125 0.81484375 0.10625 0.1234375
1 0.10859375 0.9375 0.0625 0.0796875
1 0.775 0.1484375 0.05234375 0.08125