1 0.52578125 0.090625 0.0625 0.075
1 0.94765625 0.10703125 0.0734375 0.1015625
1 0.28046875 0.2828125 0.09765625 0.1203125
1 0.2703125 0.38125 0.08125 0.10390625
1 0.19921875 0.3828125 0.084375 0.125
1 0.721875 0.29765625 0.084375 0.1265625
1 0.7953125 0.33828125 0.05703125 0.109375
1 0.859375 0.415625 0.065625 0.07734375
1 0.9703125 0.478125 0.05859375 0.0703125
1 0.49296875 0.38125 0.0625 0.090625
1 0.45234375 0.12890625 0.08125 0.12421875
1 0.8546875 0.54765625 0.09296875 0.0921875
1 0.8296875 0.63671875 0.071875 0.1078125
1 0.76328125 0.64609375 0.084375 0.115625
1 0.596875 0.48359375 0.06796875 0.084375
1 0.61171875 0.56953125 0.08125 0.10390625
1 0.52109375 0.52421875 0.075 0.10390625
1 0.37421875 0.54609375 0.07578125 0.115625
1 0.29453125 0.53359375 0.05859375 0.1015625
1 0.45390625 0.54375 0.05234375 0.075
1 0.46875 0.61640625 0.07890625 0.07890625
1 0.38515625 0.71015625 0.0453125 0.05703125
1 0.45234375 0.71328125 0.065625 0.071875
1 0.42578125 0.78046875 0.0625 0.07578125
1 0.71171875 0.64453125 0.03203125 0.0546875
1 0.9828125 0.61875 0.034375 0.071875
1 0.7984375 0.73671875 0.06171875 0.065625
1 0.80703125 0.81875 0.0984375 0.0828125
1 0.66171875 0.778125 0.053125 0.06015625
1 0.32578125 0.93125 0.0625 0.07578125
1 0.36796875 0.971875 0.06171875 0.05625
1 0.44296875 0.98046875 0.053125 0.03828125
1 0.94140625 0.225 0.071875 0.0703125