1 0.2875 0.33046875 0.13671875 0.18984375
1 0.21796875 0.07109375 0.153125 0.1421875
1 0.21875 0.19375 0.14453125 0.15
1 0.03359375 0.32890625 0.06640625 0.134375
1 0.1046875 0.30625 0.03828125 0.071875
1 0.3875 0.25625 0.05546875 0.1265625
1 0.9125 0.2421875 0.09765625 0.13515625
1 0.978125 0.3671875 0.04375 0.109375
1 0.98515625 0.46640625 0.0296875 0.09921875
1 0.734375 0.73125 0.0765625 0.1015625
1 0.7015625 0.63828125 0.04921875 0.0796875
1 0.52109375 0.65078125 0.06171875 0.0890625
1 0.47734375 0.5453125 0.07421875 0.1078125
1 0.53828125 0.83828125 0.06875 0.08984375
1 0.5953125 0.9015625 0.05 0.07890625
1 0.72109375 0.96171875 0.065625 0.0765625