1 0.7015625 0.571875 0.1234375 0.17578125
1 0.85 0.5828125 0.05703125 0.06484375
1 0.9015625 0.5203125 0.0859375 0.12734375
1 0.79453125 0.553125 0.04140625 0.0421875
1 0.58984375 0.53828125 0.07109375 0.078125
1 0.5265625 0.59765625 0.05546875 0.07890625
1 0.43046875 0.51796875 0.06171875 0.11171875
1 0.396875 0.42734375 0.0640625 0.07890625
1 0.31640625 0.5109375 0.06171875 0.07578125
1 0.09765625 0.4953125 0.0515625 0.071875
1 0.10859375 0.41171875 0.0734375 0.10234375
1 0.0328125 0.4296875 0.065625 0.1171875