1 0.43828125 0.2078125 0.08125 0.09375
1 0.58203125 0.13125 0.1234375 0.1234375
1 0.46875 0.084375 0.0921875 0.08359375
1 0.5828125 0.3390625 0.0453125 0.04140625
1 0.55703125 0.51171875 0.0734375 0.07109375
1 0.6 0.59609375 0.084375 0.11171875
1 0.63828125 0.65 0.07265625 0.0890625
1 0.69375 0.603125 0.04921875 0.071875
1 0.31796875 0.425 0.06328125 0.09296875
1 0.3640625 0.56484375 0.0296875 0.0484375
1 0.41484375 0.63125 0.034375 0.05234375
1 0.33984375 0.6125 0.0390625 0.0546875
1 0.33046875 0.684375 0.03515625 0.06171875
1 0.41953125 0.6703125 0.03828125 0.05078125
1 0.12265625 0.71796875 0.03671875 0.053125
1 0.1046875 0.64765625 0.05 0.0671875
1 0.7328125 0.8375 0.0515625 0.06015625
1 0.8046875 0.79765625 0.040625 0.05625
1 0.209375 0.23359375 0.01875 0.03515625
1 0.2484375 0.2125 0.03046875 0.0640625
1 0.0625 0.23203125 0.028125 0.028125