1 0.690625 0.29765625 0.06484375 0.0953125
1 0.2984375 0.390625 0.08984375 0.109375
1 0.33515625 0.26953125 0.02578125 0.0796875
1 0.40078125 0.5875 0.03671875 0.0625
1 0.3234375 0.4640625 0.06484375 0.0859375
1 0.0546875 0.66171875 0.1 0.153125
1 0.309375 0.72421875 0.04921875 0.05078125
1 0.23671875 0.73671875 0.03828125 0.04140625
1 0.5421875 0.79921875 0.0578125 0.090625
1 0.565625 0.615625 0.0375 0.0703125
1 0.6171875 0.69765625 0.06953125 0.04765625
1 0.6453125 0.75625 0.05546875 0.0671875
1 0.64921875 0.59921875 0.05 0.06796875
1 0.725 0.625 0.05078125 0.0671875
1 0.70078125 0.56640625 0.0640625 0.06875