1 0.2640625 0.1703125 0.071875 0.09453125
1 0.13828125 0.22734375 0.10546875 0.1109375
1 0.0265625 0.34765625 0.053125 0.0921875
1 0.284375 0.3125 0.13359375 0.175
1 0.15234375 0.434375 0.14375 0.1828125
1 0.496875 0.546875 0.08671875 0.128125
1 0.5703125 0.525 0.046875 0.071875
1 0.27421875 0.52265625 0.084375 0.1015625
1 0.58359375 0.64375 0.0546875 0.08515625
1 0.70859375 0.671875 0.09765625 0.11484375
1 0.59765625 0.77109375 0.06171875 0.1
1 0.6703125 0.78984375 0.06796875 0.09765625
1 0.75 0.775 0.0625 0.07734375