1 0.94375 0.490625 0.1109375 0.1203125
1 0.78515625 0.15234375 0.09375 0.1
1 0.453125 0.103125 0.07890625 0.1234375
1 0.4328125 0.2015625 0.03984375 0.04921875
1 0.31328125 0.10546875 0.07734375 0.1453125
1 0.0296875 0.1796875 0.05859375 0.15625
1 0.50390625 0.42265625 0.1171875 0.15546875
1 0.28828125 0.46484375 0.1078125 0.16015625
1 0.41953125 0.50703125 0.10859375 0.13125
1 0.38984375 0.3734375 0.10234375 0.1046875
1 0.315625 0.65078125 0.125 0.17421875
1 0.68125 0.67421875 0.07265625 0.1140625
1 0.65 0.82890625 0.09453125 0.10859375
1 0.5703125 0.86015625 0.09609375 0.15546875
1 0.63203125 0.95 0.06484375 0.06796875
1 0.73359375 0.753125 0.07421875 0.09609375
1 0.46796875 0.90234375 0.07265625 0.090625
1 0.06484375 0.86328125 0.09765625 0.09375
1 0.046875 0.95859375 0.090625 0.0828125
1 0.475 0.7796875 0.0484375 0.0640625
1 0.1796875 0.63125 0.028125 0.125
1 0.57734375 0.30078125 0.0828125 0.1140625