1 0.43125 0.3953125 0.08515625 0.10546875
1 0.365625 0.40859375 0.0515625 0.05625
1 0.4453125 0.31015625 0.06796875 0.08984375
1 0.20390625 0.1125 0.07890625 0.0859375
1 0.5578125 0.0640625 0.0359375 0.121875
1 0.8625 0.23984375 0.04453125 0.078125
1 0.87890625 0.63515625 0.0953125 0.06953125
1 0.94140625 0.5015625 0.0421875 0.08203125
1 0.74140625 0.74375 0.03828125 0.06328125
1 0.7015625 0.78984375 0.06953125 0.1125
1 0.67265625 0.696875 0.05234375 0.06328125
1 0.528125 0.71640625 0.0734375 0.1296875
1 0.44296875 0.75 0.07265625 0.08046875
1 0.49453125 0.94609375 0.07265625 0.1046875
1 0.321875 0.8765625 0.075 0.071875
1 0.3125 0.78515625 0.0609375 0.08984375
1 0.35078125 0.80625 0.03984375 0.0734375
1 0.26875 0.78125 0.0578125 0.08515625
1 0.22265625 0.965625 0.08984375 0.06796875
1 0.259375 0.67578125 0.078125 0.07578125
1 0.2484375 0.45703125 0.025 0.0640625