1 0.484375 0.40546875 0.05078125 0.0734375
1 0.378125 0.41484375 0.03671875 0.06953125
1 0.4203125 0.33203125 0.03515625 0.0484375
1 0.37421875 0.134375 0.03828125 0.08515625
1 0.51640625 0.1015625 0.046875 0.06171875
1 0.746875 0.3453125 0.05390625 0.0546875
1 0.4890625 0.278125 0.0234375 0.05859375
1 0.51171875 0.71328125 0.046875 0.053125
1 0.03671875 0.965625 0.03671875 0.05703125
1 0.92109375 0.09921875 0.03359375 0.05234375
1 0.93671875 0.084375 0.02890625 0.03828125
1 0.703125 0.43359375 0.0359375 0.05546875