1 0.91796875 0.53828125 0.16328125 0.20390625
1 0.728125 0.6578125 0.12109375 0.12109375
1 0.9859375 0.76796875 0.028125 0.15
1 0.41875 0.81796875 0.0421875 0.046875
1 0.3953125 0.865625 0.04296875 0.04453125
1 0.35703125 0.80546875 0.04375 0.05078125
1 0.36484375 0.753125 0.053125 0.05078125
1 0.30625 0.696875 0.0609375 0.059375
1 0.28515625 0.5921875 0.14296875 0.1171875
1 0.42109375 0.5609375 0.040625 0.07734375
1 0.50234375 0.56640625 0.05859375 0.0859375
1 0.3984375 0.48828125 0.05859375 0.05625
1 0.1703125 0.5609375 0.040625 0.05546875
1 0.14296875 0.51640625 0.04296875 0.03046875
1 0.10078125 0.4984375 0.0296875 0.03984375
1 0.18203125 0.425 0.0453125 0.0546875
1 0.17421875 0.36640625 0.05 0.0421875
1 0.128125 0.4046875 0.0359375 0.0546875
1 0.26484375 0.3359375 0.0484375 0.06640625