1 0.66875 0.2609375 0.05703125 0.084375
1 0.88515625 0.20703125 0.05 0.04921875
1 0.9765625 0.25234375 0.04609375 0.05546875
1 0.70625 0.41015625 0.0484375 0.0765625
1 0.56953125 0.36484375 0.05859375 0.0484375
1 0.4 0.203125 0.03515625 0.04453125
1 0.28984375 0.6859375 0.06796875 0.09453125
1 0.19921875 0.553125 0.046875 0.05625
1 0.17578125 0.603125 0.03515625 0.05
1 0.1265625 0.59765625 0.06171875 0.08359375
1 0.50625 0.8953125 0.06171875 0.06484375
1 0.63046875 0.81015625 0.046875 0.05
1 0.8578125 0.80234375 0.07578125 0.1015625
1 0.9703125 0.7109375 0.02890625 0.0515625
1 0.8453125 0.59140625 0.05 0.05703125
1 0.1546875 0.10078125 0.06015625 0.03984375