1 0.665625 0.4328125 0.09375 0.12265625
1 0.69453125 0.34140625 0.0828125 0.10390625
1 0.7359375 0.4734375 0.0375 0.1234375
1 0.59140625 0.81796875 0.07421875 0.109375
1 0.475 0.66328125 0.0546875 0.06640625
1 0.5140625 0.65234375 0.0359375 0.07578125
1 0.403125 0.7 0.03828125 0.0546875
1 0.428125 0.659375 0.0359375 0.0578125
1 0.29375 0.83359375 0.04921875 0.07578125
1 0.32109375 0.6875 0.0390625 0.03984375
1 0.37578125 0.528125 0.06328125 0.06171875
1 0.2921875 0.4828125 0.0453125 0.0625
1 0.328125 0.42890625 0.0484375 0.0453125
1 0.27265625 0.61328125 0.04375 0.06171875
1 0.284375 0.56796875 0.03046875 0.03984375
1 0.29140625 0.59140625 0.02265625 0.0296875
1 0.40078125 0.20078125 0.05 0.04296875
1 0.1734375 0.40859375 0.0328125 0.04140625
1 0.13671875 0.56953125 0.04453125 0.05
1 0.16171875 0.5359375 0.0296875 0.04609375