1 0.23046875 0.07421875 0.0453125 0.0734375
1 0.20078125 0.1171875 0.05234375 0.0796875
1 0.29140625 0.259375 0.04921875 0.0734375
1 0.59296875 0.17578125 0.04375 0.05859375
1 0.69140625 0.12890625 0.046875 0.0625
1 0.6484375 0.259375 0.0546875 0.08125
1 0.565625 0.3546875 0.05234375 0.09296875
1 0.97265625 0.1109375 0.05234375 0.06640625
1 0.78046875 0.30859375 0.0734375 0.0921875
1 0.79765625 0.37421875 0.0546875 0.05703125
1 0.815625 0.45078125 0.04765625 0.08828125
1 0.77890625 0.44296875 0.05078125 0.06953125
1 0.75703125 0.51796875 0.06796875 0.0921875
1 0.9734375 0.4359375 0.04765625 0.071875
1 0.684375 0.63828125 0.046875 0.0703125
1 0.4796875 0.43125 0.03828125 0.05234375
1 0.44921875 0.45390625 0.0375 0.0546875
1 0.18046875 0.40234375 0.04921875 0.071875
1 0.0828125 0.4171875 0.0375 0.053125
1 0.14921875 0.46796875 0.0453125 0.06171875
1 0.20625 0.5015625 0.03828125 0.05625
1 0.12578125 0.5296875 0.05234375 0.06171875
1 0.334375 0.4546875 0.03046875 0.03984375
1 0.38125 0.50859375 0.03203125 0.04140625
1 0.22421875 0.57890625 0.034375 0.06640625
1 0.15234375 0.61875 0.04921875 0.071875
1 0.0921875 0.63125 0.06171875 0.07578125
1 0.23984375 0.653125 0.03203125 0.05859375
1 0.27734375 0.6703125 0.03203125 0.06796875
1 0.40625 0.6953125 0.0546875 0.084375
1 0.51875 0.7609375 0.05859375 0.1078125
1 0.5546875 0.4921875 0.034375 0.053125
1 0.559375 0.4453125 0.02265625 0.03984375
1 0.615625 0.603125 0.03984375 0.06015625
1 0.58984375 0.65078125 0.0546875 0.08515625
1 0.05 0.9640625 0.0625 0.071875