1 0.30390625 0.334375 0.034375 0.03125
1 0.3359375 0.33125 0.02734375 0.03984375
1 0.35625 0.33515625 0.03203125 0.0515625
1 0.39453125 0.29296875 0.03359375 0.04609375
1 0.45625 0.3046875 0.0234375 0.0390625
1 0.22734375 0.58828125 0.03203125 0.05078125
1 0.3953125 0.64453125 0.02578125 0.05703125
1 0.65859375 0.4984375 0.0375 0.04921875
1 0.16171875 0.49453125 0.034375 0.040625
1 0.0796875 0.74296875 0.0484375 0.03203125
1 0.81015625 0.2015625 0.0515625 0.046875
1 0.79609375 0.78828125 0.028125 0.04609375
1 0.4625 0.8296875 0.03203125 0.03984375