1 0.4953125 0.28359375 0.05234375 0.0546875
1 0.52109375 0.325 0.04296875 0.03828125
1 0.4 0.33515625 0.05078125 0.03359375
1 0.12109375 0.2953125 0.06953125 0.046875
1 0.18203125 0.2375 0.065625 0.053125
1 0.16328125 0.190625 0.0359375 0.04765625
1 0.09296875 0.33828125 0.06015625 0.03359375
1 0.31796875 0.62578125 0.06796875 0.05703125
1 0.39296875 0.60390625 0.04375 0.05625
1 0.3703125 0.65859375 0.05078125 0.053125
1 0.325 0.6859375 0.034375 0.0359375
1 0.28984375 0.72890625 0.05234375 0.046875
1 0.49921875 0.565625 0.04375 0.08125
1 0.58046875 0.63515625 0.04375 0.03046875
1 0.6125 0.65078125 0.03046875 0.03984375
1 0.73671875 0.85859375 0.04921875 0.053125
1 0.53125 0.89296875 0.0359375 0.071875
1 0.5921875 0.44765625 0.05859375 0.046875
1 0.4546875 0.28515625 0.034375 0.03203125
1 0.8203125 0.71953125 0.03828125 0.04140625
1 0.41171875 0.4546875 0.03359375 0.053125
1 0.01328125 0.79296875 0.0265625 0.053125