1 0.6515625 0.86875 0.08515625 0.11796875
1 0.59375 0.76328125 0.0765625 0.08515625
1 0.5046875 0.70859375 0.071875 0.08203125
1 0.48828125 0.63125 0.07890625 0.078125
1 0.3890625 0.65546875 0.12109375 0.14921875
1 0.22578125 0.4859375 0.0421875 0.0734375
1 0.9625 0.24375 0.06328125 0.0734375
1 0.39453125 0.11953125 0.0515625 0.04296875
1 0.4421875 0.14375 0.040625 0.046875
1 0.375 0.29765625 0.06953125 0.0390625
1 0.23984375 0.2890625 0.09375 0.03046875
1 0.41640625 0.8546875 0.03203125 0.04140625
1 0.28125 0.40546875 0.046875 0.05390625