1 0.08125 0.509375 0.08203125 0.13203125
1 0.01640625 0.50078125 0.0328125 0.12578125
1 0.16328125 0.55234375 0.0875 0.0890625
1 0.221875 0.328125 0.059375 0.06796875
1 0.22109375 0.26796875 0.0578125 0.08046875
1 0.0265625 0.2546875 0.04296875 0.059375
1 0.14140625 0.075 0.03671875 0.0734375
1 0.29296875 0.43515625 0.0578125 0.06875
1 0.25078125 0.390625 0.04296875 0.053125
1 0.303125 0.35546875 0.046875 0.05234375
1 0.3328125 0.478125 0.02578125 0.0484375
1 0.35625 0.484375 0.0296875 0.0390625
1 0.3453125 0.57890625 0.05546875 0.0625
1 0.2 0.9734375 0.05859375 0.05234375
1 0.8265625 0.88984375 0.0484375 0.065625
1 0.85 0.875 0.0359375 0.06328125
1 0.978125 0.85234375 0.04375 0.0828125
1 0.96875 0.65546875 0.0625 0.0984375
1 0.928125 0.53515625 0.0703125 0.06484375
1 0.878125 0.57890625 0.0609375 0.06875
1 0.875 0.52578125 0.04375 0.0359375
1 0.8375 0.6765625 0.0265625 0.03359375
1 0.8625 0.65078125 0.0453125 0.03046875
1 0.8703125 0.6734375 0.0390625 0.03359375
1 0.8671875 0.7515625 0.04296875 0.05078125
1 0.94453125 0.815625 0.04453125 0.07265625
1 0.75390625 0.44921875 0.03046875 0.03828125
1 0.70703125 0.5609375 0.03828125 0.0328125
1 0.73046875 0.5453125 0.046875 0.03359375
1 0.3953125 0.42109375 0.05 0.05625
1 0.3 0.2796875 0.0296875 0.03515625
1 0.35703125 0.2234375 0.0421875 0.05625
1 0.32890625 0.6359375 0.03984375 0.02265625
1 0.7125 0.47265625 0.03828125 0.046875