1 0.596875 0.52421875 0.06796875 0.10703125
1 0.5515625 0.5078125 0.05859375 0.08125
1 0.528125 0.5609375 0.04375 0.0703125
1 0.5015625 0.5765625 0.0640625 0.0734375
1 0.4875 0.4921875 0.06328125 0.09609375
1 0.45390625 0.42265625 0.04296875 0.0640625
1 0.68671875 0.38515625 0.034375 0.05390625
1 0.7046875 0.340625 0.0390625 0.0609375
1 0.64140625 0.47578125 0.03984375 0.053125
1 0.4171875 0.1859375 0.040625 0.06015625
1 0.5921875 0.0671875 0.03828125 0.06875
1 0.35390625 0.6234375 0.03515625 0.06171875
1 0.07421875 0.2765625 0.04140625 0.06015625
1 0.5328125 0.4328125 0.04140625 0.04765625
1 0.840625 0.08125 0.03359375 0.0703125
1 0.946875 0.36640625 0.0328125 0.05390625