1 0.85625 0.3453125 0.1015625 0.1234375
1 0.9453125 0.44765625 0.0984375 0.09921875
1 0.9296875 0.52109375 0.0671875 0.0796875
1 0.39609375 0.465625 0.1203125 0.12421875
1 0.34921875 0.24609375 0.11171875 0.1375
1 0.31875 0.3609375 0.09375 0.0953125
1 0.42109375 0.3734375 0.03671875 0.05703125
1 0.72421875 0.95234375 0.07265625 0.08359375
1 0.60234375 0.9171875 0.046875 0.06171875
1 0.54921875 0.8484375 0.03671875 0.05234375
1 0.7453125 0.77265625 0.05078125 0.07734375
1 0.703125 0.68515625 0.05234375 0.05078125
1 0.971875 0.5875 0.04453125 0.05859375
1 0.5578125 0.70234375 0.04375 0.04296875
1 0.52421875 0.60703125 0.06640625 0.07109375
1 0.25 0.4734375 0.046875 0.1125