1 0.9453125 0.5578125 0.1078125 0.12734375
1 0.865625 0.60546875 0.09609375 0.11328125
1 0.9546875 0.4171875 0.090625 0.125
1 0.82890625 0.46015625 0.13828125 0.13046875
1 0.85 0.33671875 0.1234375 0.08984375
1 0.371875 0.14140625 0.084375 0.11484375
1 0.453125 0.05546875 0.08671875 0.06796875
1 0.78671875 0.0453125 0.08828125 0.090625
1 0.484375 0.35078125 0.0625 0.0921875
1 0.41953125 0.3671875 0.05859375 0.075
1 0.28671875 0.29140625 0.059375 0.059375
1 0.19140625 0.31171875 0.05859375 0.06328125
1 0.13046875 0.296875 0.0546875 0.071875
1 0.1921875 0.41171875 0.06796875 0.06875
1 0.5328125 0.5609375 0.07890625 0.084375
1 0.50078125 0.63125 0.07890625 0.06875
1 0.63203125 0.721875 0.07578125 0.09453125
1 0.6 0.8125 0.1109375 0.09609375
1 0.69140625 0.7609375 0.0421875 0.05546875
1 0.775 0.79609375 0.05234375 0.059375
1 0.7140625 0.87421875 0.0640625 0.07578125
1 0.7359375 0.9578125 0.08125 0.084375
1 0.13828125 0.675 0.05625 0.0625
1 0.15546875 0.61015625 0.0625 0.0578125
1 0.04765625 0.42890625 0.053125 0.0609375
1 0.1171875 0.39296875 0.05078125 0.05703125