1 0.6109375 0.6171875 0.08671875 0.08515625
1 0.7328125 0.54140625 0.0625 0.07890625
1 0.69296875 0.45546875 0.046875 0.06640625
1 0.6078125 0.52421875 0.06953125 0.07578125
1 0.78828125 0.36640625 0.05078125 0.05390625
1 0.4015625 0.609375 0.07265625 0.11796875
1 0.29375 0.55234375 0.1234375 0.12578125
1 0.2375 0.43671875 0.0859375 0.09765625
1 0.1828125 0.51953125 0.09375 0.09296875
1 0.1734375 0.6078125 0.08046875 0.07265625
1 0.23046875 0.628125 0.06640625 0.08046875
1 0.25234375 0.715625 0.03984375 0.05390625
1 0.1765625 0.39140625 0.06484375 0.08203125
1 0.18828125 0.29765625 0.06171875 0.06484375