1 0.7296875 0.4328125 0.12578125 0.15390625
1 0.628125 0.41953125 0.07734375 0.121875
1 0.659375 0.303125 0.065625 0.0875
1 0.13515625 0.128125 0.1265625 0.1375
1 0.24375 0.2078125 0.09765625 0.07734375
1 0.13359375 0.36015625 0.0859375 0.09375
1 0.42734375 0.5359375 0.0546875 0.06640625
1 0.18125 0.540625 0.05859375 0.06015625
1 0.2296875 0.6203125 0.04765625 0.0546875
1 0.88046875 0.84765625 0.1125 0.15703125
1 0.69921875 0.875 0.09140625 0.121875
1 0.61328125 0.7578125 0.05859375 0.10625
1 0.96640625 0.74140625 0.06640625 0.13203125