1 0.34765625 0.5234375 0.0875 0.0953125
1 0.2765625 0.45078125 0.05234375 0.09375
1 0.25625 0.53515625 0.059375 0.07109375
1 0.28515625 0.3140625 0.05859375 0.07265625
1 0.02421875 0.19765625 0.03828125 0.1046875
1 0.084375 0.2703125 0.06171875 0.06875
1 0.4328125 0.70546875 0.07109375 0.07578125
1 0.45078125 0.78203125 0.059375 0.09609375
1 0.503125 0.759375 0.0671875 0.0875
1 0.490625 0.68125 0.0640625 0.07578125
1 0.346875 0.7796875 0.05859375 0.07421875
1 0.303125 0.76796875 0.03046875 0.05625
1 0.40234375 0.7609375 0.046875 0.08046875
1 0.53515625 0.14140625 0.109375 0.1
1 0.97421875 0.34140625 0.0515625 0.1328125
1 0.49140625 0.6125 0.06640625 0.06015625
1 0.5578125 0.640625 0.0703125 0.04765625