1 0.61796875 0.16640625 0.0515625 0.06171875
1 0.63828125 0.23203125 0.05703125 0.07109375
1 0.62265625 0.328125 0.0453125 0.06171875
1 0.4125 0.1265625 0.0546875 0.071875
1 0.3953125 0.1859375 0.0515625 0.0390625
1 0.12890625 0.7828125 0.06015625 0.0671875
1 0.2171875 0.83671875 0.0390625 0.07734375
1 0.2734375 0.80703125 0.0515625 0.0828125
1 0.60078125 0.67109375 0.0671875 0.07109375
1 0.575 0.59453125 0.06171875 0.05625
1 0.775 0.815625 0.05234375 0.10234375
1 0.44609375 0.43984375 0.06953125 0.05546875
1 0.09296875 0.865625 0.04453125 0.08125