1 0.9875 0.4296875 0.025 0.065625
1 0.9609375 0.434375 0.03359375 0.05859375
1 0.9296875 0.39375 0.028125 0.03828125
1 0.8640625 0.36953125 0.0296875 0.04296875
1 0.8015625 0.28671875 0.034375 0.04765625
1 0.94921875 0.55625 0.03984375 0.05625
1 0.75078125 0.55859375 0.034375 0.0640625
1 0.675 0.565625 0.0296875 0.03828125
1 0.50390625 0.4484375 0.0453125 0.065625
1 0.21171875 0.38828125 0.046875 0.05859375
1 0.05 0.49921875 0.05234375 0.0625
1 0.053125 0.5625 0.03984375 0.03984375
1 0.01171875 0.70390625 0.0171875 0.04296875
1 0.2171875 0.659375 0.0296875 0.05234375