1 0.14453125 0.4828125 0.06171875 0.05390625
1 0.15859375 0.39609375 0.03671875 0.04921875
1 0.57734375 0.07890625 0.07109375 0.05
1 0.5046875 0.15390625 0.0359375 0.03046875
1 0.4328125 0.49609375 0.04375 0.06640625
1 0.43828125 0.553125 0.0453125 0.06015625
1 0.6171875 0.465625 0.06015625 0.0890625
1 0.6109375 0.653125 0.053125 0.05078125
1 0.575 0.6828125 0.03828125 0.06171875
1 0.975 0.725 0.04921875 0.09609375
1 0.9828125 0.44453125 0.034375 0.1265625
1 0.5 0.446875 0.0578125 0.0484375
1 0.36484375 0.23515625 0.03671875 0.0515625