1 0.63203125 0.0875 0.0328125 0.05234375
1 0.56484375 0.10234375 0.0359375 0.04375
1 0.1953125 0.14296875 0.0625 0.06875
1 0.48984375 0.2890625 0.0734375 0.07890625
1 0.37421875 0.33125 0.0703125 0.07109375
1 0.415625 0.39765625 0.0421875 0.04765625
1 0.4703125 0.3734375 0.05390625 0.06875
1 0.5984375 0.38203125 0.04609375 0.0578125
1 0.65546875 0.38125 0.04609375 0.05625
1 0.971875 0.69765625 0.05625 0.06640625
1 0.75 0.821875 0.08671875 0.065625
1 0.64296875 0.6453125 0.0359375 0.05234375
1 0.5953125 0.53984375 0.04453125 0.05
1 0.528125 0.54296875 0.06171875 0.0609375
1 0.2109375 0.71484375 0.0484375 0.05
1 0.221875 0.65859375 0.096875 0.04765625
1 0.29609375 0.621875 0.03984375 0.065625
1 0.23984375 0.5703125 0.05234375 0.09921875
1 0.07734375 0.521875 0.05625 0.05546875
1 0.31796875 0.275 0.0453125 0.04609375