1 0.93359375 0.4625 0.0640625 0.10703125
1 0.83828125 0.45390625 0.13046875 0.09453125
1 0.77421875 0.378125 0.07109375 0.1296875
1 0.86328125 0.31015625 0.046875 0.084375
1 0.7859375 0.10390625 0.0953125 0.125
1 0.85234375 0.06953125 0.06171875 0.0734375
1 0.64140625 0.14296875 0.0875 0.09765625
1 0.9015625 0.71640625 0.06953125 0.0703125
1 0.65234375 0.38359375 0.05625 0.0875
1 0.3796875 0.434375 0.03984375 0.05078125
1 0.38515625 0.4859375 0.03359375 0.046875
1 0.5609375 0.66328125 0.0875 0.0984375
1 0.4609375 0.59296875 0.06875 0.075
1 0.3515625 0.6515625 0.0359375 0.07421875
1 0.3234375 0.65625 0.02734375 0.0515625
1 0.446875 0.83125 0.05625 0.065625
1 0.35078125 0.775 0.071875 0.065625
1 0.34453125 0.71328125 0.0390625 0.04296875
1 0.16953125 0.90390625 0.040625 0.0359375
1 0.0625 0.92578125 0.03359375 0.04140625
1 0.0203125 0.9015625 0.0296875 0.0515625
1 0.03203125 0.76328125 0.03671875 0.04765625