1 0.55078125 0.69609375 0.07734375 0.1109375
1 0.46953125 0.7609375 0.096875 0.10078125
1 0.48671875 0.62109375 0.10390625 0.14140625
1 0.52578125 0.54375 0.128125 0.1421875
1 0.40703125 0.46328125 0.078125 0.0921875
1 0.36875 0.41953125 0.0703125 0.11171875
1 0.08515625 0.4671875 0.13828125 0.090625
1 0.08984375 0.51171875 0.05078125 0.07734375
1 0.2359375 0.56953125 0.05546875 0.09765625
1 0.22578125 0.6390625 0.0828125 0.08125
1 0.61171875 0.96015625 0.065625 0.07890625
1 0.66953125 0.9828125 0.06484375 0.03359375