1 0.16328125 0.56640625 0.08125 0.10078125
1 0.07734375 0.515625 0.0796875 0.1234375
1 0.0171875 0.51328125 0.034375 0.1203125
1 0.2265625 0.34375 0.0640625 0.071875
1 0.290625 0.43359375 0.0484375 0.0703125
1 0.20859375 0.2671875 0.065625 0.07890625
1 0.025 0.2734375 0.05 0.0921875
1 0.36640625 0.5046875 0.04453125 0.04296875
1 0.33984375 0.59140625 0.05 0.07734375
1 0.38671875 0.41875 0.0328125 0.06171875
1 0.13828125 0.096875 0.0421875 0.084375
1 0.81484375 0.89921875 0.0453125 0.0796875
1 0.8484375 0.88125 0.028125 0.06484375
1 0.9734375 0.825 0.053125 0.06484375
1 0.9640625 0.65078125 0.071875 0.0828125
1 0.86875 0.56953125 0.03125 0.04375
1 0.87734375 0.52734375 0.0484375 0.0453125
1 0.90546875 0.5515625 0.0671875 0.0765625
1 0.825 0.6765625 0.03828125 0.05078125
1 0.85078125 0.64921875 0.02109375 0.04375
1 0.86875 0.6796875 0.0421875 0.0453125
1 0.8671875 0.76328125 0.028125 0.04765625
1 0.8328125 0.59140625 0.0328125 0.03359375
1 0.75078125 0.45234375 0.04609375 0.04453125
1 0.7125 0.5625 0.0484375 0.05703125
1 0.30390625 0.3078125 0.03203125 0.05390625
1 0.30625 0.359375 0.04140625 0.0546875