1 0.746875 0.42421875 0.0703125 0.0890625
1 0.88203125 0.37890625 0.053125 0.0734375
1 0.5734375 0.7796875 0.07421875 0.090625
1 0.509375 0.84921875 0.0796875 0.08125
1 0.5421875 0.90546875 0.07109375 0.06015625
1 0.36796875 0.5796875 0.08046875 0.128125
1 0.28515625 0.6125 0.06953125 0.10390625
1 0.05859375 0.734375 0.10625 0.1125
1 0.11328125 0.6890625 0.08828125 0.11171875
1 0.9265625 0.14765625 0.07734375 0.08515625
1 0.88046875 0.18359375 0.04296875 0.08203125
1 0.7921875 0.253125 0.0421875 0.0453125
1 0.6671875 0.31328125 0.05390625 0.06484375
1 0.7546875 0.5890625 0.0421875 0.0515625
1 0.82578125 0.7171875 0.05078125 0.06171875
1 0.81875 0.65 0.0375 0.06015625