1 0.3234375 0.74296875 0.15078125 0.19375
1 0.24453125 0.53203125 0.15390625 0.19296875
1 0.1078125 0.7859375 0.071875 0.1296875
1 0.4015625 0.5125 0.1203125 0.1640625
1 0.30078125 0.3625 0.08984375 0.13046875
1 0.45234375 0.390625 0.1 0.15546875
1 0.55078125 0.7875 0.071875 0.14375
1 0.61875 0.83671875 0.06875 0.071875
1 0.59375 0.71796875 0.0734375 0.10546875
1 0.60859375 0.55390625 0.08125 0.10859375
1 0.67109375 0.60390625 0.05625 0.08671875
1 0.82421875 0.328125 0.0640625 0.07890625
1 0.46328125 0.875 0.0953125 0.0734375
1 0.1390625 0.09375 0.0859375 0.15859375