1 0.978125 0.3453125 0.04375 0.140625
1 0.53515625 0.15703125 0.07109375 0.06875
1 0.35625 0.525 0.090625 0.10234375
1 0.2859375 0.45546875 0.0734375 0.0828125
1 0.25625 0.5328125 0.0546875 0.07734375
1 0.49140625 0.61953125 0.0625 0.07265625
1 0.55390625 0.6203125 0.059375 0.06640625
1 0.5484375 0.55390625 0.07421875 0.0671875
1 0.49765625 0.6859375 0.06640625 0.078125
1 0.49765625 0.7640625 0.06640625 0.0828125
1 0.4421875 0.7078125 0.06171875 0.0765625
1 0.44609375 0.7828125 0.05625 0.07578125
1 0.3953125 0.75859375 0.0484375 0.0625
1 0.353125 0.78203125 0.0484375 0.0515625
1 0.309375 0.771875 0.0359375 0.0453125
1 0.084375 0.271875 0.05859375 0.071875
1 0.0234375 0.19921875 0.046875 0.0796875
1 0.2921875 0.31640625 0.05625 0.0671875