1 0.75546875 0.24765625 0.14765625 0.19453125
1 0.90546875 0.38203125 0.09296875 0.1375
1 0.50703125 0.5578125 0.06953125 0.09453125
1 0.39765625 0.54296875 0.05625 0.06171875
1 0.4421875 0.6015625 0.07578125 0.0796875
1 0.46171875 0.67109375 0.0734375 0.07578125
1 0.390625 0.665625 0.06171875 0.0703125
1 0.14375 0.49765625 0.0375 0.0546875
1 0.04140625 0.4515625 0.0375 0.065625
1 0.01171875 0.4765625 0.02265625 0.0703125
1 0.41484375 0.765625 0.053125 0.0734375
1 0.625 0.87890625 0.05859375 0.06640625
1 0.534375 0.871875 0.0703125 0.0796875
1 0.5 0.97109375 0.071875 0.05703125