1 0.515625 0.17734375 0.07421875 0.0984375
1 0.59140625 0.24921875 0.0625 0.0671875
1 0.54296875 0.30703125 0.06171875 0.0765625
1 0.39921875 0.29296875 0.075 0.0671875
1 0.48125 0.503125 0.071875 0.08046875
1 0.48203125 0.575 0.08828125 0.07109375
1 0.38828125 0.5234375 0.06328125 0.0890625
1 0.29140625 0.428125 0.04921875 0.06640625
1 0.29453125 0.49765625 0.05546875 0.0609375
1 0.39765625 0.628125 0.078125 0.08984375
1 0.9359375 0.41015625 0.065625 0.09921875
1 0.8046875 0.02890625 0.07109375 0.053125