1 0.090625 0.46796875 0.14296875 0.18125
1 0.19296875 0.49765625 0.04296875 0.0765625
1 0.3015625 0.43828125 0.07734375 0.12890625
1 0.40390625 0.471875 0.1078125 0.1703125
1 0.509375 0.484375 0.07421875 0.10625
1 0.61015625 0.546875 0.0734375 0.09921875
1 0.4765625 0.20234375 0.08828125 0.11015625
1 0.10546875 0.1984375 0.15703125 0.2328125
1 0.32890625 0.20390625 0.04140625 0.07578125
1 0.678125 0.1984375 0.0765625 0.0953125
1 0.690625 0.28828125 0.07421875 0.06875
1 0.678125 0.359375 0.06484375 0.06328125
1 0.69609375 0.428125 0.04453125 0.05625
1 0.7515625 0.39921875 0.046875 0.07421875
1 0.76328125 0.3140625 0.05625 0.06328125
1 0.86484375 0.41328125 0.0609375 0.059375
1 0.8046875 0.4890625 0.07734375 0.06328125
1 0.79453125 0.5953125 0.0546875 0.0578125
1 0.76328125 0.6828125 0.05625 0.05859375
1 0.8125 0.65703125 0.01640625 0.0328125
1 0.8265625 0.740625 0.04609375 0.02578125
1 0.9375 0.7375 0.034375 0.03828125
1 0.8015625 0.24453125 0.04140625 0.05