1 0.7890625 0.34296875 0.0625 0.04609375
1 0.87578125 0.3359375 0.0453125 0.03984375
1 0.9046875 0.34140625 0.0328125 0.05234375
1 0.865625 0.45078125 0.0453125 0.0515625
1 0.8703125 0.49921875 0.05 0.04140625
1 0.8546875 0.53828125 0.03984375 0.04453125
1 0.56328125 0.65234375 0.0703125 0.065625
1 0.540625 0.70390625 0.06796875 0.071875
1 0.46796875 0.7625 0.0453125 0.0671875
1 0.42734375 0.73984375 0.03828125 0.0703125
1 0.3828125 0.52734375 0.05546875 0.06015625
1 0.3140625 0.59375 0.0625 0.08125
1 0.2984375 0.653125 0.046875 0.0609375
1 0.36328125 0.6 0.0390625 0.05703125
1 0.5765625 0.1828125 0.06015625 0.08046875
1 0.71328125 0.35 0.05 0.05859375
1 0.53046875 0.2328125 0.03671875 0.07890625