1 0.446875 0.4203125 0.08828125 0.15078125
1 0.49453125 0.46953125 0.05625 0.06875
1 0.54765625 0.4171875 0.08125 0.09609375
1 0.5328125 0.3140625 0.04140625 0.0765625
1 0.03046875 0.184375 0.0609375 0.134375
1 0.23203125 0.87421875 0.096875 0.13671875
1 0.1671875 0.96015625 0.09375 0.07890625
1 0.7640625 0.33984375 0.05703125 0.07578125
1 0.70234375 0.696875 0.0609375 0.06875
1 0.78671875 0.51875 0.03671875 0.053125
1 0.25234375 0.609375 0.05625 0.08046875
1 0.771875 0.74375 0.034375 0.04609375