1 0.60625 0.57578125 0.05546875 0.071875
1 0.67890625 0.54140625 0.03984375 0.04140625
1 0.546875 0.58984375 0.02109375 0.03046875
1 0.68359375 0.6390625 0.028125 0.0234375
1 0.69140625 0.66484375 0.0328125 0.03671875
1 0.68671875 0.7125 0.02421875 0.04140625
1 0.48125 0.909375 0.07265625 0.0671875
1 0.4640625 0.96328125 0.07421875 0.0734375
1 0.27421875 0.934375 0.053125 0.0640625
1 0.303125 0.93984375 0.0359375 0.059375
1 0.4234375 0.7203125 0.0421875 0.04609375
1 0.540625 0.640625 0.02578125 0.05234375
1 0.565625 0.72265625 0.0375 0.040625
1 0.140625 0.05078125 0.04140625 0.040625