1 0.3515625 0.31953125 0.10703125 0.19375
1 0.26328125 0.17265625 0.08203125 0.1890625
1 0.5140625 0.40234375 0.06875 0.11484375
1 0.53515625 0.52109375 0.084375 0.09453125
1 0.85625 0.70234375 0.09921875 0.21328125
1 0.8359375 0.80546875 0.08984375 0.2015625
1 0.7734375 0.9125 0.0765625 0.16171875
1 0.78125 0.2921875 0.05546875 0.1609375
1 0.41640625 0.04921875 0.0703125 0.0984375
1 0.7375 0.715625 0.0578125 0.0796875
1 0.44375 0.50859375 0.0515625 0.0828125
1 0.11640625 0.76796875 0.05 0.153125
1 0.940625 0.83125 0.05546875 0.05234375
1 0.50234375 0.70546875 0.05 0.14296875