1 0.28828125 0.39296875 0.07421875 0.08203125
1 0.221875 0.31953125 0.03515625 0.046875
1 0.1828125 0.62734375 0.05 0.06640625
1 0.34921875 0.83828125 0.053125 0.08046875
1 0.40703125 0.825 0.0796875 0.08828125
1 0.42578125 0.6375 0.0515625 0.05546875
1 0.60703125 0.5796875 0.05390625 0.0609375
1 0.71640625 0.628125 0.08671875 0.1
1 0.7953125 0.684375 0.07109375 0.0875
1 0.82109375 0.82890625 0.05546875 0.0796875
1 0.96953125 0.8890625 0.0609375 0.075
1 0.9359375 0.9296875 0.05859375 0.06640625
1 0.8046875 0.61484375 0.0625 0.1
1 0.81328125 0.4578125 0.0578125 0.06171875
1 0.790625 0.34921875 0.04296875 0.04921875
1 0.203125 0.95390625 0.0375 0.053125
1 0.31875 0.6125 0.0515625 0.0671875