1 0.32734375 0.534375 0.06328125 0.10078125
1 0.2578125 0.48359375 0.0671875 0.09609375
1 0.18046875 0.45859375 0.0359375 0.05703125
1 0.07265625 0.509375 0.04375 0.0515625
1 0.51015625 0.659375 0.05546875 0.08515625
1 0.5 0.75078125 0.04609375 0.065625
1 0.546875 0.79296875 0.0484375 0.0703125
1 0.58203125 0.76640625 0.0328125 0.0484375
1 0.6390625 0.76953125 0.0578125 0.0390625
1 0.55078125 0.51484375 0.0609375 0.05703125
1 0.5609375 0.5671875 0.03984375 0.0546875
1 0.9734375 0.43203125 0.053125 0.09375
1 0.92265625 0.46015625 0.05390625 0.0703125
1 0.86640625 0.4484375 0.0640625 0.0734375
1 0.42109375 0.08515625 0.0640625 0.09375
1 0.4640625 0.69140625 0.03203125 0.05859375
1 0.41171875 0.65234375 0.0453125 0.065625
1 0.02578125 0.7015625 0.03515625 0.07890625
1 0.11875 0.74609375 0.0296875 0.06171875
1 0.078125 0.68046875 0.03359375 0.053125