1 0.3765625 0.18203125 0.1109375 0.16640625
1 0.4984375 0.4296875 0.10703125 0.15859375
1 0.37421875 0.446875 0.1296875 0.17890625
1 0.284375 0.56015625 0.13984375 0.15703125
1 0.584375 0.54140625 0.1171875 0.13828125
1 0.9515625 0.665625 0.096875 0.18125
1 0.77734375 0.83984375 0.125 0.1546875
1 0.6890625 0.73828125 0.10703125 0.1171875
1 0.60234375 0.69140625 0.1 0.12421875
1 0.521875 0.67109375 0.1 0.12421875
1 0.2546875 0.8828125 0.09296875 0.11484375
1 0.04921875 0.959375 0.08828125 0.08125
1 0.0375 0.8578125 0.06171875 0.10234375
1 0.40859375 0.684375 0.07578125 0.0984375