1 0.2828125 0.0796875 0.125 0.159375
1 0.16796875 0.35390625 0.05625 0.0796875
1 0.16953125 0.42578125 0.05 0.0640625
1 0.58046875 0.4609375 0.0984375 0.12421875
1 0.575 0.31171875 0.08828125 0.115625
1 0.66484375 0.40625 0.08046875 0.09140625
1 0.73515625 0.359375 0.053125 0.08125
1 0.73515625 0.24375 0.0828125 0.11796875
1 0.51953125 0.66640625 0.08359375 0.065625
1 0.45859375 0.67265625 0.06015625 0.06875
1 0.5890625 0.65703125 0.0578125 0.06796875
1 0.39296875 0.73046875 0.07890625 0.06953125
1 0.175 0.7859375 0.05234375 0.05
1 0.159375 0.8484375 0.0796875 0.08671875
1 0.83828125 0.878125 0.059375 0.06640625
1 0.984375 0.1171875 0.03125 0.15234375