1 0.609375 0.2296875 0.05625 0.10546875
1 0.90625 0.5640625 0.06328125 0.08125
1 0.94375 0.5828125 0.053125 0.07109375
1 0.7640625 0.65234375 0.08203125 0.07578125
1 0.7 0.6953125 0.06171875 0.071875
1 0.753125 0.8734375 0.071875 0.12890625
1 0.63125 0.78828125 0.0734375 0.08671875
1 0.3 0.75703125 0.11484375 0.11953125
1 0.228125 0.953125 0.05703125 0.0640625
1 0.8109375 0.25390625 0.04296875 0.053125
1 0.9375 0.4328125 0.0453125 0.08046875
1 0.96953125 0.521875 0.03984375 0.05
1 0.715625 0.0625 0.04453125 0.08515625