1 0.10859375 0.215625 0.08671875 0.15625
1 0.20234375 0.29609375 0.0890625 0.14375
1 0.33125 0.5484375 0.0921875 0.11328125
1 0.5203125 0.890625 0.09765625 0.109375
1 0.37734375 0.33515625 0.03984375 0.0890625
1 0.634375 0.88515625 0.02265625 0.03984375
1 0.62734375 0.60546875 0.04375 0.03984375
1 0.684375 0.54296875 0.02421875 0.04296875
1 0.71328125 0.57578125 0.03984375 0.05859375
1 0.70703125 0.484375 0.03828125 0.05859375
1 0.49609375 0.34140625 0.0296875 0.05078125
1 0.67421875 0.15234375 0.03828125 0.07578125
1 0.83828125 0.384375 0.04375 0.0640625
1 0.834375 0.43671875 0.05078125 0.03359375