1 0.9625 0.26015625 0.0625 0.08828125
1 0.971875 0.14140625 0.05625 0.09609375
1 0.81875 0.20703125 0.0609375 0.06640625
1 0.78046875 0.14609375 0.1203125 0.04765625
1 0.596875 0.3109375 0.0734375 0.0921875
1 0.66171875 0.30625 0.05 0.10546875
1 0.72421875 0.328125 0.04609375 0.08359375
1 0.74296875 0.41953125 0.0796875 0.0921875
1 0.62109375 0.45078125 0.0390625 0.0390625
1 0.67890625 0.43125 0.0359375 0.065625
1 0.571875 0.43515625 0.03125 0.04296875
1 0.525 0.51015625 0.08203125 0.0546875
1 0.48828125 0.58515625 0.0734375 0.071875
1 0.4421875 0.5078125 0.06875 0.0625
1 0.359375 0.42265625 0.071875 0.0828125
1 0.24765625 0.3984375 0.05390625 0.05234375
1 0.4171875 0.12265625 0.03515625 0.06171875
1 0.34609375 0.809375 0.08984375 0.08984375
1 0.44140625 0.646875 0.08203125 0.05546875
1 0.46875 0.71953125 0.07265625 0.0625
1 0.32578125 0.5546875 0.05 0.10234375
1 0.7921875 0.5359375 0.05 0.0578125
1 0.93359375 0.01953125 0.08828125 0.03515625