1 0.76171875 0.70625 0.13671875 0.14140625
1 0.7203125 0.49453125 0.096875 0.11171875
1 0.5796875 0.2171875 0.1296875 0.1609375
1 0.44609375 0.42109375 0.103125 0.2375
1 0.609375 0.95859375 0.184375 0.0828125
1 0.60078125 0.86171875 0.1078125 0.12109375
1 0.7109375 0.9 0.109375 0.14375
1 0.284375 0.83359375 0.1796875 0.17734375
1 0.04453125 0.50703125 0.0890625 0.1671875
1 0.090625 0.40546875 0.10703125 0.121875
1 0.88125 0.4921875 0.071875 0.13359375
1 0.97578125 0.5109375 0.04765625 0.11875
1 0.96796875 0.2 0.0640625 0.18515625
1 0.9515625 0.56953125 0.07890625 0.08125