1 0.48359375 0.15859375 0.18828125 0.22421875
1 0.4203125 0.675 0.13046875 0.17421875
1 0.5390625 0.740625 0.08046875 0.1078125
1 0.509375 0.84453125 0.0796875 0.1078125
1 0.58046875 0.83984375 0.09375 0.11015625
1 0.715625 0.965625 0.08203125 0.06875
1 0.46484375 0.93359375 0.0609375 0.09375
1 0.31640625 0.6375 0.09921875 0.17421875
1 0.1234375 0.5171875 0.19453125 0.26015625
1 0.13359375 0.728125 0.13984375 0.1421875
1 0.240625 0.56171875 0.05546875 0.1671875
1 0.20234375 0.36953125 0.1265625 0.1875
1 0.0328125 0.5921875 0.065625 0.14375