1 0.7921875 0.52265625 0.090625 0.1203125
1 0.85390625 0.6125 0.103125 0.13515625
1 0.878125 0.74375 0.10234375 0.14609375
1 0.82734375 0.84296875 0.09140625 0.09453125
1 0.78828125 0.7328125 0.1046875 0.11953125
1 0.7546875 0.81875 0.05859375 0.08359375
1 0.9640625 0.678125 0.0609375 0.08515625
1 0.9640625 0.746875 0.071875 0.08828125
1 0.646875 0.5890625 0.08359375 0.09296875
1 0.7125 0.53828125 0.09609375 0.103125
1 0.5890625 0.5390625 0.0734375 0.09453125
1 0.6484375 0.75546875 0.0765625 0.090625
1 0.6640625 0.69296875 0.0796875 0.0765625
1 0.5359375 0.83203125 0.090625 0.09921875
1 0.3953125 0.7859375 0.08125 0.1296875
1 0.309375 0.834375 0.075 0.125
1 0.34296875 0.93828125 0.0671875 0.0984375
1 0.41015625 0.90390625 0.07890625 0.12109375
1 0.12890625 0.88359375 0.06484375 0.128125
1 0.08046875 0.721875 0.103125 0.0828125
1 0.0203125 0.9453125 0.03984375 0.1015625
1 0.5734375 0.2 0.096875 0.07265625
1 0.59765625 0.12109375 0.0859375 0.090625
1 0.53359375 0.05 0.12265625 0.1
1 0.49375 0.15 0.06484375 0.084375