1 0.53828125 0.45 0.05 0.08515625
1 0.49375 0.44375 0.0453125 0.08125
1 0.52890625 0.53203125 0.0453125 0.09453125
1 0.30859375 0.53515625 0.04375 0.08203125
1 0.38671875 0.40546875 0.0453125 0.06328125
1 0.54296875 0.19375 0.04609375 0.0984375
1 0.5671875 0.2984375 0.0140625 0.09296875
1 0.4671875 0.21171875 0.02734375 0.0359375
1 0.32265625 0.2859375 0.05390625 0.07265625
1 0.61484375 0.02734375 0.07421875 0.05390625
1 0.753125 0.671875 0.0625 0.0765625
1 0.19375 0.11484375 0.02734375 0.02734375