1 0.94609375 0.23203125 0.09296875 0.09921875
1 0.89765625 0.25546875 0.05390625 0.0828125
1 0.97109375 0.378125 0.0578125 0.128125
1 0.9328125 0.47734375 0.10625 0.11328125
1 0.89296875 0.41171875 0.08515625 0.08359375
1 0.96328125 0.684375 0.0734375 0.075
1 0.934375 0.81328125 0.090625 0.1015625
1 0.8390625 0.746875 0.04609375 0.04765625
1 0.53515625 0.4703125 0.07890625 0.1046875
1 0.6171875 0.4578125 0.075 0.065625
1 0.39140625 0.28203125 0.07578125 0.09140625
1 0.39453125 0.07734375 0.06484375 0.0734375
1 0.30390625 0.253125 0.05625 0.0828125
1 0.34140625 0.27734375 0.04296875 0.0828125
1 0.38515625 0.50234375 0.08125 0.09296875
1 0.32734375 0.49296875 0.04140625 0.0375
1 0.28046875 0.48359375 0.08046875 0.09140625
1 0.23515625 0.5921875 0.07421875 0.09453125
1 0.16953125 0.659375 0.1078125 0.08984375
1 0.17421875 0.73828125 0.1046875 0.0578125
1 0.04140625 0.66171875 0.0609375 0.09140625
1 0.3234375 0.77109375 0.08203125 0.11875
1 0.4984375 0.86875 0.090625 0.13984375
1 0.5640625 0.7953125 0.05625 0.06015625
1 0.7828125 0.94296875 0.0546875 0.08515625
1 0.65625 0.98203125 0.059375 0.0359375
1 0.55703125 0.92890625 0.06953125 0.0609375
1 0.621875 0.63203125 0.04375 0.06328125
1 0.58046875 0.6109375 0.03984375 0.06953125