1 0.746875 0.33515625 0.12265625 0.1234375
1 0.7078125 0.2640625 0.0671875 0.09453125
1 0.803125 0.22578125 0.1234375 0.15078125
1 0.7546875 0.0609375 0.09609375 0.1046875
1 0.9546875 0.3015625 0.090625 0.1109375
1 0.8015625 0.68671875 0.115625 0.11875
1 0.66171875 0.6734375 0.0703125 0.115625
1 0.67578125 0.8046875 0.06015625 0.0984375
1 0.54140625 0.3296875 0.06953125 0.11328125
1 0.34921875 0.37421875 0.06875 0.12265625
1 0.1953125 0.18203125 0.08125 0.1015625
1 0.09609375 0.14921875 0.06484375 0.115625
1 0.23125 0.41171875 0.0890625 0.10234375
1 0.103125 0.40625 0.09453125 0.10078125
1 0.16484375 0.40546875 0.03671875 0.05078125
1 0.0546875 0.52421875 0.07265625 0.103125
1 0.01328125 0.590625 0.0265625 0.065625
1 0.02421875 0.64609375 0.03828125 0.10546875
1 0.18046875 0.70859375 0.09453125 0.12421875
1 0.4359375 0.7203125 0.071875 0.09375
1 0.503125 0.8390625 0.02578125 0.0765625
1 0.5515625 0.89375 0.0796875 0.10078125
1 0.3609375 0.8078125 0.04453125 0.06171875
1 0.83671875 0.5390625 0.07890625 0.08984375