1 0.084375 0.175 0.10546875 0.1296875
1 0.7578125 0.29140625 0.04921875 0.0703125
1 0.81953125 0.30859375 0.0625 0.06796875
1 0.79765625 0.3890625 0.10703125 0.11171875
1 0.9734375 0.43046875 0.053125 0.0890625
1 0.73359375 0.51328125 0.09609375 0.109375
1 0.15859375 0.4375 0.053125 0.075
1 0.2296875 0.47421875 0.05625 0.07578125
1 0.240625 0.55390625 0.07890625 0.06796875
1 0.22890625 0.63671875 0.1 0.0921875
1 0.1515625 0.58828125 0.084375 0.08828125
1 0.03984375 0.60703125 0.06640625 0.14375
1 0.09140625 0.60703125 0.0359375 0.0921875
1 0.5953125 0.55625 0.07578125 0.08828125
1 0.40703125 0.34765625 0.053125 0.053125
1 0.76171875 0.63359375 0.06171875 0.08515625
1 0.6859375 0.665625 0.0734375 0.109375
1 0.4921875 0.59375 0.04765625 0.0734375
1 0.49296875 0.7078125 0.05859375 0.0796875
1 0.4171875 0.70625 0.08515625 0.1078125
1 0.571875 0.79453125 0.04765625 0.06640625
1 0.59453125 0.8765625 0.053125 0.07890625
1 0.53828125 0.875 0.0640625 0.0921875
1 0.1265625 0.84375 0.0640625 0.0640625
1 0.084375 0.771875 0.0546875 0.05859375
1 0.1328125 0.68515625 0.03828125 0.06953125
1 0.4875 0.40625 0.04921875 0.07890625
1 0.5796875 0.15078125 0.053125 0.06953125
1 0.5578125 0.278125 0.0734375 0.084375
1 0.0484375 0.96875 0.046875 0.0625