1 0.80625 0.4578125 0.0921875 0.12421875
1 0.89375 0.48046875 0.06015625 0.084375
1 0.71796875 0.6734375 0.09765625 0.11875
1 0.5296875 0.78984375 0.0453125 0.0796875
1 0.35390625 0.62265625 0.07265625 0.08046875
1 0.45625 0.58828125 0.0484375 0.06015625
1 0.41796875 0.53203125 0.0296875 0.05390625
1 0.55625 0.4046875 0.04609375 0.071875
1 0.38671875 0.75 0.0328125 0.04140625
1 0.6828125 0.85234375 0.03828125 0.0546875
1 0.30234375 0.6796875 0.0765625 0.06171875
1 0.25859375 0.60546875 0.0265625 0.05703125
1 0.23671875 0.5203125 0.06796875 0.05703125
1 0.23046875 0.6046875 0.0390625 0.05546875
1 0.2859375 0.559375 0.04375 0.05
1 0.465625 0.18515625 0.08828125 0.075
1 0.33515625 0.2328125 0.0515625 0.04140625
1 0.09296875 0.4921875 0.04765625 0.06484375
1 0.0265625 0.4890625 0.053125 0.059375