1 0.97421875 0.2515625 0.0515625 0.06875
1 0.66640625 0.2609375 0.03125 0.06015625
1 0.86875 0.2015625 0.04609375 0.065625
1 0.85234375 0.7875 0.07265625 0.1015625
1 0.50078125 0.896875 0.07890625 0.08515625
1 0.28203125 0.68359375 0.07890625 0.0953125
1 0.21171875 0.5609375 0.06640625 0.090625
1 0.1828125 0.60390625 0.05625 0.0703125
1 0.128125 0.59921875 0.06953125 0.08203125
1 0.70234375 0.4125 0.0609375 0.06640625
1 0.5734375 0.36171875 0.0484375 0.065625
1 0.3171875 0.5421875 0.04296875 0.0578125
1 0.39453125 0.1984375 0.0421875 0.06484375