1 0.56796875 0.13203125 0.128125 0.13984375
1 0.45234375 0.0703125 0.07265625 0.0859375
1 0.4328125 0.215625 0.07109375 0.09921875
1 0.3265625 0.42734375 0.065625 0.08515625
1 0.5546875 0.51015625 0.053125 0.053125
1 0.59765625 0.59140625 0.096875 0.10859375
1 0.634375 0.6515625 0.07421875 0.06953125
1 0.67734375 0.60546875 0.0640625 0.0734375
1 0.10703125 0.6328125 0.0375 0.04296875
1 0.103125 0.6734375 0.046875 0.03359375
1 0.12734375 0.709375 0.046875 0.046875
1 0.821875 0.8921875 0.06484375 0.05390625
1 0.73671875 0.840625 0.0546875 0.06796875
1 0.33671875 0.6875 0.04453125 0.03984375
1 0.41640625 0.640625 0.03828125 0.0578125
1 0.265625 0.134375 0.040625 0.059375