1 0.45 0.12734375 0.14609375 0.19765625
1 0.27109375 0.159375 0.1875 0.25
1 0.09453125 0.48671875 0.1890625 0.2078125
1 0.24921875 0.33203125 0.1703125 0.11171875
1 0.64921875 0.434375 0.12890625 0.1328125
1 0.55859375 0.6234375 0.11171875 0.153125
1 0.67109375 0.6484375 0.1078125 0.12578125
1 0.5125 0.7328125 0.0734375 0.08984375
1 0.59609375 0.76953125 0.10703125 0.1140625
1 0.71484375 0.78203125 0.07421875 0.0890625
1 0.66875 0.890625 0.09609375 0.10078125
1 0.56484375 0.87109375 0.08203125 0.09140625
1 0.51640625 0.9484375 0.065625 0.0796875